   1:   0.0010  0.9933  0.0057  1
   2:   0.0041  0.9874  0.0085  1
   3:   0.0204  0.9631  0.0165  1
   4:   0.0020  0.9011  0.0969  1
   5:   0.0114  0.9664  0.0222  1
   6:   0.0052  0.9768  0.0180  1
   7:   0.0011  0.7157  0.2832  1
   8:   0.0031  0.9902  0.0067  1
   9:   0.0059  0.9487  0.0454  1
  10:   0.0061  0.9778  0.0161  1
  11:   0.0021  0.9712  0.0267  1
  12:   0.0096  0.9274  0.0630  1
  13:   0.0010  0.9864  0.0126  1
  14:   0.0029  0.9369  0.0602  1
  15:   0.0038  0.9685  0.0277  1
  16:   0.0173  0.9767  0.0060  1
  17:   0.0090  0.9221  0.0689  1
  18:   0.0033  0.9909  0.0058  1
  19:   0.0073  0.9664  0.0263  1
  20:   0.0010  0.9924  0.0066  1
  21:   0.0190  0.9642  0.0168  1
  22:   0.0010  0.9906  0.0084  1
  23:   0.0031  0.6736  0.3233  1
  24:   0.0010  0.9940  0.0050  1
  25:   0.0011  0.9959  0.0030  1
  26:   0.0010  0.9871  0.0119  1
  27:   0.0109  0.5770  0.4121  1
  28:   0.0019  0.7389  0.2592  1
  29:   0.0010  0.9767  0.0223  1
  30:   0.0075  0.9874  0.0051  1
  31:   0.0010  0.9502  0.0488  1
  32:   0.0247  0.9448  0.0305  1
  33:   0.0042  0.9753  0.0205  1
  34:   0.0073  0.8826  0.1101  1
  35:   0.0010  0.9642  0.0348  1
  36:   0.0364  0.9578  0.0058  1
  37:   0.0011  0.9844  0.0145  1
  38:   0.0010  0.9866  0.0124  1
  39:   0.0010  0.9929  0.0061  1
  40:   0.0020  0.9927  0.0053  1
  41:   0.0014  0.9774  0.0212  1
  42:   0.0051  0.9776  0.0173  1
  43:   0.0010  0.9952  0.0038  1
  44:   0.0020  0.8749  0.1231  1
  45:   0.0020  0.8723  0.1257  1
  46:   0.0010  0.9794  0.0196  1
  47:   0.0023  0.9827  0.0150  1
  48:   0.0011  0.9920  0.0069  1
  49:   0.0060  0.9222  0.0718  1
  50:   0.0010  0.8912  0.1078  1
  51:   0.0018  0.9791  0.0191  1
  52:   0.0010  0.9933  0.0057  1
  53:   0.0010  0.9870  0.0120  1
  54:   0.0010  0.9644  0.0346  1
  55:   0.0078  0.2559  0.7363  1
  56:   0.0019  0.9727  0.0254  1
  57:   0.0011  0.0798  0.9191  1
  58:   0.0029  0.9924  0.0047  1
  59:   0.0255  0.8370  0.1375  1
  60:   0.0342  0.9418  0.0240  1
  61:   0.0010  0.9857  0.0133  1
  62:   0.0053  0.9888  0.0059  1
  63:   0.0010  0.9710  0.0280  1
  64:   0.0010  0.9904  0.0086  1
  65:   0.0020  0.9253  0.0727  1
  66:   0.0010  0.9770  0.0220  1
  67:   0.0020  0.9903  0.0077  1
  68:   0.0031  0.9059  0.0910  1
  69:   0.0010  0.9744  0.0246  1
  70:   0.0237  0.9666  0.0097  1
  71:   0.0030  0.9765  0.0205  1
  72:   0.0223  0.9729  0.0048  1
  73:   0.0010  0.9771  0.0219  1
  74:   0.0010  0.9721  0.0269  1
  75:   0.0010  0.9696  0.0294  1
  76:   0.0010  0.9878  0.0112  1
  77:   0.0020  0.9489  0.0491  1
  78:   0.0010  0.7390  0.2600  1
  79:   0.0029  0.9392  0.0579  1
  80:   0.0010  0.9881  0.0109  1
  81:   0.0041  0.8919  0.1040  1
  82:   0.0093  0.9793  0.0114  1
  83:   0.0014  0.9893  0.0093  1
  84:   0.0046  0.9899  0.0055  1
  85:   0.0721  0.9159  0.0120  1
  86:   0.0010  0.9915  0.0075  1
  87:   0.0010  0.9694  0.0296  1
  88:   0.0033  0.9815  0.0152  1
  89:   0.0070  0.9552  0.0378  1
  90:   0.0032  0.9910  0.0058  1
  91:   0.0010  0.9952  0.0038  1
  92:   0.0127  0.9786  0.0087  1
  93:   0.0149  0.9770  0.0081  1
  94:   0.0020  0.9610  0.0370  1
  95:   0.0010  0.9943  0.0047  1
  96:   0.0010  0.9906  0.0084  1
  97:   0.0210  0.6116  0.3674  1
  98:   0.0020  0.9812  0.0168  1
  99:   0.0030  0.9346  0.0624  1
 100:   0.0020  0.8360  0.1620  1
 101:   0.0041  0.8832  0.1127  1
 102:   0.0102  0.9462  0.0436  1
 103:   0.0021  0.9950  0.0029  1
 104:   0.0020  0.9466  0.0514  1
 105:   0.0010  0.9223  0.0767  1
 106:   0.0230  0.8988  0.0782  1
 107:   0.0049  0.9875  0.0076  1
 108:   0.0010  0.9739  0.0251  1
 109:   0.0041  0.9871  0.0088  1
 110:   0.0019  0.5566  0.4415  1
 111:   0.0028  0.9562  0.0410  1
 112:   0.0021  0.9912  0.0067  1
 113:   0.0019  0.5165  0.4816  1
 114:   0.0032  0.9788  0.0180  1
 115:   0.0021  0.9700  0.0279  1
 116:   0.0081  0.9561  0.0358  1
 117:   0.0010  0.9877  0.0113  1
 118:   0.0021  0.9917  0.0062  1
 119:   0.0020  0.9344  0.0636  1
 120:   0.0010  0.9954  0.0036  1
 121:   0.0010  0.9637  0.0353  1
 122:   0.0039  0.9611  0.0350  1
 123:   0.0010  0.9951  0.0039  1
 124:   0.0020  0.9573  0.0407  1
 125:   0.0010  0.9960  0.0030  1
 126:   0.0020  0.8039  0.1941  1
 127:   0.0181  0.7587  0.2232  1
 128:   0.0010  0.9930  0.0060  1
 129:   0.0010  0.9900  0.0090  1
 130:   0.0089  0.9699  0.0212  1
 131:   0.0112  0.9760  0.0128  1
 132:   0.0071  0.9644  0.0285  1
 133:   0.0011  0.9898  0.0091  1
 134:   0.1306  0.8648  0.0046  1
 135:   0.0063  0.9770  0.0167  1
 136:   0.0160  0.9742  0.0098  1
 137:   0.0010  0.9813  0.0177  1
 138:   0.0010  0.9909  0.0081  1
 139:   0.0031  0.9615  0.0354  1
 140:   0.0068  0.9777  0.0155  1
 141:   0.0540  0.0735  0.8725  1
 142:   0.0021  0.9875  0.0104  1
 143:   0.0085  0.9591  0.0324  1
 144:   0.0010  0.9727  0.0263  1
 145:   0.0363  0.9495  0.0142  1
 146:   0.0085  0.9701  0.0214  1
 147:   0.0296  0.9633  0.0071  1
 148:   0.0010  0.9905  0.0085  1
 149:   0.0011  0.9833  0.0156  1
 150:   0.0010  0.9738  0.0252  1
 151:   0.0036  0.9810  0.0154  1
 152:   0.0021  0.9927  0.0052  1
 153:   0.0484  0.8404  0.1112  1
 154:   0.0010  0.9895  0.0095  1
 155:   0.0085  0.9773  0.0142  1
 156:   0.0010  0.9942  0.0048  1
 157:   0.0456  0.4615  0.4929  1
 158:   0.0029  0.9610  0.0361  1
 159:   0.0030  0.7163  0.2807  1
 160:   0.0011  0.9805  0.0184  1
 161:   0.0048  0.4637  0.5315  1
 162:   0.0063  0.9731  0.0206  1
 163:   0.0488  0.7609  0.1903  1
 164:   0.0020  0.9482  0.0498  1
 165:   0.0020  0.9896  0.0084  1
 166:   0.0011  0.9904  0.0085  1
 167:   0.0296  0.9583  0.0121  1
 168:   0.0107  0.9730  0.0163  1
 169:   0.0010  0.9942  0.0048  1
 170:   0.0030  0.9839  0.0131  1
 171:   0.0010  0.9828  0.0162  1
 172:   0.0010  0.9919  0.0071  1
 173:   0.0020  0.9746  0.0234  1
 174:   0.0020  0.9921  0.0059  1
 175:   0.0020  0.9841  0.0139  1
 176:   0.0062  0.9434  0.0504  1
 177:   0.0067  0.9441  0.0492  1
 178:   0.0020  0.9834  0.0146  1
 179:   0.0038  0.5687  0.4275  1
 180:   0.0020  0.9931  0.0049  1
 181:   0.0010  0.9906  0.0084  1
 182:   0.0020  0.9932  0.0048  1
 183:   0.0216  0.9744  0.0040  1
 184:   0.0010  0.9866  0.0124  1
 185:   0.0011  0.9629  0.0360  1
 186:   0.0011  0.9839  0.0150  1
 187:   0.0010  0.9874  0.0116  1
 188:   0.0030  0.9880  0.0090  1
 189:   0.0029  0.9897  0.0074  1
 190:   0.0010  0.9924  0.0066  1
 191:   0.0010  0.9834  0.0156  1
 192:   0.0133  0.9771  0.0096  1
 193:   0.0010  0.9746  0.0244  1
 194:   0.0041  0.9695  0.0264  1
 195:   0.0046  0.9742  0.0212  1
 196:   0.0020  0.4721  0.5259  1
 197:   0.0010  0.9554  0.0436  1
 198:   0.0020  0.9930  0.0050  1
 199:   0.0010  0.9734  0.0256  1
 200:   0.0538  0.9041  0.0421  1
 201:   0.0010  0.9828  0.0162  1
 202:   0.0010  0.9913  0.0077  1
 203:   0.0020  0.9903  0.0077  1
 204:   0.0020  0.9849  0.0131  1
 205:   0.0010  0.9922  0.0068  1
 206:   0.0010  0.9955  0.0035  1
 207:   0.0010  0.9905  0.0085  1
 208:   0.0010  0.9950  0.0040  1
 209:   0.0010  0.9960  0.0030  1
 210:   0.0010  0.9951  0.0039  1
 211:   0.0019  0.9518  0.0463  1
 212:   0.0010  0.9943  0.0047  1
 213:   0.0010  0.9929  0.0061  1
 214:   0.0031  0.5557  0.4412  1
 215:   0.0020  0.9950  0.0030  1
 216:   0.0010  0.9939  0.0051  1
 217:   0.0010  0.9491  0.0499  1
 218:   0.0011  0.9800  0.0189  1
 219:   0.0011  0.9806  0.0183  1
 220:   0.0010  0.9952  0.0038  1
 221:   0.0010  0.9851  0.0139  1
 222:   0.0010  0.9711  0.0279  1
 223:   0.0010  0.9821  0.0169  1
 224:   0.0010  0.9951  0.0039  1
 225:   0.0021  0.9903  0.0076  1
 226:   0.0010  0.9893  0.0097  1
 227:   0.0010  0.9852  0.0138  1
 228:   0.0020  0.9880  0.0100  1
 229:   0.0011  0.9969  0.0020  1
 230:   0.0020  0.8425  0.1555  1
 231:   0.0017  0.9871  0.0112  1
 232:   0.0020  0.9944  0.0036  1
 233:   0.0011  0.9941  0.0048  1
 234:   0.0010  0.9772  0.0218  1
 235:   0.0016  0.9857  0.0127  1
 236:   0.0010  0.2135  0.7855  1
 237:   0.0039  0.9827  0.0134  1
 238:   0.0010  0.9833  0.0157  1
 239:   0.0010  0.9969  0.0021  1
 240:   0.0028  0.7513  0.2459  1
 241:   0.0010  0.9815  0.0175  1
 242:   0.0010  0.9941  0.0049  1
 243:   0.0014  0.9938  0.0048  1
 244:   0.0010  0.9841  0.0149  1
 245:   0.0020  0.9670  0.0310  1
 246:   0.0010  0.9922  0.0068  1
 247:   0.0010  0.9936  0.0054  1
 248:   0.0020  0.9933  0.0047  1
 249:   0.0010  0.9936  0.0054  1
 250:   0.0010  0.9915  0.0075  1
 251:   0.0010  0.9768  0.0222  1
 252:   0.0010  0.9915  0.0075  1
 253:   0.0010  0.9762  0.0228  1
 254:   0.0010  0.9952  0.0038  1
 255:   0.0020  0.9951  0.0029  1
 256:   0.0010  0.9950  0.0040  1
 257:   0.0010  0.9883  0.0107  1
 258:   0.0020  0.9933  0.0047  1
 259:   0.0010  0.9811  0.0179  1
 260:   0.0012  0.9840  0.0148  1
 261:   0.0020  0.9875  0.0105  1
 262:   0.0010  0.9950  0.0040  1
 263:   0.0010  0.9926  0.0064  1
 264:   0.0010  0.9951  0.0039  1
 265:   0.0040  0.9891  0.0069  1
 266:   0.0010  0.9945  0.0045  1
 267:   0.0014  0.9726  0.0260  1
 268:   0.0020  0.9932  0.0048  1
 269:   0.0030  0.9827  0.0143  1
 270:   0.0020  0.9942  0.0038  1
 271:   0.0010  0.9923  0.0067  1
 272:   0.0020  0.9616  0.0364  1
 273:   0.0010  0.9902  0.0088  1
 274:   0.0020  0.9801  0.0179  1
 275:   0.0010  0.9883  0.0107  1
 276:   0.0010  0.9940  0.0050  1
 277:   0.0020  0.9909  0.0071  1
 278:   0.0017  0.9838  0.0145  1
 279:   0.0010  0.9961  0.0029  1
 280:   0.0010  0.9892  0.0098  1
 281:   0.0020  0.9925  0.0055  1
 282:   0.0010  0.9942  0.0048  1
 283:   0.0010  0.9889  0.0101  1
 284:   0.0010  0.9942  0.0048  1
 285:   0.0200  0.9640  0.0160  1
 286:   0.0019  0.9904  0.0077  1
 287:   0.0010  0.9748  0.0242  1
 288:   0.0020  0.9904  0.0076  1
 289:   0.0010  0.9942  0.0048  1
 290:   0.0010  0.9837  0.0153  1
 291:   0.0020  0.9842  0.0138  1
 292:   0.0010  0.9940  0.0050  1
 293:   0.0010  0.9952  0.0038  1
 294:   0.0010  0.9713  0.0277  1
 295:   0.0010  0.9899  0.0091  1
 296:   0.0010  0.9952  0.0038  1
 297:   0.0020  0.9577  0.0403  1
 298:   0.0010  0.9952  0.0038  1
 299:   0.0010  0.9939  0.0051  1
 300:   0.0010  0.9927  0.0063  1
 301:   0.0017  0.9889  0.0094  1
 302:   0.0018  0.9889  0.0093  1
 303:   0.0020  0.9839  0.0141  1
 304:   0.0020  0.9941  0.0039  1
 305:   0.0010  0.9878  0.0112  1
 306:   0.0011  0.9938  0.0051  1
 307:   0.0010  0.9412  0.0578  1
 308:   0.0062  0.9899  0.0039  1
 309:   0.0010  0.9942  0.0048  1
 310:   0.0010  0.9898  0.0092  1
 311:   0.0012  0.9897  0.0091  1
 312:   0.0010  0.9897  0.0093  1
 313:   0.0010  0.9937  0.0053  1
 314:   0.0010  0.9952  0.0038  1
 315:   0.0019  0.9868  0.0113  1
 316:   0.0010  0.9899  0.0091  1
 317:   0.0010  0.9912  0.0078  1
 318:   0.0010  0.9938  0.0052  1
 319:   0.0020  0.9949  0.0031  1
 320:   0.0010  0.8877  0.1113  1
 321:   0.0020  0.9798  0.0182  1
 322:   0.0020  0.9950  0.0030  1
 323:   0.0011  0.9883  0.0106  1
 324:   0.0010  0.9901  0.0089  1
 325:   0.0010  0.9838  0.0152  1
 326:   0.0010  0.9952  0.0038  1
 327:   0.0011  0.9938  0.0051  1
 328:   0.0013  0.9848  0.0139  1
 329:   0.0068  0.9804  0.0128  1
 330:   0.0030  0.9838  0.0132  1
 331:   0.0010  0.9940  0.0050  1
 332:   0.0020  0.9778  0.0202  1
 333:   0.0020  0.9950  0.0030  1
 334:   0.0029  0.9573  0.0398  1
 335:   0.0010  0.9841  0.0149  1
 336:   0.0010  0.9961  0.0029  1
 337:   0.0010  0.9901  0.0089  1
 338:   0.0010  0.9916  0.0074  1
 339:   0.0010  0.9952  0.0038  1
 340:   0.0010  0.9901  0.0089  1
 341:   0.0010  0.9932  0.0058  1
 342:   0.0010  0.9923  0.0067  1
 343:   0.0020  0.9911  0.0069  1
 344:   0.0010  0.9942  0.0048  1
 345:   0.0010  0.9943  0.0047  1
 346:   0.0010  0.9951  0.0039  1
 347:   0.0010  0.9898  0.0092  1
 348:   0.0010  0.9766  0.0224  1
 349:   0.0010  0.9951  0.0039  1
 350:   0.0020  0.9950  0.0030  1
 351:   0.0018  0.9924  0.0058  1
 352:   0.0010  0.9596  0.0394  1
 353:   0.0030  0.9884  0.0086  1
 354:   0.0017  0.9905  0.0078  1
 355:   0.0010  0.9812  0.0178  1
 356:   0.0010  0.9837  0.0153  1
 357:   0.0010  0.9906  0.0084  1
 358:   0.0010  0.9940  0.0050  1
 359:   0.0010  0.9626  0.0364  1
 360:   0.0049  0.9740  0.0211  1
 361:   0.0020  0.9865  0.0115  1
 362:   0.0010  0.9926  0.0064  1
 363:   0.0042  0.8986  0.0972  1
 364:   0.0010  0.9763  0.0227  1
 365:   0.0010  0.9572  0.0418  1
 366:   0.0010  0.9683  0.0307  1
 367:   0.0010  0.9838  0.0152  1
 368:   0.0024  0.9935  0.0041  1
 369:   0.0020  0.9932  0.0048  1
 370:   0.0010  0.9960  0.0030  1
 371:   0.0020  0.9933  0.0047  1
 372:   0.0030  0.9835  0.0135  1
 373:   0.0010  0.9929  0.0061  1
 374:   0.0010  0.9920  0.0070  1
 375:   0.0010  0.9649  0.0341  1
 376:   0.0010  0.9941  0.0049  1
 377:   0.0030  0.9873  0.0097  1
 378:   0.0020  0.9832  0.0148  1
 379:   0.0010  0.9673  0.0317  1
 380:   0.0010  0.9896  0.0094  1
 381:   0.0020  0.9459  0.0521  1
 382:   0.0031  0.9781  0.0188  1
 383:   0.0010  0.9960  0.0030  1
 384:   0.0010  0.9942  0.0048  1
 385:   0.0010  0.9933  0.0057  1
 386:   0.0010  0.9860  0.0130  1
 387:   0.0030  0.9791  0.0179  1
 388:   0.0012  0.9921  0.0067  1
 389:   0.0011  0.9866  0.0123  1
 390:   0.0010  0.9948  0.0042  1
 391:   0.0010  0.9833  0.0157  1
 392:   0.0010  0.9924  0.0066  1
 393:   0.0010  0.9932  0.0058  1
 394:   0.0010  0.9951  0.0039  1
 395:   0.0020  0.8896  0.1084  1
 396:   0.0029  0.9161  0.0810  1
 397:   0.0010  0.9831  0.0159  1
 398:   0.0010  0.9923  0.0067  1
 399:   0.0010  0.9952  0.0038  1
 400:   0.0010  0.9930  0.0060  1
 401:   0.0010  0.9858  0.0132  1
 402:   0.0019  0.9711  0.0270  1
 403:   0.0029  0.9896  0.0075  1
 404:   0.0010  0.9961  0.0029  1
 405:   0.0010  0.9951  0.0039  1
 406:   0.0020  0.9071  0.0909  1
 407:   0.0010  0.9920  0.0070  1
 408:   0.0020  0.9213  0.0767  1
 409:   0.0019  0.9802  0.0179  1
 410:   0.0010  0.9903  0.0087  1
 411:   0.0041  0.9906  0.0053  1
 412:   0.0010  0.9914  0.0076  1
 413:   0.0011  0.9931  0.0058  1
 414:   0.0010  0.9938  0.0052  1
 415:   0.0021  0.9894  0.0085  1
 416:   0.0010  0.9576  0.0414  1
 417:   0.0010  0.9875  0.0115  1
 418:   0.0010  0.9971  0.0019  1
 419:   0.0010  0.9868  0.0122  1
 420:   0.0010  0.9951  0.0039  1
 421:   0.0010  0.9929  0.0061  1
 422:   0.0010  0.9930  0.0060  1
 423:   0.0010  0.9961  0.0029  1
 424:   0.0010  0.9928  0.0062  1
 425:   0.0010  0.9915  0.0075  1
 426:   0.0020  0.9933  0.0047  1
 427:   0.0010  0.9952  0.0038  1
 428:   0.0020  0.9875  0.0105  1
 429:   0.0020  0.9803  0.0177  1
 430:   0.0042  0.9862  0.0096  1
 431:   0.0010  0.9848  0.0142  1
 432:   0.0010  0.8874  0.1116  1
 433:   0.0010  0.9950  0.0040  1
 434:   0.0010  0.9952  0.0038  1
 435:   0.0010  0.9840  0.0150  1
 436:   0.0039  0.9461  0.0500  1
 437:   0.0010  0.9951  0.0039  1
 438:   0.0019  0.9910  0.0071  1
 439:   0.0010  0.9911  0.0079  1
 440:   0.0029  0.9805  0.0166  1
 441:   0.0010  0.9838  0.0152  1
 442:   0.0020  0.9932  0.0048  1
 443:   0.0010  0.9020  0.0970  1
 444:   0.0020  0.9923  0.0057  1
 445:   0.0010  0.9951  0.0039  1
 446:   0.0010  0.9953  0.0037  1
 447:   0.0010  0.9949  0.0041  1
 448:   0.0010  0.9840  0.0150  1
 449:   0.0010  0.9857  0.0133  1
 450:   0.0010  0.9613  0.0377  1
 451:   0.0020  0.9896  0.0084  1
 452:   0.0010  0.9941  0.0049  1
 453:   0.0010  0.9862  0.0128  1
 454:   0.0010  0.9930  0.0060  1
 455:   0.0010  0.9970  0.0020  1
 456:   0.0010  0.9844  0.0146  1
 457:   0.0020  0.9914  0.0066  1
 458:   0.0010  0.9922  0.0068  1
 459:   0.0020  0.9922  0.0058  1
 460:   0.0010  0.9916  0.0074  1
 461:   0.0010  0.9790  0.0200  1
 462:   0.0010  0.9949  0.0041  1
 463:   0.0010  0.9450  0.0540  1
 464:   0.0010  0.9882  0.0108  1
 465:   0.0010  0.9872  0.0118  1
 466:   0.0042  0.9837  0.0121  1
 467:   0.0010  0.9841  0.0149  1
 468:   0.0011  0.9929  0.0060  1
 469:   0.0010  0.9961  0.0029  1
 470:   0.0010  0.9861  0.0129  1
 471:   0.0010  0.9898  0.0092  1
 472:   0.0020  0.9922  0.0058  1
 473:   0.0010  0.9856  0.0134  1
 474:   0.0031  0.9904  0.0065  1
 475:   0.0010  0.9843  0.0147  1
 476:   0.0010  0.9924  0.0066  1
 477:   0.0018  0.9865  0.0117  1
 478:   0.0020  0.9912  0.0068  1
 479:   0.0020  0.9849  0.0131  1
 480:   0.0029  0.9804  0.0167  1
 481:   0.0010  0.9933  0.0057  1
 482:   0.0010  0.9951  0.0039  1
 483:   0.0010  0.9882  0.0108  1
 484:   0.0010  0.9903  0.0087  1
 485:   0.0010  0.9940  0.0050  1
 486:   0.0010  0.9858  0.0132  1
 487:   0.0010  0.9961  0.0029  1
 488:   0.0020  0.9786  0.0194  1
 489:   0.0010  0.9877  0.0113  1
 490:   0.0020  0.9895  0.0085  1
 491:   0.0010  0.9961  0.0029  1
 492:   0.0012  0.9691  0.0297  1
 493:   0.0010  0.9942  0.0048  1
 494:   0.0010  0.9951  0.0039  1
 495:   0.0010  0.9942  0.0048  1
 496:   0.0010  0.9927  0.0063  1
 497:   0.0010  0.9801  0.0189  1
 498:   0.0010  0.9958  0.0032  1
 499:   0.0010  0.9914  0.0076  1
 500:   0.0020  0.9924  0.0056  1
 501:   0.0010  0.9952  0.0038  1
 502:   0.0020  0.9893  0.0087  1
 503:   0.0010  0.9951  0.0039  1
 504:   0.0010  0.9945  0.0045  1
 505:   0.0010  0.9934  0.0056  1
 506:   0.0010  0.9348  0.0642  1
 507:   0.0010  0.9943  0.0047  1
 508:   0.0020  0.1941  0.8039  1
 509:   0.0010  0.9932  0.0058  1
 510:   0.0010  0.9843  0.0147  1
 511:   0.0019  0.9367  0.0614  1
 512:   0.0010  0.9754  0.0236  1
 513:   0.0010  0.9904  0.0086  1
 514:   0.0021  0.9888  0.0091  1
 515:   0.0056  0.9738  0.0206  1
 516:   0.0010  0.9894  0.0096  1
 517:   0.0010  0.9952  0.0038  1
 518:   0.0020  0.9194  0.0786  1
 519:   0.0010  0.9960  0.0030  1
 520:   0.0010  0.9712  0.0278  1
 521:   0.0020  0.9932  0.0048  1
 522:   0.0010  0.9575  0.0415  1
 523:   0.0010  0.9942  0.0048  1
 524:   0.0010  0.9950  0.0040  1
 525:   0.0011  0.9939  0.0050  1
 526:   0.0020  0.9951  0.0029  1
 527:   0.0010  0.9850  0.0140  1
 528:   0.0010  0.9907  0.0083  1
 529:   0.0010  0.9806  0.0184  1
 530:   0.0010  0.9666  0.0324  1
 531:   0.0010  0.9877  0.0113  1
 532:   0.0010  0.9961  0.0029  1
 533:   0.0010  0.9920  0.0070  1
 534:   0.0020  0.9220  0.0760  1
 535:   0.0041  0.9752  0.0207  1
 536:   0.0010  0.9908  0.0082  1
 537:   0.0010  0.9951  0.0039  1
 538:   0.0010  0.9961  0.0029  1
 539:   0.0010  0.9936  0.0054  1
 540:   0.0020  0.9849  0.0131  1
 541:   0.0010  0.9866  0.0124  1
 542:   0.0010  0.9852  0.0138  1
 543:   0.0010  0.9889  0.0101  1
 544:   0.0010  0.9916  0.0074  1
 545:   0.0010  0.9950  0.0040  1
 546:   0.0010  0.9932  0.0058  1
 547:   0.0010  0.9935  0.0055  1
 548:   0.0010  0.9951  0.0039  1
 549:   0.0021  0.9940  0.0039  1
 550:   0.0020  0.9902  0.0078  1
 551:   0.0020  0.9239  0.0741  1
 552:   0.0030  0.9913  0.0057  1
 553:   0.0010  0.9961  0.0029  1
 554:   0.0063  0.9888  0.0049  1
 555:   0.0031  0.9943  0.0026  1
 556:   0.0051  0.9784  0.0165  1
 557:   0.0050  0.9893  0.0057  1
 558:   0.0020  0.9832  0.0148  1
 559:   0.0010  0.9736  0.0254  1
 560:   0.0011  0.9857  0.0132  1
 561:   0.0010  0.9917  0.0073  1
 562:   0.0010  0.9910  0.0080  1
 563:   0.0053  0.9908  0.0039  1
 564:   0.0010  0.9952  0.0038  1
 565:   0.0021  0.9949  0.0030  1
 566:   0.0010  0.9632  0.0358  1
 567:   0.0030  0.9931  0.0039  1
 568:   0.0010  0.9888  0.0102  1
 569:   0.0020  0.9843  0.0137  1
 570:   0.0030  0.9921  0.0049  1
 571:   0.0010  0.9952  0.0038  1
 572:   0.0031  0.9902  0.0067  1
 573:   0.0014  0.9910  0.0076  1
 574:   0.0392  0.9579  0.0029  1
 575:   0.0010  0.9900  0.0090  1
 576:   0.0010  0.9942  0.0048  1
 577:   0.0010  0.9138  0.0852  1
 578:   0.0020  0.9858  0.0122  1
 579:   0.0010  0.9961  0.0029  1
 580:   0.0010  0.9858  0.0132  1
 581:   0.0013  0.9943  0.0044  1
 582:   0.0011  0.9954  0.0035  1
 583:   0.0041  0.9903  0.0056  1
 584:   0.0010  0.9961  0.0029  1
 585:   0.0031  0.9921  0.0048  1
 586:   0.0010  0.9906  0.0084  1
 587:   0.0020  0.9931  0.0049  1
 588:   0.0010  0.9947  0.0043  1
 589:   0.0020  0.9924  0.0056  1
 590:   0.0010  0.9868  0.0122  1
 591:   0.0010  0.9899  0.0091  1
 592:   0.0010  0.9721  0.0269  1
 593:   0.0010  0.9901  0.0089  1
 594:   0.0010  0.9923  0.0067  1
 595:   0.0010  0.9853  0.0137  1
 596:   0.0010  0.9950  0.0040  1
 597:   0.0010  0.9950  0.0040  1
 598:   0.0010  0.9941  0.0049  1
 599:   0.0030  0.9852  0.0118  1
 600:   0.0010  0.9900  0.0090  1
 601:   0.0010  0.9949  0.0041  1
 602:   0.0010  0.9825  0.0165  1
 603:   0.0010  0.9932  0.0058  1
 604:   0.0010  0.9781  0.0209  1
 605:   0.0010  0.9958  0.0032  1
 606:   0.0042  0.9857  0.0101  1
 607:   0.0020  0.9760  0.0220  1
 608:   0.0011  0.9949  0.0040  1
 609:   0.0058  0.9721  0.0221  1
 610:   0.0020  0.9942  0.0038  1
 611:   0.0010  0.9938  0.0052  1
 612:   0.0010  0.9932  0.0058  1
 613:   0.0031  0.9884  0.0085  1
 614:   0.0020  0.9874  0.0106  1
 615:   0.0014  0.9927  0.0059  1
 616:   0.0010  0.9866  0.0124  1
 617:   0.0010  0.9942  0.0048  1
 618:   0.0020  0.9930  0.0050  1
 619:   0.0030  0.9825  0.0145  1
 620:   0.0010  0.9943  0.0047  1
 621:   0.0010  0.9932  0.0058  1
 622:   0.0058  0.9612  0.0330  1
 623:   0.0010  0.9943  0.0047  1
 624:   0.0072  0.9678  0.0250  1
 625:   0.0020  0.9802  0.0178  1
 626:   0.0010  0.9932  0.0058  1
 627:   0.0010  0.9942  0.0048  1
 628:   0.0010  0.9926  0.0064  1
 629:   0.0010  0.9917  0.0073  1
 630:   0.0010  0.9927  0.0063  1
 631:   0.0031  0.9928  0.0041  1
 632:   0.0030  0.9876  0.0094  1
 633:   0.0010  0.9950  0.0040  1
 634:   0.0041  0.9900  0.0059  1
 635:   0.0072  0.9870  0.0058  1
 636:   0.0020  0.9871  0.0109  1
 637:   0.0018  0.9793  0.0189  1
 638:   0.0010  0.9953  0.0037  1
 639:   0.0010  0.9933  0.0057  1
 640:   0.0010  0.9947  0.0043  1
 641:   0.0021  0.9950  0.0029  1
 642:   0.0010  0.9860  0.0130  1
 643:   0.0010  0.9933  0.0057  1
 644:   0.0010  0.9946  0.0044  1
 645:   0.0010  0.9964  0.0026  1
 646:   0.0010  0.9928  0.0062  1
 647:   0.0010  0.9887  0.0103  1
 648:   0.0029  0.9730  0.0241  1
 649:   0.0010  0.9820  0.0170  1
 650:   0.0010  0.9931  0.0059  1
 651:   0.0010  0.9941  0.0049  1
 652:   0.0010  0.9900  0.0090  1
 653:   0.0010  0.9768  0.0222  1
 654:   0.0010  0.9448  0.0542  1
 655:   0.0019  0.9674  0.0307  1
 656:   0.0010  0.9948  0.0042  1
 657:   0.0038  0.9685  0.0277  1
 658:   0.0010  0.9938  0.0052  1
 659:   0.0020  0.9923  0.0057  1
 660:   0.0010  0.9961  0.0029  1
 661:   0.0010  0.9710  0.0280  1
 662:   0.0041  0.9866  0.0093  1
 663:   0.0010  0.9839  0.0151  1
 664:   0.0093  0.9864  0.0043  1
 665:   0.0010  0.9598  0.0392  1
 666:   0.0094  0.9858  0.0048  1
 667:   0.0010  0.9939  0.0051  1
 668:   0.0010  0.9942  0.0048  1
 669:   0.0010  0.9915  0.0075  1
 670:   0.0020  0.9949  0.0031  1
 671:   0.0070  0.9866  0.0064  1
 672:   0.0010  0.9911  0.0079  1
 673:   0.0010  0.9933  0.0057  1
 674:   0.0017  0.9880  0.0103  1
 675:   0.0010  0.9549  0.0441  1
 676:   0.0041  0.9863  0.0096  1
 677:   0.0010  0.9941  0.0049  1
 678:   0.0020  0.9904  0.0076  1
 679:   0.0020  0.9910  0.0070  1
 680:   0.0010  0.9628  0.0362  1
 681:   0.0010  0.9907  0.0083  1
 682:   0.0010  0.9952  0.0038  1
 683:   0.0010  0.9943  0.0047  1
 684:   0.0010  0.9900  0.0090  1
 685:   0.0010  0.9923  0.0067  1
 686:   0.0010  0.9694  0.0296  1
 687:   0.0011  0.9932  0.0057  1
 688:   0.0010  0.9933  0.0057  1
 689:   0.0010  0.9708  0.0282  1
 690:   0.0010  0.9842  0.0148  1
 691:   0.0021  0.9940  0.0039  1
 692:   0.0010  0.9930  0.0060  1
 693:   0.0010  0.6571  0.3419  1
 694:   0.0010  0.9879  0.0111  1
 695:   0.0010  0.9952  0.0038  1
 696:   0.0010  0.9951  0.0039  1
 697:   0.0010  0.9922  0.0068  1
 698:   0.0010  0.9887  0.0103  1
 699:   0.0010  0.9897  0.0093  1
 700:   0.0010  0.9820  0.0170  1
 701:   0.0010  0.9951  0.0039  1
 702:   0.0010  0.9779  0.0211  1
 703:   0.0020  0.9922  0.0058  1
 704:   0.0011  0.9950  0.0039  1
 705:   0.0010  0.9913  0.0077  1
 706:   0.0026  0.9945  0.0029  1
 707:   0.0021  0.9931  0.0048  1
 708:   0.0020  0.9923  0.0057  1
 709:   0.0021  0.9682  0.0297  1
 710:   0.0010  0.9950  0.0040  1
 711:   0.0010  0.9833  0.0157  1
 712:   0.0010  0.9868  0.0122  1
 713:   0.0010  0.9448  0.0542  1
 714:   0.0010  0.9944  0.0046  1
 715:   0.0010  0.9933  0.0057  1
 716:   0.0010  0.9951  0.0039  1
 717:   0.0010  0.9887  0.0103  1
 718:   0.0021  0.9950  0.0029  1
 719:   0.0020  0.9671  0.0309  1
 720:   0.0020  0.9779  0.0201  1
 721:   0.0020  0.9245  0.0735  1
 722:   0.0010  0.9888  0.0102  1
 723:   0.0010  0.9839  0.0151  1
 724:   0.0010  0.9902  0.0088  1
 725:   0.0010  0.9711  0.0279  1
 726:   0.0020  0.9907  0.0073  1
 727:   0.0010  0.9926  0.0064  1
 728:   0.0010  0.9943  0.0047  1
 729:   0.0017  0.9943  0.0040  1
 730:   0.0059  0.9865  0.0076  1
 731:   0.0021  0.9596  0.0383  1
 732:   0.0011  0.9885  0.0104  1
 733:   0.0010  0.9907  0.0083  1
 734:   0.0010  0.9953  0.0037  1
 735:   0.0021  0.9808  0.0171  1
 736:   0.0020  0.9779  0.0201  1
 737:   0.0010  0.9903  0.0087  1
 738:   0.0010  0.9315  0.0675  1
 739:   0.0010  0.9927  0.0063  1
 740:   0.0015  0.9954  0.0031  1
 741:   0.0010  0.9942  0.0048  1
 742:   0.0020  0.9908  0.0072  1
 743:   0.0011  0.9939  0.0050  1
 744:   0.0021  0.9864  0.0115  1
 745:   0.0020  0.9493  0.0487  1
 746:   0.0010  0.9961  0.0029  1
 747:   0.0010  0.9939  0.0051  1
 748:   0.0010  0.9947  0.0043  1
 749:   0.0012  0.9921  0.0067  1
 750:   0.0010  0.9967  0.0023  1
 751:   0.0011  0.9921  0.0068  1
 752:   0.0020  0.9479  0.0501  1
 753:   0.0010  0.9919  0.0071  1
 754:   0.0011  0.9849  0.0140  1
 755:   0.0020  0.9484  0.0496  1
 756:   0.0011  0.9884  0.0105  1
 757:   0.0011  0.9932  0.0057  1
 758:   0.0011  0.9909  0.0080  1
 759:   0.0010  0.9910  0.0080  1
 760:   0.0010  0.9629  0.0361  1
 761:   0.0010  0.9868  0.0122  1
 762:   0.0010  0.9926  0.0064  1
 763:   0.0010  0.9942  0.0048  1
 764:   0.0010  0.9906  0.0084  1
 765:   0.0010  0.9911  0.0079  1
 766:   0.0010  0.9939  0.0051  1
 767:   0.0010  0.9932  0.0058  1
 768:   0.0011  0.9873  0.0116  1
 769:   0.0031  0.9843  0.0126  1
 770:   0.0020  0.9850  0.0130  1
 771:   0.0010  0.9950  0.0040  1
 772:   0.0020  0.9941  0.0039  1
 773:   0.0013  0.9752  0.0235  1
 774:   0.0020  0.9026  0.0954  1
 775:   0.0020  0.9939  0.0041  1
 776:   0.0010  0.9855  0.0135  1
 777:   0.0010  0.9933  0.0057  1
 778:   0.0011  0.9922  0.0067  1
 779:   0.0020  0.9941  0.0039  1
 780:   0.0010  0.5643  0.4347  1
 781:   0.0010  0.9962  0.0028  1
 782:   0.0020  0.9876  0.0104  1
 783:   0.0010  0.9759  0.0231  1
 784:   0.0020  0.9923  0.0057  1
 785:   0.0010  0.9915  0.0075  1
 786:   0.0010  0.9961  0.0029  1
 787:   0.0010  0.9932  0.0058  1
 788:   0.0010  0.9950  0.0040  1
 789:   0.0010  0.9908  0.0082  1
 790:   0.0010  0.9944  0.0046  1
 791:   0.0010  0.9951  0.0039  1
 792:   0.0010  0.9802  0.0188  1
 793:   0.0010  0.9960  0.0030  1
 794:   0.0010  0.9902  0.0088  1
 795:   0.0020  0.9895  0.0085  1
 796:   0.0010  0.9907  0.0083  1
 797:   0.0010  0.9930  0.0060  1
 798:   0.0010  0.4987  0.5003  1
 799:   0.0010  0.9484  0.0506  1
 800:   0.0096  0.9874  0.0030  1
 801:   0.0011  0.9966  0.0023  1
 802:   0.0010  0.9696  0.0294  1
 803:   0.0010  0.9943  0.0047  1
 804:   0.0077  0.9743  0.0180  1
 805:   0.0019  0.9361  0.0620  1
 806:   0.0031  0.9862  0.0107  1
 807:   0.0029  0.9824  0.0147  1
 808:   0.0041  0.9838  0.0121  1
 809:   0.0010  0.9943  0.0047  1
 810:   0.0010  0.9804  0.0186  1
 811:   0.0020  0.9721  0.0259  1
 812:   0.0010  0.9898  0.0092  1
 813:   0.0010  0.9927  0.0063  1
 814:   0.0010  0.9952  0.0038  1
 815:   0.0010  0.9815  0.0175  1
 816:   0.0010  0.9945  0.0045  1
 817:   0.0020  0.8347  0.1633  1
 818:   0.0010  0.9825  0.0165  1
 819:   0.0020  0.9925  0.0055  1
 820:   0.0010  0.9959  0.0031  1
 821:   0.0010  0.9904  0.0086  1
 822:   0.0010  0.9869  0.0121  1
 823:   0.0031  0.9815  0.0154  1
 824:   0.0015  0.9808  0.0177  1
 825:   0.0010  0.9819  0.0171  1
 826:   0.0040  0.9912  0.0048  1
 827:   0.0010  0.9934  0.0056  1
 828:   0.0010  0.9924  0.0066  1
 829:   0.0010  0.9897  0.0093  1
 830:   0.0010  0.9901  0.0089  1
 831:   0.0031  0.9940  0.0029  1
 832:   0.0010  0.9945  0.0045  1
 833:   0.0010  0.9961  0.0029  1
 834:   0.0059  0.9858  0.0083  1
 835:   0.0010  0.9604  0.0386  1
 836:   0.0010  0.9715  0.0275  1
 837:   0.0010  0.9951  0.0039  1
 838:   0.0010  0.9924  0.0066  1
 839:   0.0010  0.9919  0.0071  1
 840:   0.0010  0.9961  0.0029  1
 841:   0.0020  0.9839  0.0141  1
 842:   0.0010  0.9952  0.0038  1
 843:   0.0010  0.9941  0.0049  1
 844:   0.0010  0.9942  0.0048  1
 845:   0.0010  0.9946  0.0044  1
 846:   0.0011  0.9764  0.0225  1
 847:   0.0036  0.9921  0.0043  1
 848:   0.0010  0.9906  0.0084  1
 849:   0.0010  0.9894  0.0096  1
 850:   0.0010  0.9934  0.0056  1
 851:   0.0020  0.9931  0.0049  1
 852:   0.0010  0.9659  0.0331  1
 853:   0.0010  0.9941  0.0049  1
 854:   0.0010  0.9876  0.0114  1
 855:   0.0010  0.8441  0.1549  1
 856:   0.0020  0.9893  0.0087  1
 857:   0.0010  0.9519  0.0471  1
 858:   0.0010  0.9952  0.0038  1
 859:   0.0011  0.9967  0.0022  1
 860:   0.0010  0.9922  0.0068  1
 861:   0.0020  0.9635  0.0345  1
 862:   0.0038  0.9388  0.0574  1
 863:   0.0010  0.9943  0.0047  1
 864:   0.0010  0.9890  0.0100  1
 865:   0.0010  0.9923  0.0067  1
 866:   0.0010  0.9892  0.0098  1
 867:   0.0010  0.9903  0.0087  1
 868:   0.0010  0.9945  0.0045  1
 869:   0.0031  0.9917  0.0052  1
 870:   0.0010  0.9961  0.0029  1
 871:   0.0011  0.9877  0.0112  1
 872:   0.0010  0.9883  0.0107  1
 873:   0.0010  0.9922  0.0068  1
 874:   0.0020  0.9689  0.0291  1
 875:   0.0018  0.9935  0.0047  1
 876:   0.0010  0.9960  0.0030  1
 877:   0.0010  0.9950  0.0040  1
 878:   0.0010  0.9929  0.0061  1
 879:   0.0020  0.9086  0.0894  1
 880:   0.0010  0.9935  0.0055  1
 881:   0.0010  0.9914  0.0076  1
 882:   0.0010  0.9802  0.0188  1
 883:   0.0011  0.9949  0.0040  1
 884:   0.0020  0.9857  0.0123  1
 885:   0.0010  0.9950  0.0040  1
 886:   0.0010  0.9888  0.0102  1
 887:   0.0010  0.9614  0.0376  1
 888:   0.0019  0.9811  0.0170  1
 889:   0.0010  0.9935  0.0055  1
 890:   0.0010  0.9788  0.0202  1
 891:   0.0010  0.9951  0.0039  1
 892:   0.0042  0.9930  0.0028  1
 893:   0.0010  0.9961  0.0029  1
 894:   0.0010  0.9943  0.0047  1
 895:   0.0010  0.9933  0.0057  1
 896:   0.0020  0.9803  0.0177  1
 897:   0.0011  0.9946  0.0043  1
 898:   0.0010  0.9827  0.0163  1
 899:   0.0020  0.9941  0.0039  1
 900:   0.0010  0.9942  0.0048  1
 901:   0.0010  0.9944  0.0046  1
 902:   0.0072  0.9590  0.0338  1
 903:   0.0010  0.9864  0.0126  1
 904:   0.0010  0.9839  0.0151  1
 905:   0.0010  0.9941  0.0049  1
 906:   0.0010  0.9720  0.0270  1
 907:   0.0020  0.9932  0.0048  1
 908:   0.0010  0.9763  0.0227  1
 909:   0.0020  0.9935  0.0045  1
 910:   0.0010  0.9915  0.0075  1
 911:   0.0031  0.9920  0.0049  1
 912:   0.0010  0.9745  0.0245  1
 913:   0.0010  0.9932  0.0058  1
 914:   0.0020  0.9886  0.0094  1
 915:   0.0055  0.9914  0.0031  1
 916:   0.0010  0.9920  0.0070  1
 917:   0.0010  0.9609  0.0381  1
 918:   0.0010  0.9140  0.0850  1
 919:   0.0010  0.9943  0.0047  1
 920:   0.0019  0.9691  0.0290  1
 921:   0.0010  0.9175  0.0815  1
 922:   0.0010  0.9840  0.0150  1
 923:   0.0051  0.9910  0.0039  1
 924:   0.0030  0.9941  0.0029  1
 925:   0.0010  0.9937  0.0053  1
 926:   0.0010  0.9906  0.0084  1
 927:   0.0020  0.9906  0.0074  1
 928:   0.0010  0.9875  0.0115  1
 929:   0.0020  0.7388  0.2592  1
 930:   0.0010  0.9793  0.0197  1
 931:   0.0020  0.9136  0.0844  1
 932:   0.0010  0.9511  0.0479  1
 933:   0.0010  0.9798  0.0192  1
 934:   0.0010  0.9940  0.0050  1
 935:   0.0010  0.9928  0.0062  1
 936:   0.0010  0.9683  0.0307  1
 937:   0.0010  0.9670  0.0320  1
 938:   0.0049  0.9823  0.0128  1
 939:   0.0011  0.9951  0.0038  1
 940:   0.0020  0.9931  0.0049  1
 941:   0.0010  0.9940  0.0050  1
 942:   0.0011  0.9957  0.0032  1
 943:   0.0020  0.9857  0.0123  1
 944:   0.0010  0.9943  0.0047  1
 945:   0.0010  0.9751  0.0239  1
 946:   0.0308  0.9606  0.0086  1
 947:   0.0019  0.9507  0.0474  1
 948:   0.0020  0.9800  0.0180  1
 949:   0.0020  0.9859  0.0121  1
 950:   0.0010  0.9916  0.0074  1
 951:   0.0010  0.9872  0.0118  1
 952:   0.0010  0.9905  0.0085  1
 953:   0.0020  0.9570  0.0410  1
 954:   0.0010  0.9934  0.0056  1
 955:   0.0029  0.9813  0.0158  1
 956:   0.0010  0.8364  0.1626  1
 957:   0.0032  0.9939  0.0029  1
 958:   0.0020  0.8890  0.1090  1
 959:   0.0029  0.9766  0.0205  1
 960:   0.0010  0.9915  0.0075  1
 961:   0.0010  0.9951  0.0039  1
 962:   0.0011  0.9930  0.0059  1
 963:   0.0020  0.9916  0.0064  1
 964:   0.0010  0.9945  0.0045  1
 965:   0.0010  0.9938  0.0052  1
 966:   0.0020  0.9932  0.0048  1
 967:   0.0010  0.9913  0.0077  1
 968:   0.0010  0.9905  0.0085  1
 969:   0.0010  0.9804  0.0186  1
 970:   0.0013  0.9493  0.0494  1
 971:   0.0010  0.9958  0.0032  1
 972:   0.0010  0.9880  0.0110  1
 973:   0.0010  0.9961  0.0029  1
 974:   0.0039  0.8935  0.1026  1
 975:   0.0010  0.9960  0.0030  1
 976:   0.0010  0.9913  0.0077  1
 977:   0.0010  0.9878  0.0112  1
 978:   0.0052  0.9879  0.0069  1
 979:   0.0010  0.9930  0.0060  1
 980:   0.0010  0.9914  0.0076  1
 981:   0.0020  0.9937  0.0043  1
 982:   0.0020  0.9909  0.0071  1
 983:   0.0012  0.9922  0.0066  1
 984:   0.0017  0.9954  0.0029  1
 985:   0.0010  0.9950  0.0040  1
 986:   0.0010  0.9950  0.0040  1
 987:   0.0010  0.9710  0.0280  1
 988:   0.0010  0.9612  0.0378  1
 989:   0.0020  0.9782  0.0198  1
 990:   0.0020  0.9929  0.0051  1
 991:   0.0070  0.9044  0.0886  1
 992:   0.0020  0.9867  0.0113  1
 993:   0.0020  0.9923  0.0057  1
 994:   0.0010  0.9919  0.0071  1
 995:   0.0010  0.9884  0.0106  1
 996:   0.0010  0.9857  0.0133  1
 997:   0.0010  0.9933  0.0057  1
 998:   0.0011  0.9960  0.0029  1
 999:   0.0051  0.9865  0.0084  1
1000:   0.0010  0.9848  0.0142  1
1001:   0.0010  0.9961  0.0029  1
1002:   0.0030  0.9886  0.0084  1
1003:   0.0010  0.9951  0.0039  1
1004:   0.0020  0.9929  0.0051  1
1005:   0.0020  0.9920  0.0060  1
1006:   0.0010  0.9885  0.0105  1
1007:   0.0021  0.9922  0.0057  1
1008:   0.0010  0.9064  0.0926  1
1009:   0.0019  0.9927  0.0054  1
1010:   0.0010  0.9951  0.0039  1
1011:   0.0010  0.9921  0.0069  1
1012:   0.0030  0.9664  0.0306  1
1013:   0.0020  0.9639  0.0341  1
1014:   0.0019  0.9665  0.0316  1
1015:   0.0010  0.9882  0.0108  1
1016:   0.0020  0.9861  0.0119  1
1017:   0.0070  0.9665  0.0265  1
1018:   0.0010  0.9893  0.0097  1
1019:   0.0013  0.9920  0.0067  1
1020:   0.0010  0.9942  0.0048  1
1021:   0.0019  0.9870  0.0111  1
1022:   0.0010  0.9910  0.0080  1
1023:   0.0031  0.9927  0.0042  1
1024:   0.0010  0.9942  0.0048  1
1025:   0.0021  0.9920  0.0059  1
1026:   0.0029  0.9942  0.0029  1
1027:   0.0010  0.9914  0.0076  1
1028:   0.0010  0.9449  0.0541  1
1029:   0.0010  0.9942  0.0048  1
1030:   0.0010  0.9551  0.0439  1
1031:   0.0010  0.9851  0.0139  1
1032:   0.0011  0.9921  0.0068  1
1033:   0.0029  0.9903  0.0068  1
1034:   0.0010  0.9870  0.0120  1
1035:   0.0031  0.9921  0.0048  1
1036:   0.0010  0.9952  0.0038  1
1037:   0.0020  0.9305  0.0675  1
1038:   0.0010  0.9945  0.0045  1
1039:   0.0011  0.9942  0.0047  1
1040:   0.0010  0.9918  0.0072  1
1041:   0.0010  0.9919  0.0071  1
1042:   0.0028  0.9855  0.0117  1
1043:   0.0029  0.9795  0.0176  1
1044:   0.0020  0.9932  0.0048  1
1045:   0.0011  0.9924  0.0065  1
1046:   0.0010  0.9813  0.0177  1
1047:   0.0010  0.9911  0.0079  1
1048:   0.0010  0.9941  0.0049  1
1049:   0.0010  0.9943  0.0047  1
1050:   0.0010  0.9754  0.0236  1
1051:   0.0010  0.9943  0.0047  1
1052:   0.0010  0.9919  0.0071  1
1053:   0.0010  0.9850  0.0140  1
1054:   0.0010  0.9923  0.0067  1
1055:   0.0020  0.9941  0.0039  1
1056:   0.0010  0.9930  0.0060  1
1057:   0.0010  0.9951  0.0039  1
1058:   0.0010  0.9842  0.0148  1
1059:   0.0031  0.9831  0.0138  1
1060:   0.0031  0.9873  0.0096  1
1061:   0.0019  0.9760  0.0221  1
1062:   0.0010  0.9702  0.0288  1
1063:   0.0010  0.9831  0.0159  1
1064:   0.0010  0.9941  0.0049  1
1065:   0.0019  0.9803  0.0178  1
1066:   0.0010  0.9942  0.0048  1
1067:   0.0010  0.9836  0.0154  1
1068:   0.0010  0.9952  0.0038  1
1069:   0.0010  0.9941  0.0049  1
1070:   0.0010  0.9945  0.0045  1
1071:   0.0011  0.9948  0.0041  1
1072:   0.0031  0.9916  0.0053  1
1073:   0.0010  0.9940  0.0050  1
1074:   0.0010  0.9523  0.0467  1
1075:   0.0020  0.9893  0.0087  1
1076:   0.0010  0.9905  0.0085  1
1077:   0.0010  0.9950  0.0040  1
1078:   0.0010  0.9950  0.0040  1
1079:   0.0010  0.9811  0.0179  1
1080:   0.0010  0.2416  0.7574  1
1081:   0.0020  0.9951  0.0029  1
1082:   0.0078  0.9833  0.0089  1
1083:   0.0020  0.9882  0.0098  1
1084:   0.0020  0.9951  0.0029  1
1085:   0.0010  0.9912  0.0078  1
1086:   0.0010  0.9946  0.0044  1
1087:   0.0010  0.9935  0.0055  1
1088:   0.0010  0.9890  0.0100  1
1089:   0.0010  0.9952  0.0038  1
1090:   0.0392  0.6842  0.2766  1
1091:   0.0010  0.9920  0.0070  1
1092:   0.0211  0.9749  0.0040  1
1093:   0.0010  0.9822  0.0168  1
1094:   0.0020  0.9440  0.0540  1
1095:   0.0031  0.9902  0.0067  1
1096:   0.0025  0.9937  0.0038  1
1097:   0.0010  0.8504  0.1486  1
1098:   0.0010  0.9828  0.0162  1
1099:   0.0010  0.5691  0.4299  1
1100:   0.0010  0.9107  0.0883  1
1101:   0.0058  0.9821  0.0121  1
1102:   0.0010  0.9956  0.0034  1
1103:   0.0010  0.9894  0.0096  1
1104:   0.0019  0.9794  0.0187  1
1105:   0.0031  0.9930  0.0039  1
1106:   0.0016  0.9955  0.0029  1
1107:   0.0010  0.9961  0.0029  1
1108:   0.0010  0.9788  0.0202  1
1109:   0.0010  0.9880  0.0110  1
1110:   0.0010  0.9942  0.0048  1
1111:   0.0010  0.9920  0.0070  1
1112:   0.0010  0.8703  0.1287  1
1113:   0.0010  0.9927  0.0063  1
1114:   0.0020  0.9912  0.0068  1
1115:   0.0021  0.9931  0.0048  1
1116:   0.0010  0.9836  0.0154  1
1117:   0.0025  0.9932  0.0043  1
1118:   0.0010  0.9877  0.0113  1
1119:   0.0010  0.9931  0.0059  1
1120:   0.0010  0.9810  0.0180  1
1121:   0.0010  0.9905  0.0085  1
1122:   0.0010  0.9806  0.0184  1
1123:   0.0010  0.9624  0.0366  1
1124:   0.0010  0.9940  0.0050  1
1125:   0.0011  0.9950  0.0039  1
1126:   0.0010  0.9933  0.0057  1
1127:   0.0011  0.9949  0.0040  1
1128:   0.0010  0.9903  0.0087  1
1129:   0.0020  0.9612  0.0368  1
1130:   0.0031  0.9893  0.0076  1
1131:   0.0010  0.9696  0.0294  1
1132:   0.0010  0.9900  0.0090  1
1133:   0.0010  0.9941  0.0049  1
1134:   0.0010  0.9914  0.0076  1
1135:   0.0010  0.9662  0.0328  1
1136:   0.0020  0.9271  0.0709  1
1137:   0.0029  0.8013  0.1958  1
1138:   0.0042  0.9857  0.0101  1
1139:   0.0010  0.9711  0.0279  1
1140:   0.0030  0.9911  0.0059  1
1141:   0.0020  0.9922  0.0058  1
1142:   0.0010  0.9923  0.0067  1
1143:   0.0010  0.9765  0.0225  1
1144:   0.0010  0.9829  0.0161  1
1145:   0.0010  0.9961  0.0029  1
1146:   0.0010  0.9939  0.0051  1
1147:   0.0020  0.9857  0.0123  1
1148:   0.0010  0.9886  0.0104  1
1149:   0.0021  0.9940  0.0039  1
1150:   0.0010  0.9856  0.0134  1
1151:   0.0010  0.9298  0.0692  1
1152:   0.0019  0.9927  0.0054  1
1153:   0.0010  0.9934  0.0056  1
1154:   0.0020  0.9707  0.0273  1
1155:   0.0020  0.9863  0.0117  1
1156:   0.0020  0.9941  0.0039  1
1157:   0.0019  0.9893  0.0088  1
1158:   0.0019  0.9922  0.0059  1
1159:   0.0010  0.9877  0.0113  1
1160:   0.0010  0.9943  0.0047  1
1161:   0.0011  0.9914  0.0075  1
1162:   0.0020  0.9850  0.0130  1
1163:   0.0018  0.2122  0.7860  1
1164:   0.0010  0.9846  0.0144  1
1165:   0.0010  0.9942  0.0048  1
1166:   0.0029  0.9254  0.0717  1
1167:   0.0020  0.9721  0.0259  1
1168:   0.0020  0.9893  0.0087  1
1169:   0.0040  0.9855  0.0105  1
1170:   0.0010  0.9089  0.0901  1
1171:   0.0010  0.9906  0.0084  1
1172:   0.0016  0.9935  0.0049  1
1173:   0.0020  0.9913  0.0067  1
1174:   0.0010  0.9864  0.0126  1
1175:   0.0010  0.9884  0.0106  1
1176:   0.0011  0.9102  0.0887  1
1177:   0.0029  0.3294  0.6677  1
1178:   0.0010  0.9933  0.0057  1
1179:   0.0010  0.9458  0.0532  1
1180:   0.0010  0.9740  0.0250  1
1181:   0.0010  0.9894  0.0096  1
1182:   0.0019  0.9711  0.0270  1
1183:   0.0019  0.9342  0.0639  1
1184:   0.0033  0.9898  0.0069  1
1185:   0.0020  0.9779  0.0201  1
1186:   0.0010  0.4172  0.5818  1
1187:   0.0030  0.8711  0.1259  1
1188:   0.0010  0.9961  0.0029  1
1189:   0.0010  0.9884  0.0106  1
1190:   0.0011  0.9952  0.0037  1
1191:   0.0010  0.9910  0.0080  1
1192:   0.0020  0.9942  0.0038  1
1193:   0.0018  0.9836  0.0146  1
1194:   0.0010  0.9723  0.0267  1
1195:   0.0010  0.4608  0.5382  1
1196:   0.0011  0.9960  0.0029  1
1197:   0.0039  0.9911  0.0050  1
1198:   0.0010  0.9933  0.0057  1
1199:   0.0010  0.9741  0.0249  1
1200:   0.0010  0.9883  0.0107  1
1201:   0.0010  0.9802  0.0188  1
1202:   0.0010  0.9872  0.0118  1
1203:   0.0010  0.9869  0.0121  1
1204:   0.0010  0.9951  0.0039  1
1205:   0.0010  0.9530  0.0460  1
1206:   0.0020  0.9852  0.0128  1
1207:   0.0010  0.9875  0.0115  1
1208:   0.0010  0.9845  0.0145  1
1209:   0.0010  0.9961  0.0029  1
1210:   0.0010  0.9924  0.0066  1
1211:   0.0010  0.9925  0.0065  1
1212:   0.0037  0.9914  0.0049  1
1213:   0.0030  0.9630  0.0340  1
1214:   0.0010  0.9949  0.0041  1
1215:   0.0020  0.9923  0.0057  1
1216:   0.0020  0.9570  0.0410  1
1217:   0.0010  0.9869  0.0121  1
1218:   0.0020  0.9894  0.0086  1
1219:   0.0018  0.9687  0.0295  1
1220:   0.0030  0.3690  0.6280  1
1221:   0.0038  0.9356  0.0606  1
1222:   0.0020  0.9907  0.0073  1
1223:   0.0010  0.9935  0.0055  1
1224:   0.0010  0.9064  0.0926  1
1225:   0.0019  0.9318  0.0663  1
1226:   0.0010  0.9866  0.0124  1
1227:   0.0010  0.9878  0.0112  1
1228:   0.0030  0.9062  0.0908  1
1229:   0.0010  0.9958  0.0032  1
1230:   0.0010  0.9924  0.0066  1
1231:   0.0017  0.9522  0.0461  1
1232:   0.0010  0.9915  0.0075  1
1233:   0.0011  0.9959  0.0030  1
1234:   0.0010  0.9952  0.0038  1
1235:   0.0010  0.9960  0.0030  1
1236:   0.0010  0.9891  0.0099  1
1237:   0.0019  0.9874  0.0107  1
1238:   0.0010  0.9939  0.0051  1
1239:   0.0010  0.9897  0.0093  1
1240:   0.0022  0.1015  0.8963  1
1241:   0.1031  0.0740  0.8229  1
1242:   0.0010  0.0605  0.9385  1
1243:   0.0020  0.3471  0.6509  1
1244:   0.0010  0.0977  0.9013  1
1245:   0.0010  0.1130  0.8860  1
1246:   0.0029  0.1104  0.8867  1
1247:   0.0038  0.1320  0.8642  1
1248:   0.0020  0.1750  0.8230  1
1249:   0.0010  0.8715  0.1275  1
1250:   0.0029  0.1218  0.8753  1
1251:   0.0020  0.9388  0.0592  1
1252:   0.0426  0.1117  0.8457  1
1253:   0.0010  0.1152  0.8838  1
1254:   0.0099  0.1179  0.8722  1
1255:   0.0011  0.1261  0.8728  1
1256:   0.0018  0.1081  0.8901  1
1257:   0.0020  0.3258  0.6722  1
1258:   0.0029  0.1901  0.8070  1
1259:   0.0010  0.0985  0.9005  1
1260:   0.0010  0.7561  0.2429  1
1261:   0.0010  0.8329  0.1661  1
1262:   0.0010  0.1023  0.8967  1
1263:   0.0021  0.1409  0.8570  1
1264:   0.0010  0.1553  0.8437  1
1265:   0.0022  0.1035  0.8943  1
1266:   0.0092  0.6676  0.3232  1
1267:   0.0032  0.1231  0.8737  1
1268:   0.0010  0.0905  0.9085  1
1269:   0.0011  0.1493  0.8496  1
1270:   0.0010  0.7391  0.2599  1
1271:   0.0020  0.1344  0.8636  1
1272:   0.0011  0.1055  0.8934  1
1273:   0.0022  0.1027  0.8951  1
1274:   0.0020  0.1613  0.8367  1
1275:   0.0010  0.2045  0.7945  1
1276:   0.0010  0.9637  0.0353  1
1277:   0.0010  0.2628  0.7362  1
1278:   0.0019  0.1937  0.8044  1
1279:   0.0021  0.0981  0.8998  1
1280:   0.0011  0.1859  0.8130  1
1281:   0.0010  0.1213  0.8777  1
1282:   0.0020  0.7662  0.2318  1
1283:   0.0029  0.1337  0.8634  1
1284:   0.0029  0.2107  0.7864  1
1285:   0.0020  0.4256  0.5724  1
1286:   0.0011  0.0972  0.9017  1
1287:   0.0010  0.1550  0.8440  1
1288:   0.0011  0.1423  0.8566  1
1289:   0.0021  0.1070  0.8909  1
1290:   0.0010  0.7793  0.2197  1
1291:   0.0024  0.1552  0.8424  1
1292:   0.0020  0.2832  0.7148  1
1293:   0.0011  0.0594  0.9395  1
1294:   0.0010  0.3479  0.6511  1
1295:   0.0010  0.8429  0.1561  1
1296:   0.0010  0.1123  0.8867  1
1297:   0.0010  0.2150  0.7840  1
1298:   0.0010  0.3767  0.6223  1
1299:   0.0011  0.1018  0.8971  1
1300:   0.0010  0.5540  0.4450  1
1301:   0.0011  0.0986  0.9003  1
1302:   0.0011  0.1083  0.8906  1
1303:   0.0010  0.1677  0.8313  1
1304:   0.0010  0.1364  0.8626  1
1305:   0.0010  0.1186  0.8804  1
1306:   0.0021  0.1020  0.8959  1
1307:   0.0011  0.1386  0.8603  1
1308:   0.0010  0.1109  0.8881  1
1309:   0.0010  0.9570  0.0420  1
1310:   0.0020  0.1933  0.8047  1
1311:   0.0010  0.1606  0.8384  1
1312:   0.0020  0.1142  0.8838  1
1313:   0.0021  0.0971  0.9008  1
1314:   0.0020  0.1159  0.8821  1
1315:   0.0022  0.1056  0.8922  1
1316:   0.0032  0.1143  0.8825  1
1317:   0.0010  0.1278  0.8712  1
1318:   0.0020  0.1048  0.8932  1
1319:   0.0010  0.8581  0.1409  1
1320:   0.0041  0.6238  0.3721  1
1321:   0.0021  0.0938  0.9041  1
1322:   0.0019  0.9773  0.0208  1
1323:   0.0060  0.6383  0.3557  1
1324:   0.0010  0.7830  0.2160  1
1325:   0.0011  0.1072  0.8917  1
1326:   0.0010  0.1107  0.8883  1
1327:   0.0010  0.3861  0.6129  1
1328:   0.0010  0.1146  0.8844  1
1329:   0.0020  0.1904  0.8076  1
1330:   0.0010  0.1064  0.8926  1
1331:   0.0011  0.1073  0.8916  1
1332:   0.0010  0.2005  0.7985  1
1333:   0.0011  0.0973  0.9016  1
1334:   0.0010  0.1047  0.8943  1
1335:   0.0010  0.2047  0.7943  1
1336:   0.0011  0.1006  0.8983  1
1337:   0.0010  0.1067  0.8923  1
1338:   0.0011  0.1336  0.8653  1
1339:   0.0020  0.7043  0.2937  1
1340:   0.0010  0.1076  0.8914  1
1341:   0.0011  0.0783  0.9206  1
1342:   0.0020  0.1607  0.8373  1
1343:   0.0021  0.1227  0.8752  1
1344:   0.0020  0.1278  0.8702  1
1345:   0.0010  0.1487  0.8503  1
1346:   0.0029  0.9300  0.0671  1
1347:   0.0011  0.1073  0.8916  1
1348:   0.0010  0.1268  0.8722  1
1349:   0.0021  0.1106  0.8873  1
1350:   0.0010  0.1083  0.8907  1
1351:   0.0010  0.1433  0.8557  1
1352:   0.0010  0.1113  0.8877  1
1353:   0.0010  0.1410  0.8580  1
1354:   0.0010  0.3674  0.6316  1
1355:   0.0010  0.3777  0.6213  1
1356:   0.0011  0.0997  0.8992  1
1357:   0.0011  0.1169  0.8820  1
1358:   0.0011  0.1050  0.8939  1
1359:   0.0039  0.9813  0.0148  1
1360:   0.0010  0.1390  0.8600  1
1361:   0.0011  0.2779  0.7210  1
1362:   0.0010  0.1045  0.8945  1
1363:   0.0010  0.2698  0.7292  1
1364:   0.0011  0.1273  0.8716  1
1365:   0.0010  0.4198  0.5792  1
1366:   0.0010  0.1354  0.8636  1
1367:   0.0010  0.9086  0.0904  1
1368:   0.0011  0.1238  0.8751  1
1369:   0.0011  0.0747  0.9242  1
1370:   0.0010  0.4671  0.5319  1
1371:   0.0010  0.5989  0.4001  1
1372:   0.0010  0.1191  0.8799  1
1373:   0.0022  0.4285  0.5693  1
1374:   0.0022  0.1078  0.8900  1
1375:   0.0011  0.1115  0.8874  1
1376:   0.0010  0.2159  0.7831  1
1377:   0.0010  0.1454  0.8536  1
1378:   0.0010  0.1414  0.8576  1
1379:   0.0010  0.3461  0.6529  1
1380:   0.0011  0.1199  0.8790  1
1381:   0.0010  0.1778  0.8212  1
1382:   0.0010  0.1074  0.8916  1
1383:   0.0010  0.1058  0.8932  1
1384:   0.0010  0.1728  0.8262  1
1385:   0.0010  0.2084  0.7906  1
1386:   0.0010  0.1727  0.8263  1
1387:   0.0017  0.1176  0.8807  1
1388:   0.0010  0.1111  0.8879  1
1389:   0.0010  0.6198  0.3792  1
1390:   0.0030  0.5073  0.4897  1
1391:   0.0010  0.1024  0.8966  1
1392:   0.0011  0.1082  0.8907  1
1393:   0.0010  0.2544  0.7446  1
1394:   0.0011  0.2482  0.7507  1
1395:   0.0010  0.0670  0.9320  1
1396:   0.0010  0.3686  0.6304  1
1397:   0.0010  0.9675  0.0315  1
1398:   0.0010  0.3249  0.6741  1
1399:   0.0129  0.7363  0.2508  1
1400:   0.0020  0.1686  0.8294  1
1401:   0.0010  0.2118  0.7872  1
1402:   0.0010  0.1088  0.8902  1
1403:   0.0010  0.1011  0.8979  1
1404:   0.0010  0.9128  0.0862  1
1405:   0.0011  0.1062  0.8927  1
1406:   0.0010  0.5820  0.4170  1
1407:   0.0011  0.1005  0.8984  1
1408:   0.0016  0.1311  0.8673  1
1409:   0.0010  0.1141  0.8849  1
1410:   0.0076  0.1657  0.8267  1
1411:   0.0141  0.3150  0.6708  1
1412:   0.0010  0.9629  0.0361  1
1413:   0.0012  0.9388  0.0600  1
1414:   0.0014  0.4275  0.5711  1
1415:   0.0021  0.1136  0.8843  1
1416:   0.0035  0.1216  0.8749  1
1417:   0.0010  0.9453  0.0537  1
1418:   0.0011  0.1065  0.8924  1
1419:   0.0011  0.1026  0.8963  1
1420:   0.0010  0.1222  0.8768  1
1421:   0.0011  0.1023  0.8966  1
1422:   0.0011  0.1748  0.8241  1
1423:   0.0020  0.1141  0.8839  1
1424:   0.0010  0.1633  0.8357  1
1425:   0.0021  0.1166  0.8813  1
1426:   0.0020  0.0975  0.9005  1
1427:   0.0010  0.2054  0.7936  1
1428:   0.0010  0.1164  0.8826  1
1429:   0.0019  0.8311  0.1670  1
1430:   0.0011  0.1212  0.8777  1
1431:   0.0010  0.4212  0.5778  1
1432:   0.0010  0.1182  0.8808  1
1433:   0.0020  0.8127  0.1853  1
1434:   0.0011  0.1095  0.8894  1
1435:   0.0010  0.1125  0.8865  1
1436:   0.0010  0.1899  0.8091  1
1437:   0.0011  0.1052  0.8937  1
1438:   0.0010  0.9766  0.0224  1
1439:   0.0031  0.3609  0.6360  1
1440:   0.0020  0.1615  0.8365  1
1441:   0.0021  0.1048  0.8931  1
1442:   0.0010  0.9897  0.0093  1
1443:   0.0010  0.5014  0.4976  1
1444:   0.0011  0.1168  0.8821  1
1445:   0.0010  0.0892  0.9098  1
1446:   0.0011  0.1023  0.8966  1
1447:   0.0010  0.9821  0.0169  1
1448:   0.0020  0.9801  0.0179  1
1449:   0.0011  0.4184  0.5805  1
1450:   0.0011  0.1061  0.8928  1
1451:   0.0011  0.1245  0.8744  1
1452:   0.0010  0.2245  0.7745  1
1453:   0.0010  0.1047  0.8943  1
1454:   0.0010  0.0898  0.9092  1
1455:   0.0010  0.1140  0.8850  1
1456:   0.0010  0.2686  0.7304  1
1457:   0.0011  0.1094  0.8895  1
1458:   0.0010  0.1071  0.8919  1
1459:   0.0011  0.1402  0.8587  1
1460:   0.0010  0.1065  0.8925  1
1461:   0.0010  0.8038  0.1952  1
1462:   0.0010  0.9743  0.0247  1
1463:   0.0020  0.6304  0.3676  1
1464:   0.0020  0.1053  0.8927  1
1465:   0.0010  0.2169  0.7821  1
1466:   0.0010  0.0808  0.9182  1
1467:   0.0010  0.0926  0.9064  1
1468:   0.0011  0.1203  0.8786  1
1469:   0.0010  0.1618  0.8372  1
1470:   0.0010  0.9403  0.0587  1
1471:   0.0010  0.6509  0.3481  1
1472:   0.0020  0.1058  0.8922  1
1473:   0.0011  0.1522  0.8467  1
1474:   0.0011  0.1035  0.8954  1
1475:   0.0010  0.1092  0.8898  1
1476:   0.0010  0.0880  0.9110  1
1477:   0.0011  0.1886  0.8103  1
1478:   0.0010  0.1071  0.8919  1
1479:   0.0011  0.0997  0.8992  1
1480:   0.0019  0.1094  0.8887  1
1481:   0.0029  0.5402  0.4569  1
1482:   0.0010  0.1179  0.8811  1
1483:   0.0030  0.9469  0.0501  1
1484:   0.0011  0.1208  0.8781  1
1485:   0.0018  0.1137  0.8845  1
1486:   0.0010  0.1432  0.8558  1
1487:   0.0011  0.0955  0.9034  1
1488:   0.0057  0.1270  0.8673  1
1489:   0.0039  0.1007  0.8954  1
1490:   0.0010  0.1112  0.8878  1
1491:   0.0021  0.1142  0.8837  1
1492:   0.0011  0.1145  0.8844  1
1493:   0.0021  0.1991  0.7988  1
1494:   0.0010  0.7670  0.2320  1
1495:   0.0010  0.1341  0.8649  1
1496:   0.0011  0.1102  0.8887  1
1497:   0.0011  0.1185  0.8804  1
1498:   0.0010  0.1112  0.8878  1
1499:   0.0011  0.0913  0.9076  1
1500:   0.0010  0.9680  0.0310  1
1501:   0.0011  0.2817  0.7172  1
1502:   0.0010  0.1163  0.8827  1
1503:   0.0010  0.1063  0.8927  1
1504:   0.0010  0.1100  0.8890  1
1505:   0.0020  0.1082  0.8898  1
1506:   0.0022  0.1014  0.8964  1
1507:   0.0021  0.1110  0.8869  1
1508:   0.0020  0.8958  0.1022  1
1509:   0.0021  0.1060  0.8919  1
1510:   0.0010  0.1142  0.8848  1
1511:   0.0022  0.0908  0.9070  1
1512:   0.0020  0.1349  0.8631  1
1513:   0.0022  0.0965  0.9013  1
1514:   0.0010  0.2011  0.7979  1
1515:   0.0015  0.1050  0.8935  1
1516:   0.0010  0.5169  0.4821  1
1517:   0.0020  0.8867  0.1113  1
1518:   0.0021  0.1257  0.8722  1
1519:   0.0010  0.1107  0.8883  1
1520:   0.0010  0.1088  0.8902  1
1521:   0.0010  0.1688  0.8302  1
1522:   0.0010  0.1068  0.8922  1
1523:   0.0011  0.1129  0.8860  1
1524:   0.0023  0.0996  0.8981  1
1525:   0.0010  0.1057  0.8933  1
1526:   0.0010  0.1455  0.8535  1
1527:   0.0010  0.0831  0.9159  1
1528:   0.0020  0.1239  0.8741  1
1529:   0.0021  0.1843  0.8136  1
1530:   0.0011  0.1044  0.8945  1
1531:   0.0010  0.1369  0.8621  1
1532:   0.0010  0.1727  0.8263  1
1533:   0.0010  0.1118  0.8872  1
1534:   0.0020  0.1078  0.8902  1
1535:   0.0010  0.1302  0.8688  1
1536:   0.0012  0.1033  0.8955  1
1537:   0.0011  0.1123  0.8866  1
1538:   0.0010  0.1066  0.8924  1
1539:   0.0012  0.0730  0.9258  1
1540:   0.0022  0.1064  0.8914  1
1541:   0.0041  0.3126  0.6833  1
1542:   0.0020  0.1575  0.8405  1
1543:   0.0021  0.1111  0.8868  1
1544:   0.0010  0.1570  0.8420  1
1545:   0.0010  0.1225  0.8765  1
1546:   0.0029  0.7819  0.2152  1
1547:   0.0010  0.5065  0.4925  1
1548:   0.0011  0.1349  0.8640  1
1549:   0.0011  0.0976  0.9013  1
1550:   0.0010  0.1262  0.8728  1
1551:   0.0010  0.0988  0.9002  1
1552:   0.0020  0.1153  0.8827  1
1553:   0.0010  0.1383  0.8607  1
1554:   0.0021  0.1593  0.8386  1
1555:   0.0010  0.7391  0.2599  1
1556:   0.0049  0.1230  0.8721  1
1557:   0.0011  0.1075  0.8914  1
1558:   0.0011  0.1017  0.8972  1
1559:   0.0021  0.1114  0.8865  1
1560:   0.0020  0.1316  0.8664  1
1561:   0.0010  0.1387  0.8603  1
1562:   0.0010  0.1280  0.8710  1
1563:   0.0011  0.1711  0.8278  1
1564:   0.0011  0.4680  0.5309  1
1565:   0.0010  0.1225  0.8765  1
1566:   0.0011  0.2334  0.7655  1
1567:   0.0022  0.1292  0.8686  1
1568:   0.0021  0.1413  0.8566  1
1569:   0.0011  0.1146  0.8843  1
1570:   0.0011  0.1486  0.8503  1
1571:   0.0019  0.3218  0.6763  1
1572:   0.0030  0.1176  0.8794  1
1573:   0.0010  0.9527  0.0463  1
1574:   0.0022  0.1128  0.8850  1
1575:   0.0020  0.2127  0.7853  1
1576:   0.0011  0.0984  0.9005  1
1577:   0.0020  0.2233  0.7747  1
1578:   0.0020  0.2074  0.7906  1
1579:   0.0010  0.1760  0.8230  1
1580:   0.0021  0.3154  0.6825  1
1581:   0.0021  0.2238  0.7741  1
1582:   0.0010  0.0872  0.9118  1
1583:   0.0011  0.1108  0.8881  1
1584:   0.0020  0.1206  0.8774  1
1585:   0.0067  0.1137  0.8796  1
1586:   0.0010  0.1501  0.8489  1
1587:   0.0010  0.1631  0.8359  1
1588:   0.0010  0.1145  0.8845  1
1589:   0.0053  0.1512  0.8435  1
1590:   0.0010  0.2200  0.7790  1
1591:   0.0011  0.1195  0.8794  1
1592:   0.0010  0.1223  0.8767  1
1593:   0.0032  0.1583  0.8385  1
1594:   0.0010  0.1053  0.8937  1
1595:   0.0010  0.8195  0.1795  1
1596:   0.0010  0.1745  0.8245  1
1597:   0.0030  0.5194  0.4776  1
1598:   0.0019  0.2139  0.7842  1
1599:   0.0010  0.1195  0.8795  1
1600:   0.0234  0.2488  0.7278  1
1601:   0.0010  0.9104  0.0886  1
1602:   0.0052  0.1067  0.8881  1
1603:   0.0011  0.0944  0.9045  1
1604:   0.0086  0.1026  0.8888  1
1605:   0.0067  0.3222  0.6711  1
1606:   0.0086  0.1849  0.8065  1
1607:   0.0010  0.1189  0.8801  1
1608:   0.0011  0.0996  0.8993  1
1609:   0.0020  0.1135  0.8845  1
1610:   0.0011  0.0873  0.9116  1
1611:   0.0011  0.1080  0.8909  1
1612:   0.0010  0.2847  0.7143  1
1613:   0.0011  0.0979  0.9010  1
1614:   0.0300  0.4811  0.4889  1
1615:   0.0049  0.6603  0.3348  1
1616:   0.0026  0.1067  0.8907  1
1617:   0.0010  0.1338  0.8652  1
1618:   0.0044  0.1396  0.8560  1
1619:   0.0021  0.1863  0.8116  1
1620:   0.0010  0.1366  0.8624  1
1621:   0.0023  0.1005  0.8972  1
1622:   0.0010  0.3165  0.6825  1
1623:   0.0011  0.1201  0.8788  1
1624:   0.0010  0.1106  0.8884  1
1625:   0.0010  0.1070  0.8920  1
1626:   0.0022  0.1254  0.8724  1
1627:   0.0010  0.2244  0.7746  1
1628:   0.0010  0.1309  0.8681  1
1629:   0.0010  0.2193  0.7797  1
1630:   0.0019  0.9297  0.0684  1
1631:   0.0021  0.1743  0.8236  1
1632:   0.0011  0.1163  0.8826  1
1633:   0.0010  0.8740  0.1250  1
1634:   0.0021  0.1416  0.8563  1
1635:   0.0020  0.1383  0.8597  1
1636:   0.0010  0.1131  0.8859  1
1637:   0.0020  0.0522  0.9458  1
1638:   0.0022  0.0881  0.9097  1
1639:   0.0012  0.0511  0.9477  1
1640:   0.0020  0.7849  0.2131  1
1641:   0.0010  0.2963  0.7027  1
1642:   0.0011  0.0895  0.9094  1
1643:   0.0010  0.5411  0.4579  1
1644:   0.0011  0.1038  0.8951  1
1645:   0.0010  0.1185  0.8805  1
1646:   0.0034  0.1120  0.8846  1
1647:   0.0011  0.1266  0.8723  1
1648:   0.0011  0.0409  0.9580  1
1649:   0.0030  0.1938  0.8032  1
1650:   0.9960  0.0020  0.0020  1
1651:   0.9959  0.0020  0.0021  1
1652:   0.9980  0.0010  0.0010  1
1653:   0.9979  0.0011  0.0010  1
1654:   0.9980  0.0010  0.0010  1
1655:   0.9980  0.0010  0.0010  1
1656:   0.9959  0.0020  0.0021  1
1657:   0.9960  0.0020  0.0020  1
1658:   0.9881  0.0062  0.0057  1
1659:   0.9959  0.0021  0.0020  1
1660:   0.9980  0.0010  0.0010  1
1661:   0.9970  0.0020  0.0010  1
1662:   0.9961  0.0020  0.0019  1
1663:   0.9869  0.0081  0.0050  1
1664:   0.9920  0.0041  0.0039  1
1665:   0.9915  0.0046  0.0039  1
1666:   0.9950  0.0020  0.0030  1
1667:   0.9956  0.0024  0.0020  1
1668:   0.9844  0.0106  0.0050  1
1669:   0.9271  0.0567  0.0162  1
1670:   0.0025  0.0954  0.9021  1
1671:   0.9970  0.0011  0.0019  1
1672:   0.9948  0.0020  0.0032  1
1673:   0.9931  0.0039  0.0030  1
1674:   0.9932  0.0030  0.0038  1
1675:   0.9980  0.0010  0.0010  1
1676:   0.0011  0.0580  0.9409  1
1677:   0.0038  0.1039  0.8923  1
1678:   0.2215  0.1695  0.6090  1
1679:   0.0010  0.1906  0.8084  1
1680:   0.0011  0.1282  0.8707  1
1681:   0.0011  0.0931  0.9058  1
1682:   0.0011  0.0068  0.9921  1
1683:   0.0011  0.0184  0.9805  1
1684:   0.0010  0.0799  0.9191  1
1685:   0.0011  0.1361  0.8628  1
1686:   0.0020  0.0952  0.9028  1
1687:   0.0020  0.0266  0.9714  1
1688:   0.0011  0.0918  0.9071  1
1689:   0.0010  0.0278  0.9712  1
1690:   0.0010  0.0065  0.9925  1
1691:   0.0020  0.0707  0.9273  1
1692:   0.0010  0.1524  0.8466  1
1693:   0.0019  0.1378  0.8603  1
1694:   0.0031  0.1062  0.8907  1
1695:   0.0010  0.0786  0.9204  1
1696:   0.0020  0.0966  0.9014  1
1697:   0.0029  0.0265  0.9706  1
1698:   0.0020  0.6954  0.3026  1
1699:   0.0010  0.0172  0.9818  1
1700:   0.0010  0.2632  0.7358  1
1701:   0.0019  0.0020  0.9961  1
1702:   0.0010  0.0040  0.9950  1
1703:   0.0032  0.0175  0.9793  1
1704:   0.0011  0.0369  0.9620  1
1705:   0.0028  0.1048  0.8924  1
1706:   0.0011  0.0326  0.9663  1
1707:   0.0010  0.3360  0.6630  1
1708:   0.0010  0.3144  0.6846  1
1709:   0.0021  0.1157  0.8822  1
1710:   0.0011  0.0219  0.9770  1
1711:   0.0020  0.1197  0.8783  1
1712:   0.0020  0.0408  0.9572  1
1713:   0.0010  0.1253  0.8737  1
1714:   0.0020  0.0889  0.9091  1
1715:   0.0020  0.1119  0.8861  1
1716:   0.0020  0.0264  0.9716  1
1717:   0.0010  0.0131  0.9859  1
1718:   0.0011  0.0357  0.9632  1
1719:   0.0029  0.7186  0.2785  1
1720:   0.0010  0.0992  0.8998  1
1721:   0.0023  0.0855  0.9122  1
1722:   0.0020  0.7797  0.2183  1
1723:   0.0010  0.0993  0.8997  1
1724:   0.0010  0.0523  0.9467  1
1725:   0.0022  0.0505  0.9473  1
1726:   0.0010  0.1391  0.8599  1
1727:   0.0010  0.0642  0.9348  1
1728:   0.0010  0.0593  0.9397  1
1729:   0.0011  0.1297  0.8692  1
1730:   0.0010  0.0567  0.9423  1
1731:   0.0010  0.0043  0.9947  1
1732:   0.0011  0.0827  0.9162  1
1733:   0.0017  0.1976  0.8007  1
1734:   0.0010  0.0501  0.9489  1
1735:   0.0010  0.8326  0.1664  1
1736:   0.0011  0.1013  0.8976  1
1737:   0.0020  0.0743  0.9237  1
1738:   0.0010  0.3065  0.6925  1
1739:   0.0020  0.0869  0.9111  1
1740:   0.0023  0.0118  0.9859  1
1741:   0.0022  0.0753  0.9225  1
1742:   0.0021  0.0433  0.9546  1
1743:   0.0029  0.0052  0.9919  1
1744:   0.0020  0.4016  0.5964  1
1745:   0.0010  0.0064  0.9926  1
1746:   0.0022  0.0564  0.9414  1
1747:   0.0028  0.0058  0.9914  1
1748:   0.0011  0.7237  0.2752  1
1749:   0.0011  0.0720  0.9269  1
1750:   0.0010  0.1093  0.8897  1
1751:   0.0010  0.1701  0.8289  1
1752:   0.0010  0.3333  0.6657  1
1753:   0.0050  0.1210  0.8740  1
1754:   0.0039  0.1135  0.8826  1
1755:   0.0010  0.0287  0.9703  1
1756:   0.0010  0.1152  0.8838  1
1757:   0.0575  0.0530  0.8895  1
1758:   0.0011  0.0559  0.9430  1
1759:   0.0011  0.0467  0.9522  1
1760:   0.0012  0.0159  0.9829  1
1761:   0.0010  0.0191  0.9799  1
1762:   0.0022  0.0346  0.9632  1
1763:   0.0040  0.0553  0.9407  1
1764:   0.0025  0.0983  0.8992  1
1765:   0.0019  0.0806  0.9175  1
1766:   0.0011  0.0447  0.9542  1
1767:   0.0016  0.0619  0.9365  1
1768:   0.0010  0.0768  0.9222  1
1769:   0.0011  0.1037  0.8952  1
1770:   0.0041  0.0378  0.9581  1
1771:   0.0020  0.0941  0.9039  1
1772:   0.0032  0.1236  0.8732  1
1773:   0.0010  0.0222  0.9768  1
1774:   0.0010  0.6218  0.3772  1
1775:   0.0010  0.3985  0.6005  1
1776:   0.0020  0.0677  0.9303  1
1777:   0.0020  0.0548  0.9432  1
1778:   0.0011  0.0602  0.9387  1
1779:   0.0033  0.0216  0.9751  1
1780:   0.0010  0.0898  0.9092  1
1781:   0.0069  0.0283  0.9648  1
1782:   0.0011  0.0385  0.9604  1
1783:   0.0010  0.1026  0.8964  1
1784:   0.0011  0.0369  0.9620  1
1785:   0.0010  0.0611  0.9379  1
1786:   0.0031  0.0456  0.9513  1
1787:   0.0022  0.1668  0.8310  1
1788:   0.0010  0.8119  0.1871  1
1789:   0.0011  0.0926  0.9063  1
1790:   0.0021  0.0476  0.9503  1
1791:   0.0010  0.1378  0.8612  1
1792:   0.0117  0.0031  0.9852  1
1793:   0.0031  0.0267  0.9702  1
1794:   0.0010  0.0183  0.9807  1
1795:   0.0016  0.1384  0.8600  1
1796:   0.0010  0.1406  0.8584  1
1797:   0.0012  0.0793  0.9195  1
1798:   0.0020  0.1329  0.8651  1
1799:   0.0036  0.6406  0.3558  1
1800:   0.0021  0.0559  0.9420  1
1801:   0.0020  0.1878  0.8102  1
1802:   0.0011  0.1395  0.8594  1
1803:   0.0020  0.0616  0.9364  1
1804:   0.0010  0.0762  0.9228  1
1805:   0.0012  0.0447  0.9541  1
1806:   0.0011  0.0222  0.9767  1
1807:   0.0010  0.0589  0.9401  1
1808:   0.0020  0.0148  0.9832  1
1809:   0.0040  0.0808  0.9152  1
1810:   0.0022  0.1088  0.8890  1
1811:   0.0010  0.0648  0.9342  1
1812:   0.0150  0.8638  0.1212  1
1813:   0.0021  0.0559  0.9420  1
1814:   0.0010  0.0494  0.9496  1
1815:   0.0034  0.0800  0.9166  1
1816:   0.0021  0.0611  0.9368  1
1817:   0.0020  0.0880  0.9100  1
1818:   0.0011  0.1044  0.8945  1
1819:   0.0015  0.0066  0.9919  1
1820:   0.0020  0.0520  0.9460  1
1821:   0.0011  0.0558  0.9431  1
1822:   0.0010  0.8273  0.1717  1
1823:   0.0036  0.0717  0.9247  1
1824:   0.0022  0.0057  0.9921  1
1825:   0.0030  0.0733  0.9237  1
1826:   0.0189  0.0903  0.8908  1
1827:   0.0011  0.0091  0.9898  1
1828:   0.0018  0.1083  0.8899  1
1829:   0.0093  0.1024  0.8883  1
1830:   0.0011  0.0992  0.8997  1
1831:   0.0020  0.0770  0.9210  1
1832:   0.0010  0.0554  0.9436  1
1833:   0.0010  0.0443  0.9547  1
1834:   0.0010  0.0265  0.9725  1
1835:   0.0011  0.0400  0.9589  1
1836:   0.0020  0.5091  0.4889  1
1837:   0.0020  0.1052  0.8928  1
1838:   0.0011  0.2543  0.7446  1
1839:   0.0010  0.0034  0.9956  1
1840:   0.0010  0.1115  0.8875  1
1841:   0.0010  0.0185  0.9805  1
1842:   0.0010  0.0503  0.9487  1
1843:   0.0901  0.0532  0.8567  1
1844:   0.0040  0.0845  0.9115  1
1845:   0.0010  0.1210  0.8780  1
1846:   0.0010  0.0077  0.9913  1
1847:   0.9980  0.0010  0.0010  1
1848:   0.9970  0.0010  0.0020  1
1849:   0.0020  0.1063  0.8917  1
1850:   0.9960  0.0020  0.0020  1
1851:   0.9940  0.0040  0.0020  1
1852:   0.9969  0.0020  0.0011  1
1853:   0.9970  0.0020  0.0010  1
1854:   0.9943  0.0026  0.0031  1
1855:   0.9980  0.0010  0.0010  1
1856:   0.9865  0.0030  0.0105  1
1857:   0.9980  0.0010  0.0010  1
1858:   0.9980  0.0010  0.0010  1
1859:   0.9949  0.0021  0.0030  1
1860:   0.9980  0.0010  0.0010  1
1861:   0.9941  0.0030  0.0029  1
1862:   0.9960  0.0020  0.0020  1
1863:   0.9980  0.0010  0.0010  1
1864:   0.9961  0.0020  0.0019  1
1865:   0.9970  0.0011  0.0019  1
1866:   0.9904  0.0030  0.0066  1
1867:   0.9980  0.0010  0.0010  1
1868:   0.9919  0.0041  0.0040  1
1869:   0.9980  0.0010  0.0010  1
1870:   0.9959  0.0021  0.0020  1
1871:   0.0084  0.0022  0.9894  1
1872:   0.0010  0.0030  0.9960  1
1873:   0.0010  0.0692  0.9298  1
1874:   0.0038  0.0030  0.9932  1
1875:   0.0010  0.0046  0.9944  1
1876:   0.0014  0.0020  0.9966  1
1877:   0.0017  0.0075  0.9908  1
1878:   0.0056  0.0030  0.9914  1
1879:   0.0010  0.0029  0.9961  1
1880:   0.0028  0.0073  0.9899  1
1881:   0.0010  0.0039  0.9951  1
1882:   0.0010  0.0050  0.9940  1
1883:   0.0036  0.0021  0.9943  1
1884:   0.0010  0.0029  0.9961  1
1885:   0.0010  0.0030  0.9960  1
1886:   0.0010  0.0049  0.9941  1
1887:   0.0020  0.0032  0.9948  1
1888:   0.0010  0.0030  0.9960  1
1889:   0.0010  0.0029  0.9961  1
1890:   0.0010  0.0030  0.9960  1
1891:   0.0010  0.0030  0.9960  1
1892:   0.0010  0.0032  0.9958  1
1893:   0.0029  0.0054  0.9917  1
1894:   0.0020  0.0030  0.9950  1
1895:   0.0010  0.0057  0.9933  1
1896:   0.0022  0.0473  0.9505  1
1897:   0.0044  0.0040  0.9916  1
1898:   0.0010  0.0079  0.9911  1
1899:   0.0049  0.0112  0.9839  1
1900:   0.0014  0.0031  0.9955  1
1901:   0.0114  0.0032  0.9854  1
1902:   0.0029  0.0052  0.9919  1
1903:   0.0010  0.0030  0.9960  1
1904:   0.0010  0.0078  0.9912  1
1905:   0.0029  0.0039  0.9932  1
1906:   0.0026  0.0030  0.9944  1
1907:   0.0019  0.0029  0.9952  1
1908:   0.0010  0.0020  0.9970  1
1909:   0.0027  0.0025  0.9948  1
1910:   0.0019  0.0032  0.9949  1
1911:   0.1475  0.0140  0.8385  1
1912:   0.0032  0.0181  0.9787  1
1913:   0.0010  0.0041  0.9949  1
1914:   0.0019  0.0020  0.9961  1
1915:   0.0057  0.0026  0.9917  1
1916:   0.0019  0.0027  0.9954  1
1917:   0.0010  0.0049  0.9941  1
1918:   0.0020  0.0023  0.9957  1
1919:   0.0019  0.0026  0.9955  1
1920:   0.0029  0.0042  0.9929  1
1921:   0.0019  0.0030  0.9951  1
1922:   0.0010  0.0030  0.9960  1
1923:   0.0010  0.0020  0.9970  1
1924:   0.0011  0.0041  0.9948  1
1925:   0.0045  0.0020  0.9935  1
1926:   0.0010  0.0040  0.9950  1
1927:   0.0029  0.0030  0.9941  1
1928:   0.0010  0.0050  0.9940  1
1929:   0.0020  0.0051  0.9929  1
1930:   0.0010  0.0021  0.9969  1
1931:   0.0030  0.0024  0.9946  1
1932:   0.0010  0.0040  0.9950  1
1933:   0.0010  0.0048  0.9942  1
1934:   0.0060  0.0235  0.9705  1
1935:   0.0029  0.0030  0.9941  1
1936:   0.0025  0.0088  0.9887  1
1937:   0.0011  0.0123  0.9866  1
1938:   0.0010  0.0393  0.9597  1
1939:   0.0020  0.0033  0.9947  1
1940:   0.0059  0.0045  0.9896  1
1941:   0.0041  0.0021  0.9938  1
1942:   0.0010  0.0021  0.9969  1
1943:   0.0029  0.0162  0.9809  1
1944:   0.0010  0.0030  0.9960  1
1945:   0.0010  0.0029  0.9961  1
1946:   0.0010  0.0077  0.9913  1
1947:   0.0010  0.0031  0.9959  1
1948:   0.0010  0.0026  0.9964  1
1949:   0.0010  0.0087  0.9903  1
1950:   0.0010  0.0325  0.9665  1
1951:   0.0019  0.0020  0.9961  1
1952:   0.0010  0.0074  0.9916  1
1953:   0.2018  0.0032  0.7950  1
1954:   0.0010  0.0040  0.9950  1
1955:   0.0010  0.0031  0.9959  1
1956:   0.0019  0.0020  0.9961  1
1957:   0.0109  0.0067  0.9824  1
1958:   0.0011  0.0097  0.9892  1
1959:   0.0011  0.0096  0.9893  1
1960:   0.0443  0.0052  0.9505  1
1961:   0.0011  0.0340  0.9649  1
1962:   0.0010  0.0110  0.9880  1
1963:   0.0020  0.0237  0.9743  1
1964:   0.0020  0.0104  0.9876  1
1965:   0.0031  0.0038  0.9931  1
1966:   0.0019  0.0022  0.9959  1
1967:   0.0010  0.0021  0.9969  1
1968:   0.0010  0.0050  0.9940  1
1969:   0.0019  0.0029  0.9952  1
1970:   0.0019  0.0029  0.9952  1
1971:   0.0029  0.0029  0.9942  1
1972:   0.0010  0.0026  0.9964  1
1973:   0.0010  0.0078  0.9912  1
1974:   0.2754  0.0048  0.7198  1
1975:   0.0010  0.0049  0.9941  1
1976:   0.0010  0.0032  0.9958  1
1977:   0.0019  0.0039  0.9942  1
1978:   0.0010  0.0020  0.9970  1
1979:   0.0019  0.0040  0.9941  1
1980:   0.0010  0.0056  0.9934  1
1981:   0.0019  0.0031  0.9950  1
1982:   0.0038  0.0030  0.9932  1
1983:   0.0030  0.0099  0.9871  1
1984:   0.0010  0.0020  0.9970  1
1985:   0.1196  0.0059  0.8745  1
1986:   0.0065  0.0020  0.9915  1
1987:   0.1512  0.0079  0.8409  1
1988:   0.0010  0.0030  0.9960  1
1989:   0.0010  0.0049  0.9941  1
1990:   0.0020  0.0069  0.9911  1
1991:   0.0010  0.0275  0.9715  1
1992:   0.0010  0.0184  0.9806  1
1993:   0.0020  0.0068  0.9912  1
1994:   0.0019  0.0041  0.9940  1
1995:   0.0010  0.0029  0.9961  1
1996:   0.9253  0.0367  0.0380  1
1997:   0.0019  0.0030  0.9951  1
1998:   0.0010  0.0041  0.9949  1
1999:   0.0028  0.0020  0.9952  1
2000:   0.0010  0.0030  0.9960  1
2001:   0.0010  0.0037  0.9953  1
2002:   0.1980  0.0145  0.7875  1
2003:   0.0011  0.0118  0.9871  1
2004:   0.0010  0.0031  0.9959  1
2005:   0.0019  0.0030  0.9951  1
2006:   0.1169  0.0050  0.8781  1
2007:   0.0010  0.0038  0.9952  1
2008:   0.0020  0.0918  0.9062  1
2009:   0.0020  0.0032  0.9948  1
2010:   0.0020  0.1480  0.8500  1
2011:   0.0011  0.0033  0.9956  1
2012:   0.0010  0.0063  0.9927  1
2013:   0.0011  0.0122  0.9867  1
2014:   0.0029  0.0056  0.9915  1
2015:   0.0010  0.0034  0.9956  1
2016:   0.0020  0.0040  0.9940  1
2017:   0.0010  0.0039  0.9951  1
2018:   0.0010  0.0105  0.9885  1
2019:   0.0010  0.0030  0.9960  1
2020:   0.0010  0.0034  0.9956  1
2021:   0.0073  0.0516  0.9411  1
2022:   0.0020  0.0038  0.9942  1
2023:   0.0010  0.0032  0.9958  1
2024:   0.0010  0.0038  0.9952  1
2025:   0.0021  0.1836  0.8143  1
2026:   0.1078  0.0190  0.8732  1
2027:   0.0010  0.0511  0.9479  1
2028:   0.0048  0.0041  0.9911  1
2029:   0.0010  0.0029  0.9961  1
2030:   0.0036  0.1457  0.8507  1
2031:   0.0010  0.0032  0.9958  1
2032:   0.0026  0.0020  0.9954  1
2033:   0.0019  0.0060  0.9921  1
2034:   0.0020  0.0263  0.9717  1
2035:   0.0010  0.1142  0.8848  1
2036:   0.0117  0.0039  0.9844  1
2037:   0.0038  0.0038  0.9924  1
2038:   0.3721  0.0065  0.6214  1
2039:   0.0020  0.9556  0.0424  1
2040:   0.0017  0.0029  0.9954  1
2041:   0.0020  0.0503  0.9477  1
2042:   0.0010  0.0062  0.9928  1
2043:   0.0011  0.2656  0.7333  1
2044:   0.2581  0.0048  0.7371  1
2045:   0.0020  0.0294  0.9686  1
2046:   0.0010  0.0108  0.9882  1
2047:   0.0019  0.0137  0.9844  1
2048:   0.0020  0.0319  0.9661  1
2049:   0.0031  0.0093  0.9876  1
2050:   0.0019  0.0810  0.9171  1
2051:   0.0010  0.0022  0.9968  1
2052:   0.0010  0.0029  0.9961  1
2053:   0.0029  0.0053  0.9918  1
2054:   0.0019  0.0049  0.9932  1
2055:   0.0020  0.0037  0.9943  1
2056:   0.0010  0.0020  0.9970  1
2057:   0.0029  0.0041  0.9930  1
2058:   0.0084  0.0072  0.9844  1
2059:   0.0329  0.0020  0.9651  1
2060:   0.0010  0.0030  0.9960  1
2061:   0.0031  0.3911  0.6058  1
2062:   0.1439  0.0084  0.8477  1
2063:   0.0030  0.0020  0.9950  1
2064:   0.0010  0.0751  0.9239  1
2065:   0.9959  0.0020  0.0021  1
2066:   0.9980  0.0010  0.0010  1
2067:   0.6411  0.0052  0.3537  1
2068:   0.9968  0.0011  0.0021  1
2069:   0.9980  0.0010  0.0010  1
2070:   0.9642  0.0129  0.0229  1
2071:   0.9980  0.0010  0.0010  1
2072:   0.9980  0.0010  0.0010  1
2073:   0.9980  0.0010  0.0010  1
2074:   0.9980  0.0010  0.0010  1
2075:   0.9007  0.0328  0.0665  1
2076:   0.9960  0.0020  0.0020  1
2077:   0.9980  0.0010  0.0010  1
2078:   0.9960  0.0020  0.0020  1
2079:   0.9920  0.0041  0.0039  1
2080:   0.9951  0.0020  0.0029  1
2081:   0.9950  0.0030  0.0020  1
2082:   0.9980  0.0010  0.0010  1
2083:   0.8861  0.0173  0.0966  1
2084:   0.9980  0.0010  0.0010  1
2085:   0.9970  0.0010  0.0020  1
2086:   0.9979  0.0010  0.0011  1
2087:   0.9979  0.0011  0.0010  1
2088:   0.9980  0.0010  0.0010  1
2089:   0.9980  0.0010  0.0010  1
2090:   0.9980  0.0010  0.0010  1
2091:   0.9980  0.0010  0.0010  1
2092:   0.9980  0.0010  0.0010  1
2093:   0.9969  0.0011  0.0020  1
2094:   0.9940  0.0030  0.0030  1
2095:   0.9980  0.0010  0.0010  1
2096:   0.9970  0.0020  0.0010  1
2097:   0.9980  0.0010  0.0010  1
2098:   0.9980  0.0010  0.0010  1
2099:   0.9980  0.0010  0.0010  1
2100:   0.9959  0.0020  0.0021  1
2101:   0.9980  0.0010  0.0010  1
2102:   0.9649  0.0163  0.0188  1
2103:   0.9429  0.0222  0.0349  1
2104:   0.9980  0.0010  0.0010  1
2105:   0.9951  0.0020  0.0029  1
2106:   0.9979  0.0010  0.0011  1
2107:   0.9960  0.0020  0.0020  1
2108:   0.9980  0.0010  0.0010  1
2109:   0.9967  0.0014  0.0019  1
2110:   0.9960  0.0020  0.0020  1
2111:   0.9958  0.0020  0.0022  1
2112:   0.9960  0.0020  0.0020  1
2113:   0.9960  0.0020  0.0020  1
2114:   0.9969  0.0011  0.0020  1
2115:   0.9979  0.0010  0.0011  1
2116:   0.9815  0.0102  0.0083  1
2117:   0.9969  0.0010  0.0021  1
2118:   0.9979  0.0010  0.0011  1
2119:   0.9979  0.0010  0.0011  1
2120:   0.7320  0.0527  0.2153  1
2121:   0.9980  0.0010  0.0010  1
2122:   0.9970  0.0020  0.0010  1
2123:   0.9980  0.0010  0.0010  1
2124:   0.9980  0.0010  0.0010  1
2125:   0.9980  0.0010  0.0010  1
2126:   0.9980  0.0010  0.0010  1
2127:   0.9969  0.0011  0.0020  1
2128:   0.9876  0.0051  0.0073  1
2129:   0.9895  0.0051  0.0054  1
2130:   0.9980  0.0010  0.0010  1
2131:   0.9964  0.0017  0.0019  1
2132:   0.9937  0.0020  0.0043  1
2133:   0.7098  0.0117  0.2785  1
2134:   0.9980  0.0010  0.0010  1
2135:   0.9980  0.0010  0.0010  1
2136:   0.9970  0.0020  0.0010  1
2137:   0.9980  0.0010  0.0010  1
2138:   0.9960  0.0020  0.0020  1
2139:   0.9948  0.0032  0.0020  1
2140:   0.9961  0.0020  0.0019  1
2141:   0.9980  0.0010  0.0010  1
2142:   0.9958  0.0020  0.0022  1
2143:   0.9953  0.0028  0.0019  1
2144:   0.8756  0.0952  0.0292  1
2145:   0.9979  0.0010  0.0011  1
2146:   0.9882  0.0052  0.0066  1
2147:   0.9980  0.0010  0.0010  1
2148:   0.9980  0.0010  0.0010  1
2149:   0.9980  0.0010  0.0010  1
2150:   0.9932  0.0030  0.0038  1
2151:   0.7470  0.2503  0.0027  1
2152:   0.9980  0.0010  0.0010  1
2153:   0.9832  0.0061  0.0107  1
2154:   0.9980  0.0010  0.0010  1
2155:   0.9887  0.0042  0.0071  1
