   1:   0.0050  0.9835  0.0030  0.0085  1
   2:   0.0080  0.9560  0.0163  0.0197  1
   3:   0.0080  0.9750  0.0060  0.0110  1
   4:   0.0292  0.9108  0.0382  0.0218  1
   5:   0.0110  0.9800  0.0030  0.0060  1
   6:   0.0130  0.9707  0.0050  0.0113  1
   7:   0.0575  0.9165  0.0159  0.0101  1
   8:   0.0041  0.9869  0.0030  0.0060  1
   9:   0.0070  0.9161  0.0410  0.0359  1
  10:   0.0117  0.9698  0.0060  0.0125  1
  11:   0.0080  0.9747  0.0104  0.0069  1
  12:   0.0040  0.9528  0.0229  0.0203  1
  13:   0.0354  0.9083  0.0079  0.0484  1
  14:   0.0050  0.9752  0.0119  0.0079  1
  15:   0.2806  0.5408  0.0060  0.1726  1
  16:   0.0060  0.8880  0.0040  0.1020  1
  17:   0.0186  0.8865  0.0750  0.0199  1
  18:   0.0058  0.9870  0.0040  0.0032  1
  19:   0.0069  0.9791  0.0089  0.0051  1
  20:   0.0202  0.8326  0.0050  0.1423  1
  21:   0.0090  0.9636  0.0068  0.0206  1
  22:   0.0111  0.9195  0.0050  0.0644  1
  23:   0.0068  0.9658  0.0204  0.0070  1
  24:   0.0040  0.9845  0.0040  0.0075  1
  25:   0.0030  0.9795  0.0030  0.0145  1
  26:   0.0289  0.0490  0.0039  0.9182  1
  27:   0.0070  0.8764  0.1126  0.0040  1
  28:   0.4571  0.0072  0.0040  0.5317  1
  29:   0.0060  0.8421  0.0705  0.0814  1
  30:   0.0060  0.8641  0.0070  0.1229  1
  31:   0.0481  0.3750  0.0160  0.5609  1
  32:   0.0060  0.9764  0.0094  0.0082  1
  33:   0.0058  0.9799  0.0083  0.0060  1
  34:   0.0400  0.9294  0.0206  0.0100  1
  35:   0.0131  0.7689  0.0743  0.1437  1
  36:   0.0060  0.9670  0.0050  0.0220  1
  37:   0.1518  0.8056  0.0060  0.0366  1
  38:   0.0040  0.9870  0.0050  0.0040  1
  39:   0.0080  0.1834  0.0090  0.7996  1
  40:   0.0070  0.0492  0.0061  0.9377  1
  41:   0.0381  0.9511  0.0038  0.0070  1
  42:   0.0291  0.9279  0.0082  0.0348  1
  43:   0.0060  0.9646  0.0020  0.0274  1
  44:   0.0129  0.9731  0.0080  0.0060  1
  45:   0.0098  0.9682  0.0160  0.0060  1
  46:   0.0070  0.9745  0.0061  0.0124  1
  47:   0.0114  0.8873  0.0140  0.0873  1
  48:   0.0101  0.9450  0.0046  0.0403  1
  49:   0.0073  0.9746  0.0070  0.0111  1
  50:   0.0502  0.0159  0.0453  0.8886  1
  51:   0.0150  0.1564  0.0210  0.8076  1
  52:   0.0100  0.7600  0.0120  0.2180  1
  53:   0.0141  0.9578  0.0030  0.0251  1
  54:   0.0122  0.9728  0.0070  0.0080  1
  55:   0.0079  0.9715  0.0166  0.0040  1
  56:   0.0129  0.9761  0.0040  0.0070  1
  57:   0.0081  0.9776  0.0113  0.0030  1
  58:   0.0050  0.9751  0.0030  0.0169  1
  59:   0.0136  0.9684  0.0100  0.0080  1
  60:   0.0333  0.9054  0.0100  0.0513  1
  61:   0.0210  0.9422  0.0111  0.0257  1
  62:   0.0030  0.9862  0.0038  0.0070  1
  63:   0.0229  0.9412  0.0040  0.0319  1
  64:   0.0119  0.8542  0.0070  0.1269  1
  65:   0.0186  0.5538  0.0682  0.3594  1
  66:   0.0891  0.1523  0.0070  0.7516  1
  67:   0.0078  0.9680  0.0080  0.0162  1
  68:   0.0090  0.9749  0.0050  0.0111  1
  69:   0.0334  0.4975  0.0280  0.4411  1
  70:   0.0030  0.9842  0.0078  0.0050  1
  71:   0.0062  0.9736  0.0104  0.0098  1
  72:   0.0028  0.9912  0.0020  0.0040  1
  73:   0.0050  0.8039  0.0070  0.1841  1
  74:   0.0152  0.9692  0.0030  0.0126  1
  75:   0.0070  0.9847  0.0043  0.0040  1
  76:   0.0080  0.8302  0.0138  0.1480  1
  77:   0.0070  0.9519  0.0113  0.0298  1
  78:   0.0182  0.9364  0.0308  0.0146  1
  79:   0.0158  0.9686  0.0109  0.0047  1
  80:   0.0078  0.9756  0.0067  0.0099  1
  81:   0.1481  0.7405  0.0050  0.1064  1
  82:   0.0040  0.9908  0.0022  0.0030  1
  83:   0.0059  0.9789  0.0080  0.0072  1
  84:   0.0120  0.8969  0.0060  0.0851  1
  85:   0.0030  0.9900  0.0040  0.0030  1
  86:   0.0309  0.4048  0.0070  0.5573  1
  87:   0.0354  0.9185  0.0260  0.0201  1
  88:   0.0060  0.9750  0.0120  0.0070  1
  89:   0.0080  0.9820  0.0030  0.0070  1
  90:   0.0070  0.9526  0.0050  0.0354  1
  91:   0.0124  0.3388  0.0030  0.6458  1
  92:   0.0843  0.2524  0.0130  0.6503  1
  93:   0.0030  0.9852  0.0068  0.0050  1
  94:   0.0082  0.9668  0.0180  0.0070  1
  95:   0.0697  0.8108  0.0030  0.1165  1
  96:   0.0282  0.1640  0.0030  0.8049  1
  97:   0.0201  0.9068  0.0590  0.0141  1
  98:   0.0113  0.9406  0.0113  0.0368  1
  99:   0.0100  0.9741  0.0089  0.0070  1
 100:   0.0195  0.9599  0.0068  0.0138  1
 101:   0.0116  0.9610  0.0134  0.0140  1
 102:   0.0101  0.9572  0.0100  0.0227  1
 103:   0.0212  0.7561  0.0050  0.2177  1
 104:   0.0120  0.9780  0.0050  0.0050  1
 105:   0.0152  0.9670  0.0117  0.0061  1
 106:   0.0090  0.9815  0.0050  0.0045  1
 107:   0.0070  0.9293  0.0074  0.0563  1
 108:   0.0844  0.3343  0.0090  0.5722  1
 109:   0.0030  0.9800  0.0070  0.0100  1
 110:   0.0272  0.0652  0.2390  0.6686  1
 111:   0.0172  0.9716  0.0050  0.0062  1
 112:   0.0030  0.9900  0.0030  0.0040  1
 113:   0.7024  0.2312  0.0305  0.0359  1
 114:   0.0070  0.9720  0.0070  0.0140  1
 115:   0.0129  0.9750  0.0061  0.0060  1
 116:   0.0060  0.9679  0.0071  0.0190  1
 117:   0.0090  0.7998  0.0080  0.1832  1
 118:   0.0030  0.9831  0.0030  0.0109  1
 119:   0.0159  0.9642  0.0080  0.0119  1
 120:   0.0195  0.8955  0.0040  0.0810  1
 121:   0.4139  0.3383  0.0040  0.2437  1
 122:   0.0290  0.9301  0.0094  0.0315  1
 123:   0.0153  0.3197  0.0050  0.6600  1
 124:   0.0439  0.9461  0.0050  0.0050  1
 125:   0.0040  0.9819  0.0030  0.0111  1
 126:   0.0342  0.9012  0.0495  0.0151  1
 127:   0.0133  0.9107  0.0214  0.0546  1
 128:   0.0151  0.0959  0.0140  0.8750  1
 129:   0.0647  0.8611  0.0049  0.0694  1
 130:   0.0100  0.9772  0.0030  0.0098  1
 131:   0.0040  0.9710  0.0160  0.0090  1
 132:   0.0129  0.8912  0.0467  0.0492  1
 133:   0.0050  0.9851  0.0050  0.0049  1
 134:   0.0030  0.9868  0.0062  0.0040  1
 135:   0.0080  0.9593  0.0130  0.0197  1
 136:   0.0090  0.9300  0.0080  0.0530  1
 137:   0.0304  0.9316  0.0055  0.0325  1
 138:   0.0040  0.9780  0.0060  0.0120  1
 139:   0.0154  0.6132  0.0434  0.3280  1
 140:   0.0100  0.9667  0.0122  0.0111  1
 141:   0.1291  0.8066  0.0603  0.0040  1
 142:   0.0281  0.8732  0.0318  0.0669  1
 143:   0.0040  0.9850  0.0060  0.0050  1
 144:   0.5558  0.0325  0.0060  0.4057  1
 145:   0.0656  0.8900  0.0060  0.0384  1
 146:   0.0090  0.9750  0.0090  0.0070  1
 147:   0.0070  0.9559  0.0071  0.0300  1
 148:   0.0280  0.0320  0.0140  0.9260  1
 149:   0.0234  0.9470  0.0107  0.0189  1
 150:   0.0223  0.0501  0.0060  0.9216  1
 151:   0.0060  0.9747  0.0113  0.0080  1
 152:   0.0073  0.9197  0.0070  0.0660  1
 153:   0.1203  0.8571  0.0080  0.0146  1
 154:   0.0030  0.9810  0.0090  0.0070  1
 155:   0.0054  0.9701  0.0118  0.0127  1
 156:   0.0060  0.9780  0.0070  0.0090  1
 157:   0.0491  0.9294  0.0089  0.0126  1
 158:   0.1217  0.2820  0.0248  0.5715  1
 159:   0.0656  0.8997  0.0169  0.0178  1
 160:   0.0138  0.9510  0.0120  0.0232  1
 161:   0.0060  0.9516  0.0368  0.0056  1
 162:   0.1644  0.7779  0.0087  0.0490  1
 163:   0.0060  0.9702  0.0148  0.0090  1
 164:   0.0198  0.7941  0.0110  0.1751  1
 165:   0.0050  0.9860  0.0030  0.0060  1
 166:   0.0070  0.9606  0.0148  0.0176  1
 167:   0.0040  0.9800  0.0090  0.0070  1
 168:   0.0090  0.9220  0.0070  0.0620  1
 169:   0.0079  0.9791  0.0050  0.0080  1
 170:   0.0249  0.0703  0.0198  0.8850  1
 171:   0.0159  0.9399  0.0078  0.0364  1
 172:   0.0291  0.6672  0.0282  0.2755  1
 173:   0.0117  0.9697  0.0084  0.0102  1
 174:   0.0060  0.9715  0.0052  0.0173  1
 175:   0.0030  0.9880  0.0040  0.0050  1
 176:   0.0189  0.8346  0.1072  0.0393  1
 177:   0.0050  0.9829  0.0071  0.0050  1
 178:   0.0087  0.9683  0.0110  0.0120  1
 179:   0.0050  0.6757  0.3153  0.0040  1
 180:   0.0037  0.9863  0.0040  0.0060  1
 181:   0.0205  0.0201  0.0042  0.9552  1
 182:   0.0059  0.8938  0.0020  0.0983  1
 183:   0.0050  0.9799  0.0030  0.0121  1
 184:   0.1008  0.4170  0.0058  0.4765  1
 185:   0.0164  0.9686  0.0060  0.0090  1
 186:   0.0181  0.8996  0.0054  0.0769  1
 187:   0.0289  0.8320  0.0089  0.1302  1
 188:   0.0030  0.9894  0.0040  0.0036  1
 189:   0.0242  0.9559  0.0028  0.0171  1
 190:   0.0235  0.9026  0.0030  0.0709  1
 191:   0.0127  0.9236  0.0080  0.0557  1
 192:   0.0074  0.9786  0.0040  0.0100  1
 193:   0.0352  0.9308  0.0130  0.0210  1
 194:   0.1043  0.7315  0.0286  0.1356  1
 195:   0.0100  0.8898  0.0100  0.0902  1
 196:   0.0048  0.9762  0.0150  0.0040  1
 197:   0.0080  0.9818  0.0042  0.0060  1
 198:   0.0070  0.0231  0.0080  0.9619  1
 199:   0.0190  0.0422  0.0363  0.9025  1
 200:   0.6150  0.0591  0.0050  0.3209  1
 201:   0.2342  0.0143  0.0049  0.7467  1
 202:   0.0111  0.2673  0.0127  0.7089  1
 203:   0.0202  0.0168  0.0040  0.9590  1
 204:   0.0137  0.0370  0.0150  0.9343  1
 205:   0.0199  0.0107  0.0099  0.9595  1
 206:   0.0083  0.0111  0.0040  0.9766  1
 207:   0.0266  0.0276  0.0077  0.9381  1
 208:   0.0070  0.0060  0.0045  0.9825  1
 209:   0.0040  0.0465  0.0046  0.9449  1
 210:   0.0070  0.0235  0.0074  0.9621  1
 211:   0.0269  0.0159  0.0328  0.9244  1
 212:   0.0145  0.0136  0.0049  0.9670  1
 213:   0.0070  0.0215  0.0070  0.9645  1
 214:   0.2401  0.0741  0.1201  0.5657  1
 215:   0.0043  0.0080  0.0035  0.9842  1
 216:   0.0081  0.1313  0.0059  0.8547  1
 217:   0.0717  0.0060  0.0092  0.9131  1
 218:   0.1668  0.0145  0.0060  0.8127  1
 219:   0.0121  0.0083  0.0552  0.9244  1
 220:   0.0090  0.0166  0.0020  0.9724  1
 221:   0.0104  0.0309  0.0306  0.9281  1
 222:   0.0449  0.1503  0.0234  0.7813  1
 223:   0.1266  0.0966  0.0120  0.7648  1
 224:   0.0050  0.0149  0.0030  0.9771  1
 225:   0.0185  0.0160  0.0060  0.9595  1
 226:   0.0226  0.0120  0.0042  0.9612  1
 227:   0.0150  0.0162  0.0109  0.9579  1
 228:   0.0086  0.0131  0.0267  0.9516  1
 229:   0.0047  0.0049  0.0030  0.9874  1
 230:   0.0887  0.0581  0.0808  0.7724  1
 231:   0.0131  0.0060  0.0079  0.9730  1
 232:   0.0070  0.0136  0.0040  0.9754  1
 233:   0.0109  0.1449  0.0050  0.8392  1
 234:   0.0427  0.0408  0.0080  0.9085  1
 235:   0.0139  0.0133  0.0307  0.9421  1
 236:   0.2354  0.0195  0.0250  0.7201  1
 237:   0.0120  0.0160  0.0067  0.9653  1
 238:   0.0229  0.0439  0.0100  0.9232  1
 239:   0.0040  0.0124  0.0040  0.9796  1
 240:   0.0600  0.0089  0.0835  0.8476  1
 241:   0.0120  0.0203  0.0158  0.9519  1
 242:   0.0097  0.0275  0.0050  0.9578  1
 243:   0.0288  0.0156  0.0045  0.9511  1
 244:   0.0404  0.0196  0.0050  0.9350  1
 245:   0.2802  0.0257  0.0120  0.6821  1
 246:   0.0140  0.0200  0.0060  0.9600  1
 247:   0.0071  0.0145  0.0070  0.9714  1
 248:   0.0212  0.0090  0.0030  0.9668  1
 249:   0.0088  0.0102  0.0050  0.9760  1
 250:   0.0183  0.0090  0.0052  0.9675  1
 251:   0.0235  0.0216  0.0582  0.8967  1
 252:   0.0211  0.0079  0.0030  0.9680  1
 253:   0.1094  0.0132  0.0249  0.8525  1
 254:   0.0358  0.0490  0.0030  0.9122  1
 255:   0.0040  0.1918  0.0030  0.8012  1
 256:   0.0050  0.0070  0.0040  0.9840  1
 257:   0.0089  0.0292  0.0102  0.9517  1
 258:   0.0080  0.0333  0.0043  0.9544  1
 259:   0.0097  0.0149  0.0200  0.9554  1
 260:   0.0430  0.0328  0.0100  0.9142  1
 261:   0.0621  0.0419  0.0079  0.8881  1
 262:   0.0050  0.0502  0.0050  0.9398  1
 263:   0.0239  0.0178  0.0030  0.9553  1
 264:   0.0080  0.0166  0.0040  0.9714  1
 265:   0.0080  0.0141  0.0090  0.9689  1
 266:   0.0074  0.0070  0.0030  0.9826  1
 267:   0.0579  0.0138  0.0061  0.9222  1
 268:   0.0090  0.0099  0.0030  0.9781  1
 269:   0.0176  0.0167  0.0677  0.8980  1
 270:   0.0218  0.1094  0.0030  0.8659  1
 271:   0.0100  0.0134  0.0060  0.9706  1
 272:   0.0580  0.0311  0.0199  0.8910  1
 273:   0.0160  0.0099  0.0199  0.9542  1
 274:   0.0210  0.0486  0.0108  0.9196  1
 275:   0.0109  0.0150  0.0067  0.9674  1
 276:   0.0060  0.0090  0.0059  0.9791  1
 277:   0.0100  0.0057  0.0030  0.9813  1
 278:   0.0095  0.0080  0.0435  0.9390  1
 279:   0.0278  0.1101  0.0060  0.8561  1
 280:   0.0092  0.0082  0.0090  0.9736  1
 281:   0.0110  0.0120  0.0130  0.9640  1
 282:   0.0110  0.0330  0.0040  0.9520  1
 283:   0.0060  0.0072  0.0160  0.9708  1
 284:   0.0079  0.0195  0.0040  0.9686  1
 285:   0.0485  0.0536  0.0114  0.8865  1
 286:   0.0172  0.0088  0.0060  0.9680  1
 287:   0.0100  0.0079  0.0180  0.9641  1
 288:   0.0120  0.0148  0.0042  0.9690  1
 289:   0.0146  0.0216  0.0040  0.9598  1
 290:   0.0396  0.4064  0.0070  0.5470  1
 291:   0.0284  0.0040  0.0050  0.9626  1
 292:   0.0070  0.0864  0.0070  0.8997  1
 293:   0.0070  0.0104  0.0030  0.9796  1
 294:   0.0070  0.0174  0.0924  0.8832  1
 295:   0.0245  0.0116  0.0342  0.9297  1
 296:   0.0159  0.0271  0.0020  0.9550  1
 297:   0.0427  0.0581  0.0384  0.8608  1
 298:   0.0090  0.0550  0.0040  0.9320  1
 299:   0.0082  0.0050  0.0050  0.9818  1
 300:   0.0167  0.0160  0.0050  0.9623  1
 301:   0.0975  0.2338  0.0140  0.6547  1
 302:   0.0450  0.0100  0.0057  0.9393  1
 303:   0.0078  0.0056  0.0234  0.9632  1
 304:   0.0160  0.0160  0.0080  0.9600  1
 305:   0.0144  0.0176  0.0050  0.9630  1
 306:   0.0050  0.0201  0.0060  0.9689  1
 307:   0.0457  0.1722  0.0199  0.7622  1
 308:   0.0078  0.0040  0.0031  0.9851  1
 309:   0.0138  0.0193  0.0030  0.9639  1
 310:   0.0082  0.0091  0.0102  0.9725  1
 311:   0.0229  0.0481  0.0070  0.9220  1
 312:   0.0240  0.0357  0.0090  0.9313  1
 313:   0.0112  0.0547  0.0030  0.9311  1
 314:   0.0100  0.0090  0.0030  0.9780  1
 315:   0.0215  0.0145  0.0133  0.9507  1
 316:   0.0121  0.0191  0.0050  0.9638  1
 317:   0.0123  0.0060  0.0052  0.9765  1
 318:   0.0070  0.0565  0.0070  0.9295  1
 319:   0.0054  0.0257  0.0050  0.9639  1
 320:   0.0180  0.0218  0.0474  0.9128  1
 321:   0.0214  0.0253  0.0159  0.9374  1
 322:   0.0064  0.0917  0.0043  0.8976  1
 323:   0.0201  0.0140  0.0040  0.9619  1
 324:   0.0120  0.0111  0.0069  0.9700  1
 325:   0.0138  0.0175  0.0167  0.9520  1
 326:   0.0080  0.0050  0.0020  0.9850  1
 327:   0.0080  0.0108  0.0125  0.9687  1
 328:   0.2066  0.0176  0.0073  0.7685  1
 329:   0.0129  0.0070  0.0060  0.9741  1
 330:   0.0471  0.0122  0.0060  0.9347  1
 331:   0.0076  0.0050  0.0040  0.9834  1
 332:   0.0275  0.2192  0.0116  0.7417  1
 333:   0.0050  0.0287  0.0030  0.9633  1
 334:   0.0503  0.1247  0.0391  0.7859  1
 335:   0.0181  0.0117  0.0698  0.9004  1
 336:   0.0050  0.0064  0.0022  0.9864  1
 337:   0.0083  0.0095  0.0040  0.9782  1
 338:   0.0079  0.0176  0.0090  0.9655  1
 339:   0.0206  0.0597  0.0031  0.9165  1
 340:   0.0050  0.0279  0.0255  0.9416  1
 341:   0.0076  0.0070  0.0040  0.9814  1
 342:   0.0120  0.0462  0.0060  0.9358  1
 343:   0.0181  0.0068  0.0030  0.9721  1
 344:   0.0070  0.0070  0.0055  0.9805  1
 345:   0.0114  0.0109  0.0030  0.9747  1
 346:   0.0156  0.0130  0.0049  0.9665  1
 347:   0.0228  0.0112  0.0089  0.9571  1
 348:   0.0179  0.0210  0.0217  0.9394  1
 349:   0.0062  0.0740  0.0054  0.9144  1
 350:   0.0040  0.0127  0.0040  0.9793  1
 351:   0.0080  0.0079  0.0064  0.9777  1
 352:   0.0801  0.0394  0.0456  0.8349  1
 353:   0.0146  0.0100  0.0060  0.9694  1
 354:   0.0110  0.0114  0.0117  0.9659  1
 355:   0.0439  0.0166  0.0140  0.9255  1
 356:   0.0053  0.0161  0.0398  0.9388  1
 357:   0.0379  0.0418  0.0040  0.9163  1
 358:   0.0054  0.0144  0.0080  0.9722  1
 359:   0.0433  0.0330  0.0924  0.8313  1
 360:   0.1205  0.1988  0.0118  0.6689  1
 361:   0.0121  0.0120  0.0089  0.9670  1
 362:   0.1402  0.0090  0.0024  0.8484  1
 363:   0.1046  0.0239  0.0210  0.8505  1
 364:   0.0233  0.0080  0.0100  0.9587  1
 365:   0.0277  0.1623  0.0219  0.7881  1
 366:   0.0221  0.0176  0.0328  0.9275  1
 367:   0.0111  0.0085  0.0130  0.9674  1
 368:   0.0050  0.0060  0.0057  0.9833  1
 369:   0.0127  0.0051  0.0030  0.9792  1
 370:   0.0040  0.0070  0.0030  0.9860  1
 371:   0.0171  0.0419  0.0050  0.9360  1
 372:   0.0090  0.0069  0.0091  0.9750  1
 373:   0.0110  0.0080  0.0060  0.9750  1
 374:   0.0132  0.0168  0.0090  0.9610  1
 375:   0.0735  0.0091  0.0063  0.9111  1
 376:   0.0069  0.0060  0.0090  0.9781  1
 377:   0.0149  0.0268  0.0090  0.9493  1
 378:   0.0219  0.0164  0.0050  0.9567  1
 379:   0.0928  0.0926  0.0170  0.7976  1
 380:   0.0195  0.0133  0.0060  0.9612  1
 381:   0.2060  0.0151  0.0045  0.7744  1
 382:   0.0040  0.0468  0.0834  0.8658  1
 383:   0.0040  0.0314  0.0050  0.9596  1
 384:   0.0111  0.0251  0.0055  0.9583  1
 385:   0.0100  0.0287  0.0050  0.9563  1
 386:   0.0060  0.0118  0.0424  0.9398  1
 387:   0.0060  0.1047  0.0421  0.8472  1
 388:   0.0268  0.0404  0.0060  0.9268  1
 389:   0.0177  0.0307  0.0230  0.9286  1
 390:   0.0202  0.0133  0.0020  0.9645  1
 391:   0.0463  0.0090  0.0040  0.9407  1
 392:   0.0100  0.0161  0.0041  0.9698  1
 393:   0.0150  0.0201  0.0030  0.9619  1
 394:   0.0244  0.1208  0.0097  0.8451  1
 395:   0.0722  0.1660  0.0527  0.7092  1
 396:   0.1663  0.0246  0.0569  0.7522  1
 397:   0.0170  0.0091  0.0060  0.9679  1
 398:   0.0060  0.0090  0.0060  0.9790  1
 399:   0.0060  0.0082  0.0020  0.9838  1
 400:   0.0187  0.0070  0.0029  0.9714  1
 401:   0.0112  0.0070  0.0145  0.9673  1
 402:   0.1090  0.0847  0.0216  0.7847  1
 403:   0.0140  0.0122  0.0040  0.9698  1
 404:   0.0079  0.0040  0.0020  0.9861  1
 405:   0.0048  0.0050  0.0020  0.9882  1
 406:   0.0520  0.0124  0.0526  0.8830  1
 407:   0.0081  0.0198  0.0099  0.9622  1
 408:   0.0350  0.0119  0.0198  0.9333  1
 409:   0.0716  0.0050  0.0070  0.9164  1
 410:   0.0235  0.0042  0.0050  0.9673  1
 411:   0.0062  0.0327  0.0050  0.9561  1
 412:   0.0259  0.6621  0.0232  0.2888  1
 413:   0.0060  0.0074  0.0080  0.9786  1
 414:   0.0050  0.0207  0.0159  0.9584  1
 415:   0.0067  0.0078  0.0143  0.9712  1
 416:   0.0208  0.0070  0.0101  0.9621  1
 417:   0.0224  0.0253  0.0100  0.9423  1
 418:   0.0050  0.0050  0.0020  0.9880  1
 419:   0.0112  0.0234  0.0070  0.9584  1
 420:   0.0083  0.0150  0.0072  0.9695  1
 421:   0.0060  0.0100  0.0067  0.9773  1
 422:   0.0055  0.0080  0.0061  0.9804  1
 423:   0.0060  0.0119  0.0040  0.9781  1
 424:   0.0072  0.0138  0.0121  0.9669  1
 425:   0.0192  0.0461  0.0058  0.9289  1
 426:   0.0449  0.0479  0.0050  0.9022  1
 427:   0.0091  0.0912  0.0083  0.8914  1
 428:   0.0240  0.0065  0.0050  0.9645  1
 429:   0.0408  0.2602  0.0115  0.6875  1
 430:   0.0456  0.0943  0.0070  0.8531  1
 431:   0.1145  0.0172  0.0050  0.8633  1
 432:   0.0263  0.0194  0.0414  0.9129  1
 433:   0.0088  0.0106  0.0067  0.9739  1
 434:   0.0110  0.0090  0.0025  0.9775  1
 435:   0.0458  0.0531  0.0080  0.8930  1
 436:   0.0539  0.0130  0.0140  0.9191  1
 437:   0.0050  0.0204  0.0030  0.9716  1
 438:   0.0166  0.0221  0.0078  0.9535  1
 439:   0.0200  0.0114  0.0043  0.9643  1
 440:   0.0271  0.0091  0.0090  0.9548  1
 441:   0.0584  0.0077  0.0113  0.9226  1
 442:   0.0070  0.0050  0.0030  0.9850  1
 443:   0.0486  0.5821  0.0591  0.3102  1
 444:   0.0110  0.0228  0.0040  0.9622  1
 445:   0.0090  0.0098  0.0040  0.9772  1
 446:   0.0319  0.0070  0.0036  0.9575  1
 447:   0.0070  0.0060  0.0090  0.9780  1
 448:   0.0465  0.0070  0.0060  0.9405  1
 449:   0.0154  0.0039  0.0074  0.9733  1
 450:   0.1106  0.0227  0.0127  0.8540  1
 451:   0.1219  0.0147  0.0060  0.8574  1
 452:   0.0070  0.2467  0.0061  0.7402  1
 453:   0.0289  0.0050  0.0040  0.9621  1
 454:   0.0080  0.0060  0.0080  0.9780  1
 455:   0.0030  0.0167  0.0030  0.9773  1
 456:   0.0890  0.0072  0.0043  0.8995  1
 457:   0.0284  0.0182  0.0049  0.9485  1
 458:   0.0155  0.0060  0.0060  0.9725  1
 459:   0.0090  0.0141  0.0050  0.9719  1
 460:   0.0171  0.0050  0.0070  0.9709  1
 461:   0.0168  0.0070  0.0194  0.9568  1
 462:   0.0050  0.0323  0.0093  0.9534  1
 463:   0.0619  0.0105  0.0170  0.9106  1
 464:   0.0054  0.0834  0.0207  0.8905  1
 465:   0.0102  0.0060  0.0095  0.9743  1
 466:   0.0080  0.0738  0.0530  0.8652  1
 467:   0.0072  0.0069  0.0160  0.9699  1
 468:   0.0121  0.9121  0.0040  0.0718  1
 469:   0.0049  0.0121  0.0030  0.9800  1
 470:   0.0551  0.0779  0.0089  0.8582  1
 471:   0.1278  0.0080  0.0050  0.8592  1
 472:   0.0090  0.0090  0.0040  0.9780  1
 473:   0.0987  0.3564  0.0050  0.5399  1
 474:   0.0131  0.0119  0.0037  0.9713  1
 475:   0.5296  0.0315  0.0030  0.4359  1
 476:   0.0211  0.1411  0.0050  0.8328  1
 477:   0.0101  0.0060  0.0095  0.9744  1
 478:   0.0105  0.0173  0.0094  0.9628  1
 479:   0.0154  0.0218  0.0177  0.9451  1
 480:   0.0181  0.0070  0.0119  0.9630  1
 481:   0.0169  0.0169  0.0030  0.9632  1
 482:   0.0231  0.4463  0.0044  0.5262  1
 483:   0.0784  0.0080  0.0050  0.9086  1
 484:   0.0221  0.0232  0.0070  0.9477  1
 485:   0.0050  0.0100  0.0040  0.9810  1
 486:   0.0109  0.0683  0.0153  0.9055  1
 487:   0.0059  0.0227  0.0040  0.9674  1
 488:   0.0495  0.0115  0.0050  0.9340  1
 489:   0.0119  0.0260  0.0093  0.9528  1
 490:   0.0168  0.0089  0.0050  0.9693  1
 491:   0.0040  0.0069  0.0028  0.9863  1
 492:   0.0173  0.0031  0.0090  0.9706  1
 493:   0.0060  0.0060  0.0040  0.9840  1
 494:   0.0066  0.0100  0.0030  0.9804  1
 495:   0.0150  0.0112  0.0040  0.9698  1
 496:   0.0070  0.0064  0.0099  0.9767  1
 497:   0.1440  0.0358  0.0276  0.7925  1
 498:   0.0100  0.0135  0.0030  0.9735  1
 499:   0.0101  0.0255  0.0071  0.9573  1
 500:   0.0154  0.0495  0.0040  0.9311  1
 501:   0.0069  0.0119  0.0040  0.9772  1
 502:   0.0209  0.0194  0.0070  0.9527  1
 503:   0.0080  0.2324  0.0049  0.7547  1
 504:   0.0050  0.0090  0.0050  0.9810  1
 505:   0.0104  0.0040  0.0040  0.9816  1
 506:   0.0497  0.0321  0.0112  0.9070  1
 507:   0.0154  0.0095  0.0030  0.9721  1
 508:   0.2097  0.1230  0.2038  0.4636  1
 509:   0.0089  0.0080  0.0030  0.9801  1
 510:   0.0263  0.0201  0.0070  0.9466  1
 511:   0.0677  0.0141  0.0255  0.8927  1
 512:   0.0100  0.0104  0.0129  0.9667  1
 513:   0.0110  0.0119  0.0060  0.9711  1
 514:   0.0076  0.0526  0.0219  0.9179  1
 515:   0.0243  0.0137  0.0120  0.9500  1
 516:   0.0080  0.0090  0.0110  0.9720  1
 517:   0.0120  0.0130  0.0030  0.9720  1
 518:   0.0490  0.0068  0.0050  0.9392  1
 519:   0.0040  0.0030  0.0040  0.9890  1
 520:   0.0364  0.0249  0.0344  0.9043  1
 521:   0.0080  0.0117  0.0040  0.9763  1
 522:   0.0326  0.0070  0.0110  0.9494  1
 523:   0.0080  0.0183  0.0030  0.9707  1
 524:   0.0084  0.0183  0.0040  0.9693  1
 525:   0.0070  0.0241  0.0049  0.9640  1
 526:   0.0050  0.0164  0.0034  0.9752  1
 527:   0.0210  0.0070  0.0080  0.9640  1
 528:   0.0080  0.0080  0.0110  0.9730  1
 529:   0.0248  0.0160  0.0119  0.9473  1
 530:   0.0091  0.0090  0.0529  0.9290  1
 531:   0.0170  0.0090  0.0134  0.9606  1
 532:   0.0060  0.0030  0.0030  0.9880  1
 533:   0.0197  0.0080  0.0050  0.9673  1
 534:   0.0302  0.0170  0.0370  0.9158  1
 535:   0.0167  0.2710  0.0264  0.6859  1
 536:   0.0080  0.0078  0.0109  0.9733  1
 537:   0.0060  0.0060  0.0030  0.9850  1
 538:   0.0060  0.0317  0.0020  0.9603  1
 539:   0.0080  0.0070  0.0060  0.9790  1
 540:   0.0352  0.0240  0.0050  0.9358  1
 541:   0.0488  0.2323  0.0156  0.7032  1
 542:   0.0175  0.0203  0.0187  0.9435  1
 543:   0.0088  0.0828  0.0177  0.8907  1
 544:   0.0115  0.0041  0.0030  0.9814  1
 545:   0.0070  0.0071  0.0048  0.9811  1
 546:   0.0078  0.0368  0.0050  0.9504  1
 547:   0.0178  0.0090  0.0040  0.9692  1
 548:   0.0073  0.1893  0.0031  0.8003  1
 549:   0.0070  0.0270  0.0040  0.9620  1
 550:   0.0110  0.0061  0.0040  0.9789  1
 551:   0.0887  0.0118  0.0062  0.8933  1
 552:   0.0158  0.0668  0.0040  0.9133  1
 553:   0.0248  0.1706  0.0040  0.8006  1
 554:   0.0082  0.0068  0.0048  0.9802  1
 555:   0.0040  0.0256  0.0040  0.9664  1
 556:   0.0122  0.0090  0.0080  0.9708  1
 557:   0.0148  0.0050  0.0070  0.9732  1
 558:   0.0440  0.0060  0.0050  0.9450  1
 559:   0.0079  0.0134  0.0841  0.8946  1
 560:   0.0152  0.0096  0.0080  0.9672  1
 561:   0.0090  0.0060  0.0050  0.9800  1
 562:   0.0224  0.0837  0.0100  0.8839  1
 563:   0.0070  0.0070  0.0030  0.9830  1
 564:   0.0075  0.0268  0.0030  0.9627  1
 565:   0.0100  0.1055  0.0050  0.8795  1
 566:   0.0315  0.0110  0.0110  0.9465  1
 567:   0.0061  0.0060  0.0040  0.9839  1
 568:   0.0119  0.0090  0.0071  0.9720  1
 569:   0.0173  0.0070  0.0070  0.9687  1
 570:   0.0076  0.0180  0.0040  0.9704  1
 571:   0.0080  0.0091  0.0020  0.9809  1
 572:   0.0090  0.0165  0.0066  0.9679  1
 573:   0.0157  0.0060  0.0040  0.9743  1
 574:   0.0070  0.0775  0.0020  0.9135  1
 575:   0.0042  0.5714  0.0150  0.4094  1
 576:   0.0260  0.0124  0.0097  0.9519  1
 577:   0.1547  0.0119  0.0286  0.8048  1
 578:   0.0139  0.0130  0.0060  0.9671  1
 579:   0.0069  0.0061  0.0020  0.9850  1
 580:   0.0194  0.0154  0.0060  0.9592  1
 581:   0.0050  0.0144  0.0035  0.9771  1
 582:   0.0039  0.0808  0.0050  0.9103  1
 583:   0.0105  0.0047  0.0030  0.9818  1
 584:   0.0061  0.0095  0.0020  0.9824  1
 585:   0.0108  0.0050  0.0049  0.9793  1
 586:   0.0171  0.0140  0.0040  0.9649  1
 587:   0.0060  0.0162  0.0050  0.9728  1
 588:   0.0094  0.0169  0.0050  0.9687  1
 589:   0.0114  0.0109  0.0030  0.9747  1
 590:   0.0376  0.0080  0.0080  0.9464  1
 591:   0.0120  0.0428  0.0070  0.9382  1
 592:   0.1337  0.0166  0.0100  0.8397  1
 593:   0.0100  0.0040  0.0110  0.9750  1
 594:   0.0090  0.0060  0.0040  0.9810  1
 595:   0.0080  0.0090  0.0188  0.9642  1
 596:   0.0060  0.0434  0.0060  0.9446  1
 597:   0.0040  0.0290  0.0060  0.9610  1
 598:   0.0069  0.0120  0.0060  0.9751  1
 599:   0.0391  0.0141  0.0034  0.9434  1
 600:   0.0080  0.0158  0.0080  0.9682  1
 601:   0.0050  0.0140  0.0050  0.9760  1
 602:   0.0138  0.0161  0.0060  0.9641  1
 603:   0.0086  0.0050  0.0050  0.9814  1
 604:   0.0081  0.0104  0.0292  0.9523  1
 605:   0.0030  0.0285  0.0087  0.9598  1
 606:   0.0092  0.0099  0.0100  0.9709  1
 607:   0.1061  0.0995  0.0201  0.7743  1
 608:   0.0050  0.0090  0.0040  0.9820  1
 609:   0.1174  0.0073  0.0040  0.8713  1
 610:   0.0121  0.0066  0.0020  0.9793  1
 611:   0.0044  0.0068  0.0050  0.9838  1
 612:   0.0130  0.0393  0.0060  0.9417  1
 613:   0.0179  0.0178  0.0050  0.9593  1
 614:   0.0128  0.0071  0.0060  0.9741  1
 615:   0.0050  0.0100  0.0107  0.9743  1
 616:   0.0133  0.0539  0.0366  0.8962  1
 617:   0.0138  0.0183  0.0034  0.9645  1
 618:   0.0040  0.0567  0.0061  0.9331  1
 619:   0.0373  0.2627  0.0078  0.6922  1
 620:   0.0100  0.0060  0.0030  0.9810  1
 621:   0.0116  0.0426  0.0030  0.9428  1
 622:   0.2308  0.1058  0.0045  0.6589  1
 623:   0.0600  0.0180  0.0020  0.9200  1
 624:   0.0256  0.0218  0.0403  0.9123  1
 625:   0.0682  0.0222  0.0151  0.8945  1
 626:   0.0212  0.0137  0.0090  0.9561  1
 627:   0.0368  0.2313  0.0033  0.7286  1
 628:   0.0101  0.0118  0.0124  0.9657  1
 629:   0.0188  0.1127  0.0090  0.8595  1
 630:   0.0130  0.0430  0.0080  0.9360  1
 631:   0.0053  0.0778  0.0100  0.9069  1
 632:   0.0117  0.0101  0.0050  0.9732  1
 633:   0.0070  0.0050  0.0030  0.9850  1
 634:   0.0129  0.3801  0.0060  0.6010  1
 635:   0.0118  0.0060  0.0031  0.9791  1
 636:   0.0354  0.0060  0.0030  0.9556  1
 637:   0.0100  0.0070  0.0200  0.9630  1
 638:   0.0070  0.0129  0.0030  0.9771  1
 639:   0.0169  0.0082  0.0030  0.9719  1
 640:   0.0060  0.0040  0.0030  0.9870  1
 641:   0.0070  0.0411  0.0020  0.9499  1
 642:   0.0390  0.0070  0.0040  0.9500  1
 643:   0.0559  0.2963  0.0040  0.6438  1
 644:   0.0146  0.0100  0.0030  0.9724  1
 645:   0.0050  0.0333  0.0020  0.9597  1
 646:   0.0243  0.0260  0.0040  0.9457  1
 647:   0.0180  0.0083  0.0059  0.9678  1
 648:   0.0267  0.0058  0.0070  0.9605  1
 649:   0.1099  0.0176  0.0040  0.8685  1
 650:   0.0090  0.0199  0.0069  0.9642  1
 651:   0.0089  0.0120  0.0050  0.9741  1
 652:   0.0215  0.0110  0.0129  0.9546  1
 653:   0.0368  0.0111  0.0106  0.9415  1
 654:   0.0080  0.0115  0.2003  0.7802  1
 655:   0.0237  0.0222  0.0380  0.9161  1
 656:   0.0070  0.0110  0.0060  0.9760  1
 657:   0.0672  0.0133  0.0217  0.8978  1
 658:   0.0090  0.0351  0.0070  0.9489  1
 659:   0.0131  0.0118  0.0049  0.9702  1
 660:   0.0090  0.0060  0.0030  0.9820  1
 661:   0.0257  0.0090  0.0098  0.9555  1
 662:   0.0080  0.0572  0.0399  0.8949  1
 663:   0.0517  0.0100  0.0040  0.9343  1
 664:   0.0040  0.0050  0.0060  0.9850  1
 665:   0.0409  0.0090  0.0110  0.9391  1
 666:   0.0140  0.0259  0.0040  0.9561  1
 667:   0.0050  0.0229  0.0056  0.9665  1
 668:   0.0090  0.0142  0.0040  0.9728  1
 669:   0.0196  0.2406  0.0070  0.7328  1
 670:   0.0050  0.0050  0.0040  0.9860  1
 671:   0.0223  0.0169  0.0030  0.9578  1
 672:   0.0060  0.0050  0.0050  0.9840  1
 673:   0.0123  0.0247  0.0040  0.9590  1
 674:   0.0077  0.0050  0.0090  0.9783  1
 675:   0.0298  0.0118  0.0375  0.9209  1
 676:   0.0090  0.0078  0.0135  0.9697  1
 677:   0.0069  0.0068  0.0040  0.9823  1
 678:   0.0070  0.1432  0.0140  0.8358  1
 679:   0.0212  0.0214  0.0050  0.9524  1
 680:   0.1086  0.0316  0.0326  0.8272  1
 681:   0.0235  0.0186  0.0030  0.9549  1
 682:   0.0073  0.0165  0.0030  0.9732  1
 683:   0.0418  0.0099  0.0040  0.9443  1
 684:   0.0180  0.0299  0.0070  0.9451  1
 685:   0.0096  0.0090  0.0060  0.9754  1
 686:   0.1742  0.0090  0.0066  0.8102  1
 687:   0.0165  0.0264  0.0063  0.9508  1
 688:   0.0078  0.0070  0.0050  0.9802  1
 689:   0.1514  0.0080  0.0090  0.8316  1
 690:   0.0309  0.0274  0.0069  0.9348  1
 691:   0.0050  0.0149  0.0050  0.9751  1
 692:   0.0170  0.0105  0.0133  0.9592  1
 693:   0.5791  0.0622  0.0090  0.3497  1
 694:   0.0790  0.0297  0.0090  0.8823  1
 695:   0.0060  0.0080  0.0030  0.9830  1
 696:   0.0057  0.0126  0.0040  0.9777  1
 697:   0.0087  0.0171  0.0060  0.9682  1
 698:   0.0227  0.0060  0.0060  0.9653  1
 699:   0.0090  0.0169  0.0060  0.9681  1
 700:   0.0193  0.0180  0.0050  0.9577  1
 701:   0.0168  0.0117  0.0030  0.9685  1
 702:   0.0230  0.0503  0.0150  0.9117  1
 703:   0.0050  0.0068  0.0050  0.9832  1
 704:   0.0099  0.1052  0.0043  0.8806  1
 705:   0.0151  0.0126  0.0080  0.9643  1
 706:   0.0040  0.0070  0.0020  0.9870  1
 707:   0.0095  0.0231  0.0040  0.9634  1
 708:   0.0155  0.0183  0.0040  0.9622  1
 709:   0.0245  0.0151  0.0630  0.8975  1
 710:   0.0060  0.0358  0.0070  0.9512  1
 711:   0.2030  0.0191  0.0030  0.7749  1
 712:   0.2375  0.2481  0.0060  0.5084  1
 713:   0.0191  0.0113  0.0729  0.8967  1
 714:   0.0089  0.0060  0.0030  0.9821  1
 715:   0.0090  0.0114  0.0050  0.9746  1
 716:   0.0040  0.0030  0.0040  0.9890  1
 717:   0.0331  0.1868  0.0050  0.7751  1
 718:   0.0040  0.0083  0.0030  0.9847  1
 719:   0.0150  0.0151  0.0386  0.9313  1
 720:   0.0340  0.0375  0.0182  0.9103  1
 721:   0.0132  0.0071  0.0781  0.9016  1
 722:   0.0164  0.0051  0.0050  0.9735  1
 723:   0.0205  0.0097  0.0040  0.9658  1
 724:   0.0400  0.0176  0.0050  0.9374  1
 725:   0.0216  0.0270  0.0177  0.9337  1
 726:   0.0326  0.0336  0.0060  0.9278  1
 727:   0.0156  0.0119  0.0030  0.9695  1
 728:   0.0113  0.0050  0.0030  0.9807  1
 729:   0.0060  0.0235  0.0040  0.9665  1
 730:   0.0110  0.0090  0.0051  0.9749  1
 731:   0.0308  0.1767  0.0233  0.7692  1
 732:   0.0512  0.0519  0.0080  0.8889  1
 733:   0.0200  0.0069  0.0070  0.9661  1
 734:   0.0060  0.0874  0.0030  0.9036  1
 735:   0.0085  0.0196  0.0363  0.9356  1
 736:   0.0193  0.0070  0.0090  0.9647  1
 737:   0.0157  0.0223  0.0182  0.9438  1
 738:   0.0415  0.0775  0.0248  0.8562  1
 739:   0.0258  0.0195  0.0114  0.9433  1
 740:   0.0054  0.0085  0.0060  0.9801  1
 741:   0.0234  0.0185  0.0040  0.9541  1
 742:   0.0132  0.2730  0.0093  0.7045  1
 743:   0.0089  0.0891  0.0118  0.8902  1
 744:   0.0156  0.0293  0.0080  0.9471  1
 745:   0.0167  0.0110  0.0296  0.9427  1
 746:   0.0080  0.0092  0.0030  0.9798  1
 747:   0.0067  0.0099  0.0081  0.9753  1
 748:   0.0060  0.0062  0.0050  0.9828  1
 749:   0.0125  0.0499  0.0070  0.9306  1
 750:   0.0068  0.0086  0.0020  0.9826  1
 751:   0.0309  0.1189  0.0130  0.8372  1
 752:   0.0099  0.0108  0.0342  0.9451  1
 753:   0.0105  0.0129  0.0106  0.9660  1
 754:   0.0164  0.0204  0.0090  0.9542  1
 755:   0.0950  0.0135  0.0158  0.8757  1
 756:   0.0160  0.0361  0.0177  0.9302  1
 757:   0.0193  0.0234  0.0060  0.9513  1
 758:   0.0073  0.0040  0.0040  0.9847  1
 759:   0.0080  0.0054  0.0050  0.9816  1
 760:   0.1851  0.0118  0.0091  0.7940  1
 761:   0.0270  0.0109  0.0050  0.9571  1
 762:   0.0502  0.0325  0.0030  0.9143  1
 763:   0.0100  0.0052  0.0040  0.9808  1
 764:   0.0152  0.0084  0.0030  0.9734  1
 765:   0.0080  0.0067  0.0147  0.9706  1
 766:   0.0046  0.0101  0.0080  0.9773  1
 767:   0.0084  0.0161  0.0060  0.9695  1
 768:   0.0081  0.0174  0.0293  0.9452  1
 769:   0.0080  0.0060  0.0100  0.9760  1
 770:   0.0282  0.0208  0.0130  0.9380  1
 771:   0.0127  0.1205  0.0050  0.8618  1
 772:   0.0050  0.0063  0.0060  0.9827  1
 773:   0.0335  0.0284  0.0336  0.9045  1
 774:   0.0266  0.0255  0.1279  0.8200  1
 775:   0.0050  0.0750  0.0060  0.9140  1
 776:   0.0214  0.0119  0.0060  0.9607  1
 777:   0.0205  0.0351  0.0050  0.9394  1
 778:   0.0227  0.0414  0.0100  0.9259  1
 779:   0.0079  0.0050  0.0030  0.9841  1
 780:   0.0334  0.0243  0.2067  0.7355  1
 781:   0.0071  0.1731  0.0050  0.8148  1
 782:   0.0134  0.0068  0.0064  0.9734  1
 783:   0.0945  0.0100  0.0060  0.8895  1
 784:   0.0095  0.0124  0.0030  0.9751  1
 785:   0.0200  0.0290  0.0040  0.9470  1
 786:   0.0050  0.0050  0.0030  0.9870  1
 787:   0.0130  0.0094  0.0050  0.9726  1
 788:   0.0095  0.0081  0.0050  0.9774  1
 789:   0.0289  0.0050  0.0030  0.9631  1
 790:   0.0163  0.0107  0.0030  0.9700  1
 791:   0.0070  0.0110  0.0040  0.9780  1
 792:   0.0956  0.1135  0.0070  0.7839  1
 793:   0.0050  0.0136  0.0030  0.9784  1
 794:   0.0116  0.0088  0.0100  0.9696  1
 795:   0.0132  0.0380  0.0086  0.9402  1
 796:   0.0070  0.0254  0.0153  0.9523  1
 797:   0.0040  0.0080  0.0089  0.9791  1
 798:   0.1955  0.1414  0.0898  0.5733  1
 799:   0.0215  0.0060  0.0170  0.9555  1
 800:   0.0050  0.0086  0.0030  0.9834  1
 801:   0.0030  0.0030  0.0030  0.9910  1
 802:   0.0322  0.0211  0.0292  0.9175  1
 803:   0.0048  0.0058  0.0050  0.9844  1
 804:   0.0976  0.0349  0.0040  0.8635  1
 805:   0.0427  0.1001  0.0292  0.8280  1
 806:   0.0096  0.7037  0.0120  0.2747  1
 807:   0.0353  0.0214  0.0173  0.9260  1
 808:   0.0096  0.0211  0.0100  0.9593  1
 809:   0.0308  0.0091  0.0030  0.9571  1
 810:   0.0657  0.0040  0.0060  0.9243  1
 811:   0.0050  0.0290  0.0591  0.9069  1
 812:   0.0110  0.0070  0.0059  0.9761  1
 813:   0.0102  0.0266  0.0040  0.9592  1
 814:   0.0139  0.0105  0.0021  0.9735  1
 815:   0.0511  0.0080  0.0097  0.9312  1
 816:   0.0082  0.0109  0.0040  0.9769  1
 817:   0.0495  0.0130  0.0304  0.9071  1
 818:   0.0162  0.0060  0.0221  0.9557  1
 819:   0.0529  0.0334  0.0040  0.9097  1
 820:   0.0031  0.0188  0.0040  0.9741  1
 821:   0.0162  0.0130  0.0101  0.9607  1
 822:   0.0330  0.0100  0.0060  0.9510  1
 823:   0.0070  0.0440  0.0150  0.9340  1
 824:   0.0265  0.0089  0.0192  0.9454  1
 825:   0.0130  0.0095  0.0108  0.9667  1
 826:   0.0090  0.0090  0.0030  0.9790  1
 827:   0.0098  0.0509  0.0030  0.9363  1
 828:   0.0091  0.0106  0.0040  0.9763  1
 829:   0.0346  0.0263  0.0040  0.9351  1
 830:   0.0110  0.1365  0.0246  0.8280  1
 831:   0.0050  0.0103  0.0030  0.9817  1
 832:   0.0082  0.0050  0.0043  0.9825  1
 833:   0.0060  0.0064  0.0030  0.9846  1
 834:   0.0259  0.0069  0.0030  0.9642  1
 835:   0.1138  0.0221  0.0166  0.8476  1
 836:   0.0470  0.0261  0.0090  0.9179  1
 837:   0.0070  0.0090  0.0034  0.9806  1
 838:   0.0070  0.0122  0.0040  0.9768  1
 839:   0.0060  0.0174  0.0140  0.9626  1
 840:   0.0030  0.0047  0.0030  0.9893  1
 841:   0.0409  0.0877  0.0171  0.8543  1
 842:   0.0110  0.0112  0.0030  0.9748  1
 843:   0.0090  0.0188  0.0030  0.9692  1
 844:   0.0109  0.0090  0.0030  0.9771  1
 845:   0.0030  0.0041  0.0090  0.9839  1
 846:   0.0152  0.0248  0.0100  0.9500  1
 847:   0.0054  0.0237  0.0050  0.9659  1
 848:   0.0315  0.0103  0.0040  0.9542  1
 849:   0.0189  0.0936  0.0070  0.8805  1
 850:   0.0435  0.0101  0.0038  0.9426  1
 851:   0.0080  0.0561  0.0060  0.9299  1
 852:   0.0947  0.0235  0.0100  0.8718  1
 853:   0.0080  0.0071  0.0040  0.9809  1
 854:   0.0100  0.0058  0.0045  0.9797  1
 855:   0.0678  0.0152  0.0472  0.8697  1
 856:   0.0087  0.0074  0.0163  0.9676  1
 857:   0.0214  0.0210  0.1357  0.8219  1
 858:   0.0073  0.0070  0.0030  0.9827  1
 859:   0.0030  0.0091  0.0030  0.9849  1
 860:   0.0092  0.0060  0.0080  0.9768  1
 861:   0.0195  0.0127  0.0264  0.9414  1
 862:   0.0613  0.0128  0.0298  0.8961  1
 863:   0.0389  0.0090  0.0030  0.9491  1
 864:   0.0132  0.0080  0.0070  0.9718  1
 865:   0.0130  0.0254  0.0058  0.9558  1
 866:   0.1213  0.0070  0.0041  0.8676  1
 867:   0.0360  0.0130  0.0040  0.9470  1
 868:   0.0088  0.0100  0.0030  0.9782  1
 869:   0.0070  0.0099  0.0111  0.9720  1
 870:   0.0081  0.0050  0.0020  0.9849  1
 871:   0.0151  0.0050  0.0040  0.9759  1
 872:   0.0070  0.0100  0.0080  0.9750  1
 873:   0.0094  0.0050  0.0030  0.9826  1
 874:   0.0241  0.0140  0.0238  0.9381  1
 875:   0.0050  0.0140  0.0040  0.9770  1
 876:   0.0048  0.0060  0.0040  0.9852  1
 877:   0.0040  0.0060  0.0040  0.9860  1
 878:   0.0157  0.0189  0.0050  0.9604  1
 879:   0.0252  0.2449  0.2189  0.5109  1
 880:   0.0114  0.0484  0.0043  0.9359  1
 881:   0.0088  0.0548  0.0040  0.9324  1
 882:   0.0106  0.0260  0.0220  0.9414  1
 883:   0.0060  0.8680  0.0040  0.1220  1
 884:   0.0125  0.0073  0.0064  0.9738  1
 885:   0.0059  0.0217  0.0031  0.9693  1
 886:   0.0170  0.0100  0.0050  0.9680  1
 887:   0.0704  0.1176  0.0229  0.7891  1
 888:   0.0200  0.0073  0.0060  0.9667  1
 889:   0.0080  0.2916  0.0176  0.6828  1
 890:   0.0115  0.0676  0.0503  0.8705  1
 891:   0.0070  0.0142  0.0040  0.9748  1
 892:   0.0030  0.0169  0.0040  0.9761  1
 893:   0.0060  0.0070  0.0030  0.9840  1
 894:   0.0125  0.0085  0.0030  0.9760  1
 895:   0.0205  0.0737  0.0040  0.9018  1
 896:   0.0352  0.0177  0.0080  0.9391  1
 897:   0.0080  0.0079  0.0060  0.9781  1
 898:   0.0172  0.0419  0.0138  0.9271  1
 899:   0.0041  0.0080  0.0040  0.9839  1
 900:   0.0082  0.0138  0.0040  0.9740  1
 901:   0.0141  0.0080  0.0030  0.9749  1
 902:   0.0885  0.0120  0.0104  0.8891  1
 903:   0.0131  0.0059  0.0080  0.9730  1
 904:   0.0161  0.0113  0.0155  0.9571  1
 905:   0.0120  0.0071  0.0050  0.9759  1
 906:   0.0202  0.0109  0.0143  0.9546  1
 907:   0.0085  0.0090  0.0040  0.9785  1
 908:   0.0139  0.0080  0.0379  0.9402  1
 909:   0.0139  0.0120  0.0040  0.9701  1
 910:   0.0080  0.0060  0.0040  0.9820  1
 911:   0.0090  0.3492  0.0050  0.6367  1
 912:   0.0282  0.0150  0.0346  0.9222  1
 913:   0.0110  0.0302  0.0040  0.9548  1
 914:   0.0354  0.0756  0.0050  0.8840  1
 915:   0.0081  0.0482  0.0070  0.9367  1
 916:   0.0641  0.0270  0.0059  0.9030  1
 917:   0.0413  0.0549  0.0334  0.8704  1
 918:   0.2881  0.0140  0.0060  0.6919  1
 919:   0.0092  0.0094  0.0030  0.9784  1
 920:   0.1963  0.0128  0.0030  0.7879  1
 921:   0.0700  0.0224  0.0280  0.8796  1
 922:   0.0788  0.0227  0.0050  0.8935  1
 923:   0.0099  0.0142  0.0040  0.9719  1
 924:   0.0080  0.0198  0.0030  0.9692  1
 925:   0.0240  0.0447  0.0030  0.9283  1
 926:   0.0147  0.0229  0.0040  0.9584  1
 927:   0.0120  0.0230  0.0050  0.9600  1
 928:   0.0445  0.1499  0.0070  0.7986  1
 929:   0.0660  0.0579  0.0278  0.8483  1
 930:   0.0191  0.0423  0.0368  0.9018  1
 931:   0.0488  0.0231  0.0220  0.9061  1
 932:   0.0382  0.0070  0.0100  0.9448  1
 933:   0.0167  0.0282  0.0067  0.9484  1
 934:   0.0060  0.0154  0.0058  0.9728  1
 935:   0.0495  0.0130  0.0051  0.9324  1
 936:   0.0607  0.0199  0.0150  0.9044  1
 937:   0.0184  0.0104  0.0265  0.9447  1
 938:   0.0146  0.0524  0.0146  0.9184  1
 939:   0.0069  0.0101  0.0030  0.9800  1
 940:   0.0060  0.0090  0.0070  0.9780  1
 941:   0.0060  0.0534  0.0149  0.9257  1
 942:   0.0040  0.0144  0.0070  0.9746  1
 943:   0.0220  0.0110  0.0110  0.9560  1
 944:   0.0040  0.0100  0.0120  0.9740  1
 945:   0.0132  0.0100  0.0427  0.9341  1
 946:   0.0100  0.0087  0.0090  0.9723  1
 947:   0.0597  0.0254  0.0076  0.9073  1
 948:   0.0905  0.0074  0.0030  0.8991  1
 949:   0.0406  0.0373  0.0040  0.9181  1
 950:   0.0258  0.0131  0.0030  0.9581  1
 951:   0.0087  0.0147  0.0113  0.9653  1
 952:   0.0241  0.0190  0.0050  0.9519  1
 953:   0.0724  0.0088  0.0085  0.9103  1
 954:   0.0134  0.0065  0.0030  0.9771  1
 955:   0.0206  0.0208  0.0085  0.9501  1
 956:   0.2620  0.6044  0.0089  0.1247  1
 957:   0.0040  0.0054  0.0020  0.9886  1
 958:   0.0597  0.0070  0.0175  0.9158  1
 959:   0.0576  0.0169  0.0037  0.9218  1
 960:   0.0210  0.0091  0.0040  0.9659  1
 961:   0.0084  0.0054  0.0032  0.9830  1
 962:   0.0139  0.0070  0.0030  0.9761  1
 963:   0.0060  0.0119  0.0240  0.9581  1
 964:   0.0110  0.0060  0.0040  0.9790  1
 965:   0.0050  0.0090  0.0050  0.9810  1
 966:   0.0070  0.0060  0.0030  0.9840  1
 967:   0.0130  0.0090  0.0040  0.9740  1
 968:   0.0130  0.0070  0.0080  0.9720  1
 969:   0.0125  0.0130  0.0367  0.9378  1
 970:   0.2051  0.0595  0.0183  0.7170  1
 971:   0.0049  0.0174  0.0070  0.9707  1
 972:   0.0117  0.0566  0.0129  0.9188  1
 973:   0.0050  0.0087  0.0020  0.9843  1
 974:   0.0962  0.0101  0.0352  0.8585  1
 975:   0.0077  0.0104  0.0032  0.9787  1
 976:   0.0189  0.0070  0.0070  0.9671  1
 977:   0.0344  0.0080  0.0057  0.9519  1
 978:   0.0063  0.0080  0.0176  0.9681  1
 979:   0.0154  0.0162  0.0040  0.9644  1
 980:   0.0100  0.0040  0.0040  0.9820  1
 981:   0.0070  0.0090  0.0150  0.9690  1
 982:   0.0071  0.0080  0.0040  0.9809  1
 983:   0.0108  0.0340  0.0050  0.9502  1
 984:   0.0080  0.0209  0.0020  0.9691  1
 985:   0.0060  0.0122  0.0040  0.9778  1
 986:   0.0080  0.0626  0.0090  0.9204  1
 987:   0.0116  0.0160  0.0230  0.9494  1
 988:   0.0364  0.0244  0.0409  0.8983  1
 989:   0.0100  0.0167  0.0144  0.9589  1
 990:   0.0050  0.0201  0.0070  0.9679  1
 991:   0.0832  0.0144  0.0252  0.8772  1
 992:   0.0245  0.0071  0.0040  0.9644  1
 993:   0.0179  0.0128  0.0040  0.9653  1
 994:   0.0754  0.0100  0.0040  0.9106  1
 995:   0.0072  0.0065  0.0090  0.9773  1
 996:   0.0190  0.0059  0.0074  0.9677  1
 997:   0.0090  0.0212  0.0040  0.9658  1
 998:   0.0499  0.1383  0.0030  0.8088  1
 999:   0.0276  0.0060  0.0031  0.9633  1
1000:   0.0133  0.0872  0.0146  0.8849  1
1001:   0.0060  0.0243  0.0030  0.9667  1
1002:   0.0074  0.0043  0.0100  0.9783  1
1003:   0.0090  0.0060  0.0050  0.9800  1
1004:   0.0140  0.3648  0.0060  0.6152  1
1005:   0.0171  0.0108  0.0040  0.9681  1
1006:   0.0113  0.0286  0.0100  0.9501  1
1007:   0.0070  0.0155  0.0040  0.9735  1
1008:   0.1863  0.0172  0.0099  0.7866  1
1009:   0.0533  0.0114  0.0030  0.9323  1
1010:   0.0052  0.0092  0.0030  0.9826  1
1011:   0.0175  0.0085  0.0080  0.9660  1
1012:   0.0322  0.1062  0.0127  0.8489  1
1013:   0.0651  0.1433  0.0168  0.7748  1
1014:   0.0275  0.0070  0.0167  0.9488  1
1015:   0.0113  0.0187  0.0120  0.9580  1
1016:   0.0094  0.0522  0.0103  0.9281  1
1017:   0.0884  0.0090  0.0155  0.8871  1
1018:   0.0564  0.0592  0.0040  0.8804  1
1019:   0.0129  0.0241  0.0070  0.9560  1
1020:   0.0160  0.0189  0.0040  0.9611  1
1021:   0.0337  0.0196  0.0040  0.9427  1
1022:   0.0108  0.0115  0.0060  0.9717  1
1023:   0.0040  0.0089  0.0080  0.9791  1
1024:   0.0120  0.0058  0.0040  0.9782  1
1025:   0.0064  0.0100  0.0090  0.9746  1
1026:   0.0070  0.0077  0.0020  0.9833  1
1027:   0.0558  0.0183  0.0045  0.9214  1
1028:   0.0541  0.0070  0.0161  0.9228  1
1029:   0.0090  0.0099  0.0030  0.9781  1
1030:   0.0603  0.0444  0.1416  0.7537  1
1031:   0.0389  0.0575  0.0070  0.8966  1
1032:   0.0090  0.1577  0.0091  0.8242  1
1033:   0.0080  0.0101  0.0051  0.9768  1
1034:   0.0571  0.0125  0.0060  0.9244  1
1035:   0.0121  0.0144  0.0040  0.9695  1
1036:   0.0219  0.0099  0.0050  0.9632  1
1037:   0.1788  0.1212  0.0089  0.6911  1
1038:   0.0080  0.0090  0.0030  0.9800  1
1039:   0.0102  0.0055  0.0030  0.9813  1
1040:   0.0070  0.0090  0.0090  0.9750  1
1041:   0.0101  0.0109  0.0089  0.9701  1
1042:   0.0353  0.0050  0.0041  0.9556  1
1043:   0.0216  0.0179  0.0060  0.9545  1
1044:   0.0101  0.0050  0.0049  0.9800  1
1045:   0.0190  0.0050  0.0030  0.9730  1
1046:   0.0928  0.0077  0.0080  0.8915  1
1047:   0.0221  0.0100  0.0039  0.9640  1
1048:   0.0160  0.0102  0.0040  0.9698  1
1049:   0.0104  0.0050  0.0030  0.9816  1
1050:   0.1224  0.0089  0.0060  0.8628  1
1051:   0.0165  0.0090  0.0037  0.9708  1
1052:   0.0063  0.0237  0.0140  0.9560  1
1053:   0.0438  0.0139  0.0050  0.9373  1
1054:   0.0250  0.0137  0.0050  0.9563  1
1055:   0.0110  0.0124  0.0030  0.9736  1
1056:   0.0098  0.0209  0.0070  0.9623  1
1057:   0.0110  0.0115  0.0050  0.9725  1
1058:   0.0070  0.0120  0.0158  0.9652  1
1059:   0.0155  0.0218  0.0174  0.9453  1
1060:   0.0107  0.0130  0.0099  0.9664  1
1061:   0.0202  0.0147  0.0120  0.9531  1
1062:   0.1192  0.3965  0.0141  0.4702  1
1063:   0.0115  0.0072  0.0165  0.9648  1
1064:   0.0059  0.0080  0.0040  0.9821  1
1065:   0.0294  0.0070  0.0048  0.9588  1
1066:   0.0228  0.0194  0.0050  0.9528  1
1067:   0.0080  0.0077  0.0125  0.9718  1
1068:   0.0114  0.0075  0.0020  0.9791  1
1069:   0.0060  0.0070  0.0040  0.9830  1
1070:   0.0060  0.0097  0.0050  0.9793  1
1071:   0.0050  0.0586  0.0050  0.9314  1
1072:   0.0060  0.0070  0.0080  0.9790  1
1073:   0.0110  0.0070  0.0049  0.9771  1
1074:   0.0321  0.0050  0.0142  0.9487  1
1075:   0.0203  0.0248  0.0100  0.9449  1
1076:   0.0080  0.0050  0.0169  0.9701  1
1077:   0.0040  0.0060  0.0050  0.9850  1
1078:   0.0060  0.1600  0.0040  0.8300  1
1079:   0.0394  0.0112  0.0080  0.9414  1
1080:   0.3964  0.0130  0.0990  0.4916  1
1081:   0.0040  0.0056  0.0030  0.9874  1
1082:   0.0077  0.0060  0.0110  0.9753  1
1083:   0.0439  0.0100  0.0040  0.9421  1
1084:   0.0035  0.0070  0.0030  0.9865  1
1085:   0.0080  0.0040  0.0135  0.9745  1
1086:   0.0110  0.0050  0.0020  0.9820  1
1087:   0.0082  0.0090  0.0040  0.9788  1
1088:   0.0099  0.0085  0.0079  0.9737  1
1089:   0.0110  0.0070  0.0030  0.9790  1
1090:   0.4049  0.0517  0.0161  0.5273  1
1091:   0.0070  0.0219  0.0109  0.9602  1
1092:   0.0060  0.0548  0.0060  0.9332  1
1093:   0.0140  0.0051  0.0090  0.9719  1
1094:   0.0294  0.0149  0.0175  0.9382  1
1095:   0.0132  0.0120  0.0070  0.9678  1
1096:   0.0070  0.0090  0.0020  0.9820  1
1097:   0.2535  0.0563  0.0395  0.6507  1
1098:   0.0177  0.0080  0.0061  0.9682  1
1099:   0.3065  0.0457  0.1918  0.4561  1
1100:   0.0337  0.0148  0.0866  0.8649  1
1101:   0.0203  0.0080  0.0060  0.9657  1
1102:   0.0080  0.0116  0.0030  0.9774  1
1103:   0.0203  0.0143  0.0100  0.9554  1
1104:   0.1045  0.0538  0.0109  0.8308  1
1105:   0.0070  0.0177  0.0050  0.9703  1
1106:   0.0050  0.0220  0.0030  0.9700  1
1107:   0.0060  0.0094  0.0020  0.9826  1
1108:   0.0786  0.0260  0.0120  0.8834  1
1109:   0.0404  0.0322  0.0090  0.9184  1
1110:   0.0068  0.0275  0.0090  0.9567  1
1111:   0.0116  0.0050  0.0060  0.9774  1
1112:   0.0707  0.0090  0.0383  0.8820  1
1113:   0.0070  0.0030  0.0030  0.9870  1
1114:   0.0302  0.3367  0.0100  0.6231  1
1115:   0.0079  0.0079  0.0030  0.9812  1
1116:   0.0321  0.0130  0.0060  0.9489  1
1117:   0.0090  0.0324  0.0160  0.9426  1
1118:   0.0429  0.0118  0.0050  0.9403  1
1119:   0.0079  0.0120  0.0060  0.9741  1
1120:   0.0660  0.0091  0.0050  0.9199  1
1121:   0.0815  0.0050  0.0040  0.9095  1
1122:   0.0325  0.0349  0.0056  0.9270  1
1123:   0.0176  0.0233  0.0506  0.9085  1
1124:   0.0080  0.0349  0.0110  0.9461  1
1125:   0.0041  0.0067  0.0040  0.9852  1
1126:   0.0101  0.2598  0.0050  0.7251  1
1127:   0.0060  0.0105  0.0040  0.9795  1
1128:   0.0106  0.0168  0.0060  0.9666  1
1129:   0.0211  0.0091  0.0151  0.9547  1
1130:   0.0094  0.0174  0.0070  0.9662  1
1131:   0.0118  0.0060  0.0493  0.9329  1
1132:   0.0050  0.0284  0.0091  0.9575  1
1133:   0.0082  0.0140  0.0053  0.9725  1
1134:   0.0116  0.0080  0.0040  0.9764  1
1135:   0.0139  0.0086  0.0069  0.9706  1
1136:   0.1135  0.1167  0.0141  0.7557  1
1137:   0.5269  0.0223  0.0050  0.4458  1
1138:   0.0090  0.0149  0.0080  0.9681  1
1139:   0.1220  0.0160  0.0070  0.8551  1
1140:   0.0122  0.0099  0.0165  0.9614  1
1141:   0.0077  0.0303  0.0048  0.9572  1
1142:   0.0161  0.0110  0.0050  0.9679  1
1143:   0.0582  0.0179  0.0090  0.9149  1
1144:   0.0208  0.0115  0.0055  0.9622  1
1145:   0.0047  0.0481  0.0030  0.9442  1
1146:   0.0088  0.0050  0.0040  0.9822  1
1147:   0.0241  0.0098  0.0050  0.9611  1
1148:   0.0206  0.0070  0.0040  0.9684  1
1149:   0.0060  0.6664  0.0030  0.3246  1
1150:   0.0625  0.0542  0.0070  0.8763  1
1151:   0.0383  0.0340  0.1037  0.8240  1
1152:   0.0151  0.0070  0.0060  0.9719  1
1153:   0.0256  0.0316  0.0039  0.9389  1
1154:   0.1094  0.1321  0.0181  0.7404  1
1155:   0.0199  0.0060  0.0060  0.9681  1
1156:   0.0079  0.0086  0.0037  0.9798  1
1157:   0.0389  0.0522  0.0060  0.9029  1
1158:   0.0120  0.0081  0.0050  0.9749  1
1159:   0.0154  0.0050  0.0050  0.9746  1
1160:   0.0089  0.0149  0.0030  0.9732  1
1161:   0.0723  0.0262  0.0060  0.8955  1
1162:   0.0632  0.0203  0.0092  0.9073  1
1163:   0.6577  0.0060  0.0058  0.3305  1
1164:   0.1001  0.0115  0.0030  0.8854  1
1165:   0.0116  0.0090  0.0040  0.9754  1
1166:   0.0825  0.0110  0.0210  0.8855  1
1167:   0.0240  0.0229  0.0180  0.9351  1
1168:   0.0140  0.0119  0.0080  0.9661  1
1169:   0.0205  0.0098  0.0050  0.9647  1
1170:   0.6677  0.0417  0.0089  0.2817  1
1171:   0.0307  0.0092  0.0048  0.9553  1
1172:   0.0073  0.0070  0.0075  0.9782  1
1173:   0.0100  0.0454  0.0090  0.9356  1
1174:   0.0225  0.0121  0.0099  0.9555  1
1175:   0.0262  0.0288  0.0090  0.9360  1
1176:   0.0304  0.0571  0.0514  0.8611  1
1177:   0.5717  0.3324  0.0148  0.0811  1
1178:   0.0130  0.0050  0.0040  0.9780  1
1179:   0.1706  0.0242  0.0090  0.7962  1
1180:   0.0089  0.1644  0.0602  0.7665  1
1181:   0.0070  0.0123  0.0164  0.9643  1
1182:   0.2348  0.0135  0.0130  0.7387  1
1183:   0.4109  0.0173  0.0110  0.5608  1
1184:   0.0140  0.0165  0.0080  0.9615  1
1185:   0.0080  0.0124  0.0403  0.9393  1
1186:   0.6855  0.0527  0.0149  0.2469  1
1187:   0.1515  0.0700  0.0288  0.7497  1
1188:   0.0054  0.0050  0.0030  0.9866  1
1189:   0.0080  0.0345  0.0124  0.9451  1
1190:   0.0059  0.0124  0.0032  0.9785  1
1191:   0.0090  0.4819  0.0170  0.4921  1
1192:   0.0135  0.0219  0.0020  0.9626  1
1193:   0.0080  0.0154  0.0070  0.9696  1
1194:   0.0898  0.0140  0.0260  0.8702  1
1195:   0.7098  0.0124  0.0050  0.2728  1
1196:   0.0070  0.0328  0.0040  0.9562  1
1197:   0.0070  0.0147  0.0190  0.9593  1
1198:   0.0229  0.0113  0.0040  0.9618  1
1199:   0.0160  0.0148  0.0060  0.9632  1
1200:   0.0080  0.0255  0.0801  0.8864  1
1201:   0.0471  0.0601  0.0130  0.8798  1
1202:   0.0071  0.0500  0.0809  0.8619  1
1203:   0.0293  0.0278  0.0247  0.9182  1
1204:   0.0111  0.1699  0.0040  0.8150  1
1205:   0.0233  0.0121  0.0079  0.9567  1
1206:   0.0101  0.1463  0.0570  0.7866  1
1207:   0.0061  0.0139  0.0151  0.9649  1
1208:   0.0210  0.0098  0.0302  0.9390  1
1209:   0.0040  0.1730  0.0020  0.8210  1
1210:   0.0422  0.0188  0.0060  0.9330  1
1211:   0.0030  0.0113  0.0195  0.9662  1
1212:   0.0126  0.0807  0.0030  0.9037  1
1213:   0.0219  0.0146  0.0214  0.9421  1
1214:   0.0090  0.0080  0.0140  0.9690  1
1215:   0.0551  0.0923  0.0171  0.8355  1
1216:   0.0151  0.0071  0.0616  0.9162  1
1217:   0.0266  0.0282  0.0030  0.9422  1
1218:   0.0080  0.0123  0.0070  0.9727  1
1219:   0.0126  0.0657  0.0323  0.8894  1
1220:   0.0270  0.2485  0.3416  0.3828  1
1221:   0.1477  0.0266  0.0120  0.8137  1
1222:   0.0148  0.0120  0.0066  0.9666  1
1223:   0.0130  0.0149  0.0040  0.9681  1
1224:   0.0690  0.0161  0.0291  0.8858  1
1225:   0.1607  0.0090  0.0230  0.8073  1
1226:   0.0367  0.0099  0.0053  0.9481  1
1227:   0.0732  0.0291  0.0060  0.8918  1
1228:   0.0184  0.1824  0.1360  0.6632  1
1229:   0.0040  0.0120  0.0040  0.9800  1
1230:   0.0137  0.0083  0.0040  0.9740  1
1231:   0.0365  0.0451  0.0261  0.8923  1
1232:   0.0141  0.0185  0.0040  0.9634  1
1233:   0.0050  0.0124  0.0040  0.9786  1
1234:   0.0050  0.0135  0.0029  0.9786  1
1235:   0.0050  0.0050  0.0040  0.9860  1
1236:   0.0070  0.0275  0.0428  0.9227  1
1237:   0.0100  0.0210  0.0150  0.9540  1
1238:   0.0056  0.0165  0.0110  0.9669  1
1239:   0.0491  0.0711  0.0050  0.8748  1
1240:   0.9866  0.0040  0.0054  0.0040  1
1241:   0.8339  0.0119  0.1326  0.0216  1
1242:   0.7962  0.0114  0.0060  0.1864  1
1243:   0.8655  0.0070  0.1143  0.0132  1
1244:   0.9772  0.0118  0.0050  0.0060  1
1245:   0.9838  0.0082  0.0030  0.0050  1
1246:   0.9790  0.0080  0.0030  0.0100  1
1247:   0.8011  0.0641  0.0080  0.1268  1
1248:   0.6832  0.0112  0.0040  0.3016  1
1249:   0.9826  0.0070  0.0040  0.0064  1
1250:   0.4958  0.0100  0.0080  0.4862  1
1251:   0.9683  0.0148  0.0052  0.0117  1
1252:   0.9862  0.0048  0.0030  0.0060  1
1253:   0.9770  0.0091  0.0030  0.0109  1
1254:   0.9633  0.0090  0.0108  0.0169  1
1255:   0.9849  0.0040  0.0040  0.0071  1
1256:   0.9672  0.0178  0.0030  0.0120  1
1257:   0.9572  0.0191  0.0070  0.0167  1
1258:   0.9544  0.0140  0.0184  0.0132  1
1259:   0.9785  0.0054  0.0020  0.0141  1
1260:   0.0186  0.0323  0.0372  0.9119  1
1261:   0.9826  0.0030  0.0086  0.0058  1
1262:   0.9737  0.0132  0.0051  0.0080  1
1263:   0.9549  0.0101  0.0072  0.0278  1
1264:   0.9905  0.0035  0.0030  0.0030  1
1265:   0.8944  0.0163  0.0068  0.0825  1
1266:   0.9506  0.0343  0.0070  0.0081  1
1267:   0.9802  0.0048  0.0090  0.0060  1
1268:   0.9848  0.0062  0.0030  0.0060  1
1269:   0.9478  0.0383  0.0030  0.0109  1
1270:   0.9800  0.0070  0.0060  0.0070  1
1271:   0.9756  0.0104  0.0080  0.0060  1
1272:   0.9890  0.0040  0.0040  0.0030  1
1273:   0.9810  0.0080  0.0030  0.0080  1
1274:   0.9738  0.0106  0.0040  0.0116  1
1275:   0.1873  0.0480  0.0060  0.7587  1
1276:   0.9802  0.0078  0.0040  0.0080  1
1277:   0.9790  0.0070  0.0030  0.0110  1
1278:   0.9861  0.0049  0.0050  0.0040  1
1279:   0.9789  0.0100  0.0030  0.0081  1
1280:   0.9790  0.0100  0.0040  0.0070  1
1281:   0.9765  0.0090  0.0030  0.0115  1
1282:   0.9617  0.0131  0.0070  0.0182  1
1283:   0.8802  0.0997  0.0050  0.0151  1
1284:   0.9744  0.0078  0.0030  0.0148  1
1285:   0.9830  0.0040  0.0080  0.0050  1
1286:   0.9825  0.0085  0.0030  0.0060  1
1287:   0.9283  0.0089  0.0140  0.0488  1
1288:   0.9870  0.0060  0.0030  0.0040  1
1289:   0.9139  0.0578  0.0070  0.0213  1
1290:   0.9710  0.0103  0.0050  0.0137  1
1291:   0.9214  0.0155  0.0070  0.0561  1
1292:   0.9562  0.0070  0.0328  0.0040  1
1293:   0.9455  0.0139  0.0143  0.0263  1
1294:   0.8121  0.0203  0.0020  0.1656  1
1295:   0.9791  0.0063  0.0060  0.0086  1
1296:   0.9687  0.0132  0.0060  0.0121  1
1297:   0.9158  0.0139  0.0080  0.0623  1
1298:   0.9860  0.0040  0.0050  0.0050  1
1299:   0.8354  0.0830  0.0070  0.0746  1
1300:   0.9840  0.0040  0.0070  0.0050  1
1301:   0.9831  0.0060  0.0050  0.0059  1
1302:   0.9758  0.0061  0.0030  0.0151  1
1303:   0.9371  0.0070  0.0112  0.0447  1
1304:   0.9508  0.0169  0.0208  0.0115  1
1305:   0.9778  0.0050  0.0050  0.0122  1
1306:   0.9651  0.0209  0.0050  0.0090  1
1307:   0.9840  0.0060  0.0040  0.0060  1
1308:   0.7396  0.0087  0.0034  0.2483  1
1309:   0.9830  0.0050  0.0030  0.0090  1
1310:   0.9499  0.0130  0.0110  0.0261  1
1311:   0.8928  0.0295  0.0639  0.0138  1
1312:   0.9402  0.0100  0.0407  0.0091  1
1313:   0.9699  0.0110  0.0090  0.0101  1
1314:   0.9659  0.0111  0.0170  0.0060  1
1315:   0.9702  0.0060  0.0150  0.0088  1
1316:   0.8279  0.1404  0.0155  0.0162  1
1317:   0.9857  0.0040  0.0050  0.0053  1
1318:   0.9523  0.0159  0.0030  0.0288  1
1319:   0.7825  0.1448  0.0220  0.0507  1
1320:   0.9746  0.0050  0.0134  0.0070  1
1321:   0.9469  0.0090  0.0020  0.0421  1
1322:   0.9706  0.0080  0.0030  0.0184  1
1323:   0.9324  0.0246  0.0030  0.0400  1
1324:   0.9813  0.0078  0.0059  0.0050  1
1325:   0.8318  0.0874  0.0481  0.0327  1
1326:   0.9242  0.0100  0.0070  0.0588  1
1327:   0.9719  0.0062  0.0121  0.0098  1
1328:   0.8181  0.0326  0.0049  0.1444  1
1329:   0.9823  0.0047  0.0060  0.0070  1
1330:   0.9630  0.0130  0.0134  0.0106  1
1331:   0.9856  0.0060  0.0020  0.0064  1
1332:   0.9840  0.0040  0.0080  0.0040  1
1333:   0.9777  0.0087  0.0079  0.0057  1
1334:   0.9563  0.0171  0.0100  0.0166  1
1335:   0.9880  0.0040  0.0040  0.0040  1
1336:   0.9807  0.0050  0.0061  0.0082  1
1337:   0.8645  0.0079  0.0598  0.0678  1
1338:   0.9010  0.0680  0.0051  0.0259  1
1339:   0.9618  0.0100  0.0162  0.0120  1
1340:   0.9809  0.0040  0.0121  0.0030  1
1341:   0.9446  0.0315  0.0090  0.0149  1
1342:   0.9464  0.0120  0.0224  0.0192  1
1343:   0.9607  0.0050  0.0067  0.0276  1
1344:   0.9224  0.0617  0.0041  0.0118  1
1345:   0.9135  0.0099  0.0040  0.0726  1
1346:   0.9820  0.0050  0.0060  0.0070  1
1347:   0.9164  0.0078  0.0080  0.0678  1
1348:   0.9784  0.0050  0.0040  0.0126  1
1349:   0.9785  0.0040  0.0020  0.0155  1
1350:   0.9739  0.0124  0.0033  0.0104  1
1351:   0.9768  0.0100  0.0052  0.0080  1
1352:   0.9816  0.0084  0.0030  0.0070  1
1353:   0.9773  0.0101  0.0030  0.0096  1
1354:   0.9699  0.0098  0.0040  0.0163  1
1355:   0.9810  0.0070  0.0080  0.0040  1
1356:   0.9761  0.0088  0.0081  0.0070  1
1357:   0.9866  0.0054  0.0040  0.0040  1
1358:   0.2351  0.0193  0.0070  0.7386  1
1359:   0.9516  0.0340  0.0060  0.0084  1
1360:   0.9415  0.0320  0.0059  0.0206  1
1361:   0.9771  0.0080  0.0090  0.0059  1
1362:   0.9541  0.0079  0.0040  0.0340  1
1363:   0.9682  0.0040  0.0065  0.0213  1
1364:   0.9609  0.0059  0.0061  0.0271  1
1365:   0.9784  0.0050  0.0060  0.0106  1
1366:   0.9727  0.0075  0.0031  0.0167  1
1367:   0.9861  0.0039  0.0040  0.0060  1
1368:   0.9692  0.0050  0.0189  0.0069  1
1369:   0.9456  0.0319  0.0040  0.0185  1
1370:   0.7248  0.1002  0.0210  0.1540  1
1371:   0.9656  0.0140  0.0120  0.0084  1
1372:   0.9709  0.0150  0.0030  0.0111  1
1373:   0.9800  0.0050  0.0070  0.0080  1
1374:   0.9804  0.0040  0.0097  0.0059  1
1375:   0.8564  0.0050  0.0090  0.1296  1
1376:   0.9830  0.0050  0.0030  0.0090  1
1377:   0.9649  0.0211  0.0040  0.0100  1
1378:   0.9790  0.0050  0.0040  0.0120  1
1379:   0.9749  0.0098  0.0060  0.0093  1
1380:   0.9559  0.0280  0.0040  0.0121  1
1381:   0.9475  0.0164  0.0207  0.0154  1
1382:   0.9890  0.0030  0.0030  0.0050  1
1383:   0.9674  0.0180  0.0071  0.0075  1
1384:   0.9359  0.0402  0.0050  0.0189  1
1385:   0.9762  0.0049  0.0070  0.0119  1
1386:   0.9393  0.0075  0.0268  0.0264  1
1387:   0.9361  0.0221  0.0080  0.0338  1
1388:   0.9759  0.0040  0.0040  0.0161  1
1389:   0.9635  0.0090  0.0030  0.0245  1
1390:   0.9600  0.0040  0.0213  0.0147  1
1391:   0.9850  0.0030  0.0050  0.0070  1
1392:   0.4089  0.0353  0.0463  0.5095  1
1393:   0.8259  0.1152  0.0096  0.0493  1
1394:   0.9489  0.0056  0.0415  0.0040  1
1395:   0.9342  0.0053  0.0020  0.0585  1
1396:   0.7345  0.1257  0.0073  0.1324  1
1397:   0.9677  0.0129  0.0030  0.0164  1
1398:   0.6929  0.1443  0.0077  0.1551  1
1399:   0.8615  0.0231  0.0050  0.1104  1
1400:   0.9766  0.0074  0.0050  0.0110  1
1401:   0.9840  0.0070  0.0040  0.0050  1
1402:   0.9748  0.0050  0.0142  0.0060  1
1403:   0.8747  0.0420  0.0064  0.0769  1
1404:   0.9811  0.0070  0.0069  0.0050  1
1405:   0.6266  0.0783  0.0469  0.2482  1
1406:   0.9276  0.0071  0.0558  0.0095  1
1407:   0.9785  0.0065  0.0040  0.0110  1
1408:   0.9800  0.0080  0.0050  0.0070  1
1409:   0.9768  0.0080  0.0030  0.0122  1
1410:   0.7954  0.1714  0.0054  0.0278  1
1411:   0.0946  0.0591  0.0070  0.8393  1
1412:   0.5948  0.0413  0.0082  0.3557  1
1413:   0.8907  0.0449  0.0070  0.0574  1
1414:   0.9840  0.0070  0.0030  0.0060  1
1415:   0.8763  0.0215  0.0366  0.0656  1
1416:   0.9499  0.0229  0.0030  0.0242  1
1417:   0.9850  0.0050  0.0050  0.0050  1
1418:   0.9860  0.0050  0.0050  0.0040  1
1419:   0.9817  0.0060  0.0050  0.0073  1
1420:   0.9670  0.0093  0.0167  0.0070  1
1421:   0.9522  0.0120  0.0090  0.0268  1
1422:   0.9274  0.0198  0.0181  0.0347  1
1423:   0.9846  0.0060  0.0020  0.0074  1
1424:   0.9696  0.0110  0.0090  0.0104  1
1425:   0.9796  0.0040  0.0110  0.0054  1
1426:   0.9792  0.0050  0.0050  0.0108  1
1427:   0.9629  0.0050  0.0100  0.0221  1
1428:   0.7013  0.1631  0.0041  0.1314  1
1429:   0.9780  0.0070  0.0060  0.0090  1
1430:   0.9480  0.0060  0.0054  0.0406  1
1431:   0.9762  0.0071  0.0069  0.0098  1
1432:   0.7552  0.1967  0.0051  0.0430  1
1433:   0.9893  0.0037  0.0030  0.0040  1
1434:   0.9844  0.0056  0.0040  0.0060  1
1435:   0.9592  0.0164  0.0080  0.0164  1
1436:   0.9870  0.0040  0.0040  0.0050  1
1437:   0.0499  0.0113  0.0206  0.9182  1
1438:   0.9408  0.0313  0.0030  0.0249  1
1439:   0.9720  0.0141  0.0030  0.0109  1
1440:   0.9869  0.0031  0.0050  0.0050  1
1441:   0.1177  0.0277  0.0030  0.8516  1
1442:   0.5789  0.0410  0.0557  0.3244  1
1443:   0.9858  0.0041  0.0030  0.0071  1
1444:   0.9825  0.0030  0.0105  0.0040  1
1445:   0.9810  0.0090  0.0060  0.0040  1
1446:   0.0768  0.2383  0.0090  0.6759  1
1447:   0.3184  0.1224  0.0039  0.5553  1
1448:   0.5438  0.0845  0.0411  0.3306  1
1449:   0.9855  0.0046  0.0039  0.0060  1
1450:   0.9728  0.0081  0.0081  0.0110  1
1451:   0.9258  0.0580  0.0040  0.0122  1
1452:   0.9830  0.0050  0.0080  0.0040  1
1453:   0.9560  0.0100  0.0270  0.0070  1
1454:   0.9811  0.0060  0.0059  0.0070  1
1455:   0.9063  0.0151  0.0054  0.0732  1
1456:   0.9844  0.0058  0.0048  0.0050  1
1457:   0.9674  0.0059  0.0160  0.0107  1
1458:   0.9784  0.0070  0.0040  0.0106  1
1459:   0.9900  0.0030  0.0030  0.0040  1
1460:   0.9463  0.0057  0.0030  0.0450  1
1461:   0.8239  0.0404  0.0050  0.1306  1
1462:   0.9326  0.0080  0.0080  0.0514  1
1463:   0.9790  0.0070  0.0080  0.0060  1
1464:   0.9715  0.0083  0.0060  0.0142  1
1465:   0.9802  0.0073  0.0073  0.0052  1
1466:   0.9160  0.0080  0.0257  0.0503  1
1467:   0.9789  0.0121  0.0020  0.0070  1
1468:   0.9687  0.0070  0.0068  0.0175  1
1469:   0.9475  0.0077  0.0022  0.0426  1
1470:   0.9061  0.0249  0.0090  0.0600  1
1471:   0.9747  0.0089  0.0094  0.0070  1
1472:   0.9634  0.0271  0.0035  0.0060  1
1473:   0.9870  0.0050  0.0040  0.0040  1
1474:   0.9857  0.0070  0.0030  0.0043  1
1475:   0.9890  0.0030  0.0050  0.0030  1
1476:   0.9474  0.0220  0.0125  0.0181  1
1477:   0.9802  0.0098  0.0050  0.0050  1
1478:   0.9820  0.0070  0.0070  0.0040  1
1479:   0.9790  0.0060  0.0070  0.0080  1
1480:   0.7031  0.0217  0.0259  0.2493  1
1481:   0.9840  0.0040  0.0020  0.0100  1
1482:   0.0680  0.6221  0.0292  0.2807  1
1483:   0.9870  0.0040  0.0020  0.0070  1
1484:   0.9710  0.0070  0.0070  0.0150  1
1485:   0.9733  0.0051  0.0056  0.0160  1
1486:   0.9569  0.0203  0.0158  0.0070  1
1487:   0.9840  0.0069  0.0030  0.0061  1
1488:   0.9840  0.0070  0.0040  0.0050  1
1489:   0.9722  0.0068  0.0118  0.0092  1
1490:   0.9808  0.0062  0.0041  0.0089  1
1491:   0.9787  0.0090  0.0043  0.0080  1
1492:   0.9726  0.0144  0.0040  0.0090  1
1493:   0.9615  0.0040  0.0020  0.0325  1
1494:   0.9740  0.0100  0.0040  0.0120  1
1495:   0.9790  0.0080  0.0050  0.0080  1
1496:   0.9782  0.0060  0.0057  0.0101  1
1497:   0.9812  0.0080  0.0040  0.0068  1
1498:   0.9880  0.0030  0.0050  0.0040  1
1499:   0.1413  0.0419  0.0156  0.8012  1
1500:   0.9551  0.0188  0.0082  0.0179  1
1501:   0.9745  0.0080  0.0043  0.0132  1
1502:   0.9845  0.0065  0.0040  0.0050  1
1503:   0.9742  0.0148  0.0060  0.0050  1
1504:   0.9597  0.0104  0.0155  0.0144  1
1505:   0.9871  0.0040  0.0049  0.0040  1
1506:   0.9749  0.0076  0.0040  0.0135  1
1507:   0.4304  0.0407  0.0080  0.5209  1
1508:   0.9870  0.0050  0.0030  0.0050  1
1509:   0.9900  0.0040  0.0020  0.0040  1
1510:   0.9770  0.0070  0.0110  0.0050  1
1511:   0.9819  0.0057  0.0040  0.0084  1
1512:   0.9791  0.0090  0.0079  0.0040  1
1513:   0.9569  0.0150  0.0060  0.0221  1
1514:   0.9779  0.0050  0.0080  0.0091  1
1515:   0.9398  0.0070  0.0050  0.0482  1
1516:   0.9558  0.0098  0.0030  0.0314  1
1517:   0.9747  0.0138  0.0052  0.0063  1
1518:   0.9801  0.0060  0.0089  0.0050  1
1519:   0.9830  0.0060  0.0040  0.0070  1
1520:   0.9413  0.0203  0.0050  0.0334  1
1521:   0.9342  0.0168  0.0346  0.0144  1
1522:   0.7767  0.0148  0.1552  0.0533  1
1523:   0.9792  0.0058  0.0100  0.0050  1
1524:   0.9864  0.0050  0.0043  0.0043  1
1525:   0.9796  0.0098  0.0040  0.0066  1
1526:   0.9551  0.0107  0.0302  0.0040  1
1527:   0.9780  0.0120  0.0030  0.0070  1
1528:   0.9112  0.0303  0.0070  0.0515  1
1529:   0.9498  0.0227  0.0194  0.0081  1
1530:   0.9529  0.0097  0.0159  0.0215  1
1531:   0.9850  0.0060  0.0030  0.0060  1
1532:   0.9693  0.0119  0.0108  0.0080  1
1533:   0.9890  0.0040  0.0030  0.0040  1
1534:   0.9839  0.0071  0.0030  0.0060  1
1535:   0.9900  0.0040  0.0030  0.0030  1
1536:   0.9838  0.0040  0.0060  0.0062  1
1537:   0.9679  0.0076  0.0060  0.0185  1
1538:   0.7861  0.0040  0.2039  0.0060  1
1539:   0.9236  0.0073  0.0462  0.0229  1
1540:   0.9676  0.0070  0.0030  0.0224  1
1541:   0.9629  0.0117  0.0059  0.0195  1
1542:   0.9698  0.0110  0.0120  0.0072  1
1543:   0.9624  0.0140  0.0076  0.0160  1
1544:   0.9789  0.0060  0.0059  0.0092  1
1545:   0.9472  0.0157  0.0030  0.0341  1
1546:   0.8643  0.0722  0.0151  0.0484  1
1547:   0.9840  0.0040  0.0020  0.0100  1
1548:   0.9826  0.0060  0.0070  0.0044  1
1549:   0.9632  0.0218  0.0050  0.0100  1
1550:   0.9579  0.0080  0.0205  0.0136  1
1551:   0.9632  0.0183  0.0061  0.0124  1
1552:   0.9786  0.0050  0.0034  0.0130  1
1553:   0.9769  0.0061  0.0040  0.0130  1
1554:   0.6271  0.0563  0.0130  0.3036  1
1555:   0.9797  0.0088  0.0030  0.0085  1
1556:   0.9810  0.0065  0.0050  0.0075  1
1557:   0.9790  0.0051  0.0090  0.0069  1
1558:   0.9747  0.0080  0.0053  0.0120  1
1559:   0.9202  0.0221  0.0141  0.0436  1
1560:   0.9353  0.0271  0.0074  0.0302  1
1561:   0.9762  0.0108  0.0050  0.0080  1
1562:   0.9732  0.0075  0.0050  0.0143  1
1563:   0.9528  0.0090  0.0050  0.0332  1
1564:   0.9774  0.0070  0.0060  0.0096  1
1565:   0.9633  0.0146  0.0059  0.0162  1
1566:   0.9813  0.0067  0.0040  0.0080  1
1567:   0.9733  0.0109  0.0070  0.0088  1
1568:   0.9792  0.0118  0.0040  0.0050  1
1569:   0.9746  0.0080  0.0090  0.0084  1
1570:   0.6444  0.0560  0.0160  0.2836  1
1571:   0.9384  0.0092  0.0067  0.0457  1
1572:   0.8003  0.0509  0.0030  0.1458  1
1573:   0.9759  0.0080  0.0050  0.0111  1
1574:   0.9732  0.0130  0.0030  0.0108  1
1575:   0.9479  0.0153  0.0215  0.0153  1
1576:   0.9712  0.0198  0.0030  0.0060  1
1577:   0.9438  0.0275  0.0070  0.0217  1
1578:   0.9711  0.0060  0.0054  0.0175  1
1579:   0.9053  0.0296  0.0159  0.0492  1
1580:   0.9576  0.0090  0.0050  0.0284  1
1581:   0.9209  0.0101  0.0608  0.0082  1
1582:   0.9159  0.0052  0.0343  0.0446  1
1583:   0.9356  0.0092  0.0189  0.0363  1
1584:   0.9197  0.0211  0.0431  0.0161  1
1585:   0.9840  0.0080  0.0020  0.0060  1
1586:   0.9767  0.0090  0.0050  0.0093  1
1587:   0.9815  0.0055  0.0040  0.0090  1
1588:   0.9783  0.0052  0.0045  0.0120  1
1589:   0.8799  0.0243  0.0080  0.0878  1
1590:   0.9871  0.0040  0.0020  0.0069  1
1591:   0.9872  0.0040  0.0020  0.0068  1
1592:   0.8301  0.0355  0.0305  0.1039  1
1593:   0.9713  0.0050  0.0187  0.0050  1
1594:   0.9343  0.0353  0.0050  0.0254  1
1595:   0.9705  0.0083  0.0066  0.0146  1
1596:   0.9384  0.0337  0.0050  0.0229  1
1597:   0.7362  0.0534  0.0440  0.1664  1
1598:   0.9789  0.0118  0.0040  0.0053  1
1599:   0.8436  0.0559  0.0279  0.0726  1
1600:   0.9409  0.0090  0.0040  0.0461  1
1601:   0.9800  0.0080  0.0050  0.0070  1
1602:   0.9819  0.0040  0.0081  0.0060  1
1603:   0.9880  0.0030  0.0050  0.0040  1
1604:   0.8480  0.0372  0.0140  0.1008  1
1605:   0.9132  0.0226  0.0120  0.0522  1
1606:   0.9807  0.0055  0.0058  0.0080  1
1607:   0.9846  0.0040  0.0054  0.0060  1
1608:   0.9833  0.0061  0.0030  0.0076  1
1609:   0.9724  0.0064  0.0162  0.0050  1
1610:   0.9903  0.0037  0.0020  0.0040  1
1611:   0.9135  0.0503  0.0050  0.0312  1
1612:   0.9660  0.0139  0.0140  0.0061  1
1613:   0.9180  0.0409  0.0030  0.0381  1
1614:   0.8102  0.1072  0.0045  0.0781  1
1615:   0.9891  0.0040  0.0029  0.0040  1
1616:   0.9762  0.0078  0.0050  0.0110  1
1617:   0.9695  0.0156  0.0030  0.0119  1
1618:   0.9517  0.0181  0.0089  0.0213  1
1619:   0.9807  0.0060  0.0030  0.0103  1
1620:   0.9829  0.0040  0.0080  0.0051  1
1621:   0.9575  0.0134  0.0050  0.0241  1
1622:   0.9736  0.0144  0.0040  0.0080  1
1623:   0.9800  0.0043  0.0067  0.0090  1
1624:   0.9840  0.0050  0.0050  0.0060  1
1625:   0.9740  0.0089  0.0048  0.0123  1
1626:   0.9640  0.0179  0.0060  0.0121  1
1627:   0.9559  0.0301  0.0040  0.0100  1
1628:   0.8809  0.0153  0.0050  0.0988  1
1629:   0.5594  0.0080  0.0050  0.4276  1
1630:   0.9716  0.0070  0.0040  0.0174  1
1631:   0.9831  0.0050  0.0060  0.0059  1
1632:   0.7906  0.1131  0.0040  0.0923  1
1633:   0.9749  0.0081  0.0070  0.0100  1
1634:   0.9644  0.0100  0.0072  0.0184  1
1635:   0.6984  0.0730  0.0696  0.1590  1
1636:   0.5005  0.0080  0.4837  0.0078  1
1637:   0.9149  0.0156  0.0556  0.0139  1
1638:   0.4938  0.0050  0.4929  0.0082  1
1639:   0.8969  0.0133  0.0050  0.0848  1
1640:   0.0169  0.0276  0.4732  0.4823  1
1641:   0.6752  0.0432  0.2707  0.0109  1
1642:   0.9754  0.0126  0.0030  0.0090  1
1643:   0.9805  0.0070  0.0080  0.0045  1
1644:   0.9785  0.0070  0.0060  0.0085  1
1645:   0.9773  0.0099  0.0059  0.0069  1
1646:   0.9131  0.0230  0.0426  0.0213  1
1647:   0.2871  0.0236  0.5892  0.1001  1
1648:   0.5250  0.2257  0.1220  0.1274  1
1649:   0.6429  0.0553  0.2603  0.0415  1
1650:   0.5350  0.0553  0.3883  0.0214  1
1651:   0.9670  0.0155  0.0108  0.0067  1
1652:   0.8088  0.0184  0.0030  0.1698  1
1653:   0.9436  0.0140  0.0253  0.0171  1
1654:   0.9636  0.0107  0.0207  0.0050  1
1655:   0.0456  0.0242  0.9205  0.0097  1
1656:   0.5414  0.0060  0.4460  0.0066  1
1657:   0.9394  0.0161  0.0371  0.0074  1
1658:   0.7865  0.0251  0.1703  0.0181  1
1659:   0.5452  0.0079  0.3961  0.0508  1
1660:   0.5146  0.0050  0.4734  0.0070  1
1661:   0.9224  0.0423  0.0263  0.0090  1
1662:   0.3618  0.0139  0.5912  0.0332  1
1663:   0.0974  0.0060  0.8656  0.0310  1
1664:   0.5370  0.0523  0.3307  0.0800  1
1665:   0.9779  0.0090  0.0061  0.0070  1
1666:   0.4743  0.0276  0.2558  0.2423  1
1667:   0.7706  0.0252  0.1086  0.0956  1
1668:   0.5128  0.0110  0.3887  0.0875  1
1669:   0.5036  0.0110  0.3380  0.1474  1
1670:   0.3347  0.0086  0.6258  0.0309  1
1671:   0.0999  0.3625  0.2098  0.3278  1
1672:   0.2810  0.0986  0.6041  0.0163  1
1673:   0.9496  0.0146  0.0100  0.0258  1
1674:   0.0040  0.0039  0.9891  0.0030  1
1675:   0.1745  0.0100  0.7941  0.0214  1
1676:   0.0665  0.0216  0.8833  0.0286  1
1677:   0.5083  0.0069  0.4628  0.0220  1
1678:   0.7990  0.0504  0.1398  0.0108  1
1679:   0.6359  0.0091  0.3490  0.0060  1
1680:   0.6467  0.2966  0.0102  0.0465  1
1681:   0.5265  0.0165  0.2528  0.2042  1
1682:   0.6916  0.0190  0.2008  0.0885  1
1683:   0.5217  0.0030  0.4683  0.0070  1
1684:   0.9570  0.0125  0.0205  0.0100  1
1685:   0.5594  0.0040  0.4306  0.0060  1
1686:   0.0870  0.4722  0.4162  0.0245  1
1687:   0.5769  0.0132  0.3501  0.0598  1
1688:   0.8785  0.0584  0.0403  0.0228  1
1689:   0.3045  0.0212  0.6231  0.0512  1
1690:   0.0088  0.0081  0.9731  0.0100  1
1691:   0.6606  0.0247  0.3053  0.0094  1
1692:   0.8325  0.0175  0.0070  0.1429  1
1693:   0.7441  0.0069  0.2257  0.0233  1
1694:   0.8130  0.0114  0.1245  0.0511  1
1695:   0.5269  0.0224  0.0543  0.3964  1
1696:   0.0470  0.3932  0.5021  0.0577  1
1697:   0.6061  0.0539  0.3277  0.0123  1
1698:   0.4699  0.0122  0.4962  0.0216  1
1699:   0.7130  0.0159  0.1809  0.0902  1
1700:   0.2616  0.0938  0.5072  0.1374  1
1701:   0.4392  0.0050  0.4917  0.0642  1
1702:   0.9792  0.0101  0.0040  0.0067  1
1703:   0.4134  0.0265  0.5232  0.0369  1
1704:   0.0114  0.0166  0.9605  0.0115  1
1705:   0.8842  0.0081  0.0956  0.0121  1
1706:   0.8549  0.0456  0.0397  0.0598  1
1707:   0.6059  0.0151  0.3716  0.0074  1
1708:   0.8982  0.0327  0.0040  0.0651  1
1709:   0.8159  0.0060  0.1641  0.0140  1
1710:   0.5046  0.0372  0.4405  0.0177  1
1711:   0.3778  0.0314  0.0365  0.5543  1
1712:   0.6803  0.0061  0.2956  0.0180  1
1713:   0.2987  0.0130  0.6705  0.0178  1
1714:   0.7410  0.0292  0.2211  0.0087  1
1715:   0.4701  0.0104  0.5070  0.0125  1
1716:   0.0060  0.0181  0.9659  0.0100  1
1717:   0.4002  0.4800  0.0248  0.0950  1
1718:   0.4771  0.0045  0.5134  0.0050  1
1719:   0.7348  0.0030  0.2572  0.0050  1
1720:   0.0680  0.0330  0.8538  0.0452  1
1721:   0.4146  0.0287  0.0071  0.5496  1
1722:   0.6909  0.0090  0.2931  0.0070  1
1723:   0.9605  0.0130  0.0175  0.0090  1
1724:   0.8223  0.0050  0.1398  0.0329  1
1725:   0.2494  0.0560  0.3454  0.3492  1
1726:   0.5891  0.0167  0.2063  0.1879  1
1727:   0.9698  0.0059  0.0112  0.0131  1
1728:   0.2968  0.0118  0.6743  0.0171  1
1729:   0.9734  0.0060  0.0096  0.0110  1
1730:   0.6776  0.1279  0.1857  0.0089  1
1731:   0.7428  0.0090  0.2399  0.0083  1
1732:   0.6368  0.0088  0.3277  0.0267  1
1733:   0.4222  0.0131  0.5413  0.0234  1
1734:   0.5579  0.0123  0.4255  0.0043  1
1735:   0.2310  0.0305  0.6458  0.0927  1
1736:   0.4007  0.0375  0.5261  0.0357  1
1737:   0.9027  0.0130  0.0742  0.0101  1
1738:   0.4775  0.0263  0.4520  0.0442  1
1739:   0.6063  0.0072  0.3799  0.0066  1
1740:   0.7176  0.0043  0.2606  0.0175  1
1741:   0.4936  0.0231  0.4029  0.0804  1
1742:   0.9820  0.0050  0.0060  0.0070  1
1743:   0.5481  0.0040  0.4429  0.0050  1
1744:   0.7824  0.0196  0.1549  0.0431  1
1745:   0.8261  0.0461  0.0774  0.0504  1
1746:   0.4303  0.1468  0.3971  0.0258  1
1747:   0.3858  0.0176  0.0537  0.5429  1
1748:   0.3545  0.0131  0.4322  0.2002  1
1749:   0.0378  0.2015  0.5519  0.2088  1
1750:   0.5638  0.0213  0.3974  0.0175  1
1751:   0.4808  0.1214  0.3887  0.0090  1
1752:   0.5540  0.0040  0.4390  0.0030  1
1753:   0.7956  0.0091  0.1853  0.0100  1
1754:   0.1184  0.1403  0.7314  0.0099  1
1755:   0.8192  0.0111  0.1614  0.0083  1
1756:   0.6783  0.0519  0.2523  0.0175  1
1757:   0.5985  0.0050  0.3924  0.0041  1
1758:   0.4759  0.0246  0.4552  0.0442  1
1759:   0.3865  0.0147  0.5761  0.0227  1
1760:   0.8672  0.0120  0.0572  0.0636  1
1761:   0.4642  0.3620  0.0422  0.1316  1
1762:   0.7150  0.0139  0.2447  0.0265  1
1763:   0.4840  0.0059  0.5021  0.0080  1
1764:   0.9459  0.0249  0.0171  0.0121  1
1765:   0.0142  0.0271  0.9527  0.0060  1
1766:   0.4319  0.0268  0.5100  0.0313  1
1767:   0.4439  0.0050  0.5448  0.0063  1
1768:   0.8157  0.0238  0.1324  0.0281  1
1769:   0.9552  0.0233  0.0129  0.0086  1
1770:   0.6599  0.0990  0.1886  0.0525  1
1771:   0.7931  0.0486  0.1196  0.0387  1
1772:   0.5283  0.1811  0.0238  0.2668  1
1773:   0.6781  0.0078  0.3069  0.0072  1
1774:   0.7955  0.0380  0.0926  0.0739  1
1775:   0.9552  0.0099  0.0155  0.0194  1
1776:   0.4290  0.0136  0.4923  0.0651  1
1777:   0.4749  0.0130  0.4485  0.0637  1
1778:   0.7246  0.0040  0.2656  0.0058  1
1779:   0.3963  0.0106  0.5833  0.0098  1
1780:   0.5181  0.0061  0.4411  0.0347  1
1781:   0.0862  0.0284  0.8241  0.0613  1
1782:   0.0835  0.1967  0.6287  0.0911  1
1783:   0.9004  0.0070  0.0702  0.0224  1
1784:   0.6369  0.0089  0.3397  0.0145  1
1785:   0.0402  0.1036  0.1509  0.7053  1
1786:   0.5279  0.0256  0.4399  0.0066  1
1787:   0.5469  0.0050  0.4431  0.0050  1
1788:   0.6508  0.0213  0.3164  0.0115  1
1789:   0.3858  0.2026  0.3956  0.0160  1
1790:   0.8601  0.0377  0.0972  0.0050  1
1791:   0.9698  0.0122  0.0120  0.0060  1
1792:   0.5837  0.0030  0.4093  0.0040  1
1793:   0.5251  0.0185  0.4333  0.0231  1
1794:   0.7129  0.0130  0.2665  0.0076  1
1795:   0.6470  0.0435  0.0135  0.2960  1
1796:   0.6875  0.0154  0.2901  0.0070  1
1797:   0.1948  0.0357  0.7635  0.0060  1
1798:   0.4348  0.0428  0.3905  0.1319  1
1799:   0.5997  0.0202  0.3418  0.0383  1
1800:   0.2881  0.0164  0.6855  0.0100  1
1801:   0.9713  0.0060  0.0130  0.0097  1
1802:   0.6630  0.1196  0.1856  0.0318  1
1803:   0.9839  0.0060  0.0070  0.0031  1
1804:   0.8267  0.0051  0.1603  0.0079  1
1805:   0.6463  0.0070  0.3417  0.0050  1
1806:   0.2533  0.0262  0.5736  0.1469  1
1807:   0.2179  0.0605  0.6807  0.0409  1
1808:   0.4693  0.0072  0.5148  0.0087  1
1809:   0.7996  0.0523  0.0140  0.1341  1
1810:   0.9028  0.0145  0.0585  0.0242  1
1811:   0.8967  0.0278  0.0433  0.0322  1
1812:   0.0096  0.0169  0.9675  0.0060  1
1813:   0.9398  0.0080  0.0170  0.0352  1
1814:   0.0119  0.0121  0.9371  0.0389  1
1815:   0.5285  0.0097  0.4304  0.0314  1
1816:   0.5605  0.1183  0.2775  0.0437  1
1817:   0.8174  0.0607  0.0939  0.0280  1
1818:   0.1034  0.0132  0.7772  0.1062  1
1819:   0.9800  0.0070  0.0070  0.0060  1
1820:   0.0030  0.0030  0.9910  0.0030  1
1821:   0.0040  0.0050  0.9880  0.0030  1
1822:   0.8093  0.0111  0.1585  0.0211  1
1823:   0.0040  0.0042  0.9878  0.0040  1
1824:   0.0050  0.0050  0.9832  0.0068  1
1825:   0.0040  0.0030  0.9900  0.0030  1
1826:   0.0050  0.0080  0.9776  0.0094  1
1827:   0.0050  0.0050  0.9840  0.0060  1
1828:   0.0020  0.0020  0.9940  0.0020  1
1829:   0.0096  0.0110  0.9688  0.0106  1
1830:   0.0090  0.0050  0.9810  0.0050  1
1831:   0.0082  0.0130  0.9728  0.0060  1
1832:   0.0050  0.0040  0.9880  0.0030  1
1833:   0.0040  0.0030  0.9900  0.0030  1
1834:   0.0058  0.0049  0.9863  0.0030  1
1835:   0.0050  0.0053  0.9827  0.0070  1
1836:   0.0100  0.0210  0.9632  0.0058  1
1837:   0.0040  0.0030  0.9900  0.0030  1
1838:   0.0020  0.0020  0.9940  0.0020  1
1839:   0.0030  0.0038  0.9892  0.0040  1
1840:   0.0136  0.0060  0.9764  0.0040  1
1841:   0.0070  0.0040  0.9838  0.0052  1
1842:   0.0090  0.0105  0.9731  0.0074  1
1843:   0.0040  0.0030  0.9891  0.0039  1
1844:   0.0289  0.0187  0.9298  0.0226  1
1845:   0.0060  0.1018  0.8732  0.0190  1
1846:   0.0205  0.1202  0.8553  0.0040  1
1847:   0.0030  0.0050  0.9880  0.0040  1
1848:   0.1204  0.0205  0.8303  0.0288  1
1849:   0.0076  0.0060  0.9814  0.0050  1
1850:   0.0088  0.0060  0.9807  0.0045  1
1851:   0.0102  0.0050  0.9778  0.0070  1
1852:   0.0040  0.0030  0.9900  0.0030  1
1853:   0.0050  0.0090  0.9790  0.0070  1
1854:   0.0120  0.0120  0.9730  0.0030  1
1855:   0.0040  0.0040  0.9882  0.0038  1
1856:   0.0031  0.0030  0.9909  0.0030  1
1857:   0.0060  0.0030  0.9887  0.0023  1
1858:   0.0050  0.0030  0.9872  0.0048  1
1859:   0.0050  0.0050  0.9850  0.0050  1
1860:   0.0159  0.0268  0.9265  0.0308  1
1861:   0.0052  0.0040  0.9858  0.0050  1
1862:   0.0050  0.0020  0.9900  0.0030  1
1863:   0.0048  0.0040  0.9882  0.0030  1
1864:   0.0040  0.0040  0.9880  0.0040  1
1865:   0.0030  0.0030  0.9900  0.0040  1
1866:   0.0154  0.0149  0.9640  0.0057  1
1867:   0.1098  0.0051  0.8653  0.0198  1
1868:   0.0060  0.0080  0.9830  0.0030  1
1869:   0.0030  0.0040  0.9900  0.0030  1
1870:   0.0040  0.0040  0.9890  0.0030  1
1871:   0.0030  0.0020  0.9930  0.0020  1
1872:   0.0100  0.0124  0.9706  0.0070  1
1873:   0.0030  0.0020  0.9930  0.0020  1
1874:   0.0156  0.0090  0.9707  0.0047  1
1875:   0.0040  0.0030  0.9900  0.0030  1
1876:   0.0030  0.0040  0.9900  0.0030  1
1877:   0.0030  0.0050  0.9870  0.0050  1
1878:   0.0070  0.0050  0.9850  0.0030  1
1879:   0.0055  0.0050  0.9835  0.0060  1
1880:   0.0053  0.0038  0.9879  0.0030  1
1881:   0.0063  0.0101  0.9766  0.0070  1
1882:   0.0110  0.0187  0.9073  0.0630  1
1883:   0.0050  0.0030  0.9890  0.0030  1
1884:   0.1980  0.0117  0.7829  0.0074  1
1885:   0.4688  0.0196  0.5066  0.0050  1
1886:   0.4323  0.0138  0.5393  0.0146  1
1887:   0.0080  0.0140  0.9730  0.0050  1
1888:   0.0070  0.0147  0.9673  0.0110  1
1889:   0.0060  0.0070  0.9830  0.0040  1
1890:   0.0040  0.0030  0.9900  0.0030  1
1891:   0.0050  0.0628  0.9232  0.0090  1
1892:   0.0040  0.0040  0.9880  0.0040  1
1893:   0.0040  0.0030  0.9900  0.0030  1
1894:   0.0050  0.0050  0.9831  0.0069  1
1895:   0.0070  0.0040  0.9850  0.0040  1
1896:   0.0380  0.0067  0.9475  0.0078  1
1897:   0.0060  0.0060  0.9770  0.0110  1
1898:   0.0060  0.0249  0.9475  0.0216  1
1899:   0.0030  0.0020  0.9930  0.0020  1
1900:   0.0460  0.0254  0.8809  0.0477  1
1901:   0.0070  0.0070  0.9800  0.0060  1
1902:   0.0080  0.0074  0.9776  0.0070  1
1903:   0.0040  0.0030  0.9910  0.0020  1
1904:   0.0094  0.0142  0.9684  0.0080  1
1905:   0.0130  0.0080  0.9578  0.0212  1
1906:   0.0378  0.0532  0.8846  0.0244  1
1907:   0.0060  0.0214  0.9656  0.0070  1
1908:   0.0738  0.1388  0.7140  0.0734  1
1909:   0.1055  0.0110  0.8585  0.0250  1
1910:   0.0050  0.0293  0.9404  0.0253  1
1911:   0.0120  0.0259  0.9470  0.0151  1
1912:   0.0030  0.0040  0.9890  0.0040  1
1913:   0.0030  0.0030  0.9910  0.0030  1
1914:   0.0288  0.0030  0.9624  0.0058  1
1915:   0.0150  0.0151  0.9569  0.0130  1
1916:   0.0034  0.0040  0.9896  0.0030  1
1917:   0.0030  0.0020  0.9920  0.0030  1
1918:   0.0030  0.0030  0.9920  0.0020  1
1919:   0.0030  0.0022  0.9918  0.0030  1
1920:   0.0030  0.0050  0.9880  0.0040  1
1921:   0.0215  0.0070  0.9642  0.0073  1
1922:   0.0050  0.0049  0.9831  0.0070  1
1923:   0.0040  0.0056  0.9874  0.0030  1
1924:   0.0030  0.0020  0.9930  0.0020  1
1925:   0.0050  0.0060  0.9850  0.0040  1
1926:   0.0088  0.0100  0.9634  0.0178  1
1927:   0.0060  0.0052  0.9838  0.0050  1
1928:   0.0040  0.0080  0.9840  0.0040  1
1929:   0.0110  0.0081  0.9649  0.0160  1
1930:   0.0053  0.0060  0.9807  0.0080  1
1931:   0.0050  0.0020  0.9910  0.0020  1
1932:   0.0070  0.0040  0.9850  0.0040  1
1933:   0.0030  0.0040  0.9890  0.0040  1
1934:   0.0442  0.0130  0.9160  0.0268  1
1935:   0.3487  0.0197  0.6076  0.0240  1
1936:   0.0040  0.0121  0.9781  0.0058  1
1937:   0.0100  0.0083  0.9697  0.0120  1
1938:   0.0040  0.0040  0.9880  0.0040  1
1939:   0.0020  0.0020  0.9940  0.0020  1
1940:   0.0040  0.0040  0.9860  0.0060  1
1941:   0.0059  0.0069  0.9810  0.0062  1
1942:   0.0050  0.0050  0.9870  0.0030  1
1943:   0.0040  0.0030  0.9890  0.0040  1
1944:   0.0020  0.0046  0.9904  0.0030  1
1945:   0.0648  0.0147  0.8666  0.0539  1
1946:   0.0070  0.0060  0.9830  0.0040  1
1947:   0.0030  0.0050  0.9890  0.0030  1
1948:   0.0050  0.0064  0.9846  0.0040  1
1949:   0.0466  0.0207  0.5654  0.3673  1
1950:   0.0224  0.0073  0.9626  0.0077  1
1951:   0.0090  0.0377  0.6205  0.3328  1
1952:   0.0150  0.0053  0.9727  0.0070  1
1953:   0.0120  0.0100  0.9430  0.0350  1
1954:   0.1299  0.0274  0.8261  0.0166  1
1955:   0.0020  0.0040  0.9910  0.0030  1
1956:   0.0055  0.0043  0.9862  0.0040  1
1957:   0.0050  0.0040  0.9870  0.0040  1
1958:   0.0060  0.0040  0.9854  0.0046  1
1959:   0.0071  0.0146  0.9687  0.0096  1
1960:   0.0064  0.0042  0.9854  0.0040  1
1961:   0.0040  0.0050  0.9860  0.0050  1
1962:   0.0900  0.0436  0.6893  0.1771  1
1963:   0.0030  0.0020  0.9921  0.0029  1
1964:   0.0223  0.0050  0.9622  0.0105  1
1965:   0.0020  0.0020  0.9940  0.0020  1
1966:   0.0629  0.0128  0.5988  0.3255  1
1967:   0.6385  0.0160  0.3345  0.0110  1
1968:   0.0109  0.0057  0.9765  0.0069  1
1969:   0.0030  0.0030  0.9910  0.0030  1
1970:   0.0098  0.0321  0.5115  0.4466  1
1971:   0.0080  0.0050  0.9801  0.0069  1
1972:   0.0020  0.0020  0.9940  0.0020  1
1973:   0.0040  0.0097  0.9783  0.0080  1
1974:   0.0111  0.0040  0.9651  0.0198  1
1975:   0.2463  0.5180  0.1361  0.0996  1
1976:   0.0030  0.0040  0.9898  0.0032  1
1977:   0.0020  0.0030  0.9920  0.0030  1
1978:   0.0300  0.0186  0.0618  0.8896  1
1979:   0.0040  0.0030  0.9901  0.0029  1
1980:   0.0335  0.1626  0.4769  0.3270  1
1981:   0.0060  0.0070  0.9740  0.0130  1
1982:   0.0070  0.1662  0.7310  0.0958  1
1983:   0.0139  0.1124  0.7648  0.1089  1
1984:   0.0050  0.0079  0.9791  0.0080  1
1985:   0.0120  0.0100  0.9463  0.0317  1
1986:   0.0060  0.0244  0.9157  0.0539  1
1987:   0.0413  0.0099  0.9219  0.0269  1
1988:   0.0252  0.1409  0.6618  0.1721  1
1989:   0.0179  0.0040  0.9719  0.0062  1
1990:   0.0060  0.0030  0.9870  0.0040  1
1991:   0.0125  0.0080  0.9704  0.0091  1
1992:   0.0040  0.0040  0.9880  0.0040  1
1993:   0.0097  0.0250  0.9567  0.0086  1
1994:   0.0030  0.0030  0.9920  0.0020  1
1995:   0.0070  0.0050  0.9830  0.0050  1
1996:   0.0040  0.0070  0.9824  0.0066  1
1997:   0.0120  0.0050  0.9769  0.0061  1
1998:   0.0249  0.0196  0.3605  0.5950  1
1999:   0.0035  0.0030  0.9915  0.0020  1
2000:   0.2210  0.0115  0.5645  0.2031  1
