Population              mean_N    mean_k    mean_He    p_sign_TPM    p_stdv_TPM    p_W_1t_TPM    p_W_2t_TPM
137647_South_Shetlands      20.00      6.05    0.73185      0.055650      0.041747      0.002848      0.005696
ATP06                    20.00      6.10    0.72645      0.131866      0.396856      0.109741      0.219482
A1052_Bouvetoya          19.95      5.51    0.69447      0.175324      0.027683      0.005281      0.010562
MIAGM13067_Marion_island      19.85      5.92    0.71645      0.075993      0.017368      0.000968      0.001936
CI40_Crozet              19.64      5.85    0.72333      0.094319      0.014707      0.000658      0.001317
KI814_Kergulen           19.28      5.44    0.69670      0.129177      0.074635      0.026525      0.053049
HI7_Heard                19.69      5.00    0.67534      0.515348      0.193344      0.060283      0.120565
MI2269_Macquarie         19.79      5.72    0.69339      0.556097      0.355378      0.420717      0.841433
Population              mean_N    mean_k    mean_He    p_sign_TPM    p_stdv_TPM    p_W_1t_TPM    p_W_2t_TPM
137676_South_Shetlands      19.85      6.26    0.72914      0.071058      0.244187      0.090060      0.180119
ATP43                    20.00      5.82    0.70607      0.463271      0.371918      0.124555      0.249111
BI25_Bouvetoya           19.90      5.49    0.69666      0.083752      0.026717      0.007112      0.014224
MIAGM13141_Marion_island      19.95      6.10    0.72724      0.312023      0.107199      0.056962      0.113925
CI5_Crozet               19.69      5.74    0.72215      0.001275      0.001963      0.000110      0.000219
KI816_Kergulen           19.69      5.08    0.67518      0.364221      0.054398      0.031466      0.062932
HI9_Heard                19.64      5.13    0.67797      0.449695      0.468441      0.151057      0.302114
MI1646_Macquarie         19.95      5.56    0.67618      0.099510      0.227361      0.712132      0.585588
Population              mean_N    mean_k    mean_He    p_sign_TPM    p_stdv_TPM    p_W_1t_TPM    p_W_2t_TPM
137714_South_Shetlands      19.90      6.26    0.72951      0.267839      0.330360      0.153458      0.306917
W6520/20                 19.95      5.85    0.72962      0.192307      0.324177      0.025416      0.050833
A1099_Bouvetoya          19.85      5.56    0.71818      0.003554      0.001516      0.000041      0.000083
MIAGM13118_Marion_island      19.85      5.97    0.72922      0.309054      0.080440      0.017965      0.035930
CI5_Crozet               19.59      5.72    0.72029      0.000346      0.002653      0.000064      0.000129
KI816_Kergulen           19.64      5.21    0.68041      0.170080      0.135492      0.037504      0.075008
HI5_Heard                19.69      5.21    0.69139      0.286485      0.161696      0.075056      0.150111
MI2269_Macquarie         20.00      5.77    0.70297      0.460926      0.436122      0.388632      0.777263
Population              mean_N    mean_k    mean_He    p_sign_TPM    p_stdv_TPM    p_W_1t_TPM    p_W_2t_TPM
137689_South_Shetlands      19.79      6.33    0.73536      0.552618      0.347312      0.251363      0.502726
W6545                    19.59      6.13    0.72880      0.521618      0.158965      0.060283      0.120565
A1077_Bouvetoya          19.90      5.62    0.71943      0.076081      0.018363      0.003981      0.007961
MIAGM13124_Marion_island      19.90      6.00    0.71822      0.026970      0.036943      0.000957      0.001913
CI38_Crozet              19.74      5.87    0.73309      0.025543      0.001034      0.000064      0.000129
KI810_Kergulen           19.69      5.13    0.68631      0.038386      0.122803      0.033639      0.067279
HI7_Heard                19.74      4.97    0.66439      0.104542      0.232892      0.087792      0.175584
MI2254_Macquarie         19.90      5.21    0.68208      0.068601      0.018026      0.004365      0.008731
Population              mean_N    mean_k    mean_He    p_sign_TPM    p_stdv_TPM    p_W_1t_TPM    p_W_2t_TPM
137720_South_Shetlands      19.69      6.41    0.73683      0.319811      0.177781      0.053785      0.107569
AGP11084                 19.95      6.00    0.71503      0.418900      0.119534      0.036348      0.072695
BI18_Bouvetoya           19.90      5.77    0.71156      0.257159      0.142977      0.026525      0.053049
MIAGM13134_Marion_island      19.85      6.08    0.73538      0.094731      0.072523      0.030422      0.060845
CI39_Crozet              19.64      5.69    0.72265      0.009308      0.001901      0.000117      0.000234
KI807_Kergulen           19.28      4.90    0.66668      0.073634      0.071336      0.028419      0.056839
HI7_Heard                19.69      5.36    0.68538      0.453245      0.428337      0.221438      0.442876
MI2248_Macquarie         20.00      5.44    0.70837      0.312113      0.059575      0.016122      0.032244
Population              mean_N    mean_k    mean_He    p_sign_TPM    p_stdv_TPM    p_W_1t_TPM    p_W_2t_TPM
137703_South_Shetlands      19.69      6.49    0.73168      0.547309      0.245179      0.508255      0.994497
W6532/32_pup             20.00      5.85    0.72200      0.003774      0.003868      0.000558      0.001116
A1086_Bouvetoya          19.79      5.95    0.72161      0.097318      0.044531      0.007745      0.015490
MIAGM13118_Marion_island      19.95      6.05    0.72696      0.010648      0.057461      0.006305      0.012611
CI5_Crozet               19.33      5.56    0.69886      0.145093      0.066231      0.006812      0.013624
KI802_Kergulen           19.23      5.08    0.68611      0.095857      0.077564      0.029995      0.059991
HI9_Heard                19.74      5.21    0.67477      0.114066      0.390351      0.077077      0.154154
MI2267_Macquarie         19.79      5.44    0.69571      0.341005      0.222040      0.110216      0.220433
Population              mean_N    mean_k    mean_He    p_sign_TPM    p_stdv_TPM    p_W_1t_TPM    p_W_2t_TPM
137711_South_Shetlands      19.95      6.31    0.74665      0.199515      0.168796      0.027174      0.054348
W6531/31                 19.79      6.00    0.72018      0.427567      0.399272      0.312005      0.624010
A1051_Bouvetoya          19.95      5.79    0.71107      0.107455      0.004289      0.001579      0.003159
MIAGM13135_Marion_island      19.90      5.97    0.71142      0.096853      0.056353      0.012162      0.024323
CI40_Crozet              19.69      5.92    0.71725      0.169225      0.053627      0.012907      0.025814
KI814_Kergulen           19.59      5.44    0.69211      0.556960      0.267807      0.201344      0.402688
HI9_Heard                19.79      5.03    0.67910      0.141360      0.054238      0.012159      0.024319
MI1667_Macquarie         19.95      5.44    0.69303      0.474063      0.079836      0.047832      0.095663
Population              mean_N    mean_k    mean_He    p_sign_TPM    p_stdv_TPM    p_W_1t_TPM    p_W_2t_TPM
137712_South_Shetlands      19.79      5.85    0.70442      0.507395      0.335443      0.121590      0.243181
W9174_pup                19.85      5.82    0.71109      0.243805      0.120363      0.033639      0.067279
BI17_Bouvetoya           19.64      5.90    0.71192      0.116051      0.096708      0.027341      0.054682
MIAGM13135_Marion_island      19.90      6.08    0.71832      0.422527      0.325893      0.186067      0.372133
CI40_Crozet              19.59      5.82    0.72194      0.025110      0.008724      0.000775      0.001550
KI814_Kergulen           19.28      5.41    0.68641      0.539882      0.389966      0.333501      0.667002
HI5_Heard                19.74      5.05    0.66754      0.244945      0.220405      0.082835      0.165670
MI1645_Macquarie         19.90      5.13    0.68938      0.148105      0.154495      0.092146      0.184292
Population              mean_N    mean_k    mean_He    p_sign_TPM    p_stdv_TPM    p_W_1t_TPM    p_W_2t_TPM
137716_South_Shetlands      19.79      6.18    0.71854      0.414460      0.167573      0.083383      0.166766
W6534                    19.79      5.72    0.71524      0.159996      0.045775      0.007745      0.015490
BI6_Bouvetoya            19.74      5.92    0.73283      0.021663      0.033200      0.009543      0.019087
MIAGM13139_Marion_island      19.90      6.51    0.72723      0.299509      0.456597      0.469759      0.939518
CI5_Crozet               19.54      5.69    0.70964      0.000972      0.002930      0.000232      0.000463
KI816_Kergulen           19.38      5.23    0.68605      0.084644      0.089098      0.064442      0.128884
HI28_Heard               19.74      5.38    0.68835      0.462980      0.311169      0.242606      0.485211
MI2269_Macquarie         19.85      5.49    0.71170      0.132304      0.034960      0.024734      0.049468
Population              mean_N    mean_k    mean_He    p_sign_TPM    p_stdv_TPM    p_W_1t_TPM    p_W_2t_TPM
137700_South_Shetlands      19.90      6.00    0.73324      0.113940      0.066857      0.013913      0.027825
W9161_pup                19.69      5.85    0.71011      0.500316      0.260403      0.127569      0.255139
BI19_Bouvetoya           19.95      5.64    0.69702      0.047748      0.095591      0.013749      0.027497
MIAGM13136_Marion_island      19.85      5.87    0.72233      0.000625      0.009229      0.000171      0.000341
CI5_Crozet               19.69      5.87    0.72265      0.028575      0.013453      0.005098      0.010195
KI30_Kergulen            19.28      5.46    0.69567      0.191443      0.496994      0.099554      0.199107
HI36_Heard               19.79      5.26    0.69588      0.076666      0.033733      0.008079      0.016159
MI2248_Macquarie         19.85      5.82    0.70272      0.233138      0.355444      0.383349      0.766699
Population              mean_N    mean_k    mean_He    p_sign_TPM    p_stdv_TPM    p_W_1t_TPM    p_W_2t_TPM
137716_South_Shetlands      19.69      6.13    0.72236      0.498368      0.214033      0.082835      0.165670
W9134_mum                19.85      5.92    0.72558      0.019473      0.040715      0.007423      0.014845
BI24_Bouvetoya           19.69      6.05    0.73213      0.047743      0.042283      0.002857      0.005714
MIAGM13118_Marion_island      19.79      5.97    0.71055      0.510669      0.264070      0.156918      0.313835
CI39_Crozet              19.64      5.74    0.71471      0.009163      0.009447      0.000658      0.001317
KI816_Kergulen           19.49      5.08    0.67041      0.475900      0.308681      0.321856      0.643713
HI9_Heard                19.59      5.18    0.67806      0.226776      0.060651      0.038347      0.076694
MI2254_Macquarie         19.85      5.41    0.69694      0.014961      0.016352      0.003299      0.006598
Population              mean_N    mean_k    mean_He    p_sign_TPM    p_stdv_TPM    p_W_1t_TPM    p_W_2t_TPM
137723_South_Shetlands      19.85      6.21    0.73692      0.036807      0.067742      0.013913      0.027825
W6541/41_pup             19.90      6.00    0.73049      0.117427      0.120311      0.003581      0.007162
BI10_Bouvetoya           19.38      5.62    0.71634      0.007456      0.007518      0.000342      0.000683
MIAGM13142_Marion_island      20.00      6.13    0.72564      0.055036      0.101652      0.030422      0.060845
CI40_Crozet              19.79      5.90    0.72833      0.012146      0.012613      0.006305      0.012611
KI813_Kergulen           19.54      5.21    0.69005      0.199989      0.091044      0.027174      0.054348
HI9_Heard                19.85      5.41    0.68976      0.561409      0.343386      0.223238      0.446475
MI2260_Macquarie         19.90      5.33    0.69015      0.190567      0.174630      0.081240      0.162480
Population              mean_N    mean_k    mean_He    p_sign_TPM    p_stdv_TPM    p_W_1t_TPM    p_W_2t_TPM
137684_South_Shetlands      19.79      6.51    0.73196      0.420905      0.420664      0.312005      0.624010
W9170_pup                19.69      6.03    0.73709      0.160768      0.022854      0.007745      0.015490
A1070_Bouvetoya          19.95      5.54    0.68522      0.266463      0.394049      0.167594      0.335188
MIAGM13132_Marion_island      19.90      6.13    0.70992      0.232253      0.351446      0.497248      0.994497
CI5_Crozet               19.49      5.79    0.72000      0.007005      0.004952      0.000410      0.000819
KI812_Kergulen           19.23      5.15    0.69108      0.024743      0.064288      0.041149      0.082299
HI5_Heard                19.79      5.08    0.66495      0.395496      0.339052      0.246964      0.493928
MI2260_Macquarie         19.90      5.41    0.68155      0.278284      0.079105      0.064332      0.128663
Population              mean_N    mean_k    mean_He    p_sign_TPM    p_stdv_TPM    p_W_1t_TPM    p_W_2t_TPM
137712_South_Shetlands      19.74      5.85    0.71773      0.116941      0.087571      0.014440      0.028879
W9167_pup                19.69      6.00    0.71721      0.468463      0.351895      0.186067      0.372133
A1096_Bouvetoya          19.69      5.72    0.70609      0.024607      0.044792      0.015506      0.031013
MIAGM13142_Marion_island      20.00      5.95    0.71970      0.214957      0.099547      0.016122      0.032244
CI5_Crozet               19.44      5.54    0.71264      0.000115      0.000469      0.000005      0.000010
KI813_Kergulen           19.69      5.41    0.69929      0.481376      0.190104      0.112987      0.225975
HI9_Heard                19.85      5.18    0.68824      0.473700      0.103285      0.044952      0.089904
MI2258_Macquarie         19.85      5.49    0.70926      0.183999      0.174839      0.038689      0.077379
Population              mean_N    mean_k    mean_He    p_sign_TPM    p_stdv_TPM    p_W_1t_TPM    p_W_2t_TPM
137705_South_Shetlands      19.79      6.00    0.72438      0.135634      0.187269      0.067364      0.134728
W5690/91                 19.95      5.97    0.72193      0.082435      0.138107      0.007423      0.014845
BI22_Bouvetoya           19.90      5.92    0.71452      0.419248      0.154800      0.126357      0.252714
MIAGM13132_Marion_island      19.38      6.21    0.72232      0.490400      0.424648      0.338740      0.677480
CI5_Crozet               19.44      5.74    0.71596      0.008644      0.009244      0.000410      0.000819
KI816_Kergulen           19.23      5.31    0.71378      0.068059      0.009646      0.000333      0.000667
HI9_Heard                19.64      5.36    0.68674      0.293424      0.319826      0.126357      0.252714
MI1685_Macquarie         19.85      5.51    0.67707      0.224091      0.458045      0.431718      0.863436
Population              mean_N    mean_k    mean_He    p_sign_TPM    p_stdv_TPM    p_W_1t_TPM    p_W_2t_TPM
137712_South_Shetlands      19.74      6.28    0.74407      0.135522      0.036032      0.006046      0.012092
W9178_pup                19.69      6.05    0.73804      0.030520      0.025523      0.000354      0.000707
A1064_Bouvetoya          19.79      5.87    0.71961      0.021287      0.027909      0.005471      0.010943
MIAGM13143_Marion_island      19.95      5.97    0.72092      0.091389      0.020607      0.001410      0.002819
CI5_Crozet               19.49      5.72    0.70325      0.111376      0.115845      0.035220      0.070440
KI816_Kergulen           19.49      4.97    0.68183      0.172140      0.011235      0.002809      0.005618
HI36_Heard               19.69      5.31    0.68081      0.485564      0.403544      0.436968      0.873937
MI1685_Macquarie         19.95      5.51    0.68572      0.171945      0.401345      0.562640      0.886029
Population              mean_N    mean_k    mean_He    p_sign_TPM    p_stdv_TPM    p_W_1t_TPM    p_W_2t_TPM
137687_South_Shetlands      19.74      6.31    0.73731      0.541170      0.288130      0.102035      0.204070
W9174_pup                19.85      6.05    0.72085      0.011490      0.021867      0.000957      0.001913
BI3_Bouvetoya            19.90      5.79    0.70267      0.101169      0.057759      0.014901      0.029801
MIAGM13131_Marion_island      19.69      6.49    0.74595      0.058658      0.044837      0.001308      0.002615
CI5_Crozet               19.33      5.69    0.70845      0.037749      0.036935      0.002468      0.004935
KI807_Kergulen           19.69      5.18    0.68812      0.004918      0.143062      0.017332      0.034665
HI5_Heard                19.59      5.10    0.68145      0.283679      0.151764      0.112398      0.224797
MI1662_Macquarie         19.90      5.26    0.67924      0.234412      0.120236      0.115807      0.231613
Population              mean_N    mean_k    mean_He    p_sign_TPM    p_stdv_TPM    p_W_1t_TPM    p_W_2t_TPM
137700_South_Shetlands      19.90      6.33    0.73689      0.073331      0.191953      0.058604      0.117209
W6536/36_FWB_pup         19.95      6.18    0.73117      0.473754      0.440312      0.193615      0.387231
BI25_Bouvetoya           19.90      5.82    0.71326      0.092531      0.086062      0.078448      0.156895
MIAGM13141_Marion_island      19.90      5.85    0.71981      0.043796      0.037072      0.004882      0.009763
CI39_Crozet              19.79      5.69    0.71364      0.002260      0.003990      0.000009      0.000019
KI816_Kergulen           19.18      5.38    0.70582      0.040242      0.009466      0.001022      0.002045
HI9_Heard                19.69      5.18    0.67304      0.516216      0.402652      0.392663      0.785327
MI2265_Macquarie         19.90      5.46    0.68061      0.231241      0.381677      0.292794      0.585588
Population              mean_N    mean_k    mean_He    p_sign_TPM    p_stdv_TPM    p_W_1t_TPM    p_W_2t_TPM
137680_South_Shetlands      19.74      6.00    0.71327      0.464667      0.357505      0.120638      0.241276
W6755                    19.59      5.95    0.72203      0.067507      0.148683      0.013402      0.026804
BI5_Bouvetoya            19.85      5.74    0.70644      0.199491      0.136334      0.039904      0.079809
MIAGM13138_Marion_island      19.79      6.03    0.72916      0.243682      0.020329      0.008079      0.016159
CI40_Crozet              19.85      5.92    0.72510      0.203750      0.015619      0.003270      0.006540
KI795_Kergulen           19.54      5.13    0.67326      0.239338      0.368888      0.124555      0.249111
HI3_Heard                19.85      5.38    0.68364      0.411869      0.349323      0.182360      0.364720
MI2270_Macquarie         19.85      5.69    0.71348      0.002244      0.033167      0.001827      0.003653
Population              mean_N    mean_k    mean_He    p_sign_TPM    p_stdv_TPM    p_W_1t_TPM    p_W_2t_TPM
137699_South_Shetlands      19.74      6.33    0.73086      0.122407      0.108939      0.087792      0.175584
W9170_pup                20.00      6.21    0.74467      0.012923      0.011213      0.001947      0.003894
BI23_Bouvetoya           19.85      5.87    0.70343      0.400680      0.108180      0.032627      0.065254
MIAGM13141_Marion_island      19.85      6.05    0.71314      0.493982      0.221795      0.082835      0.165670
CI5_Crozet               19.49      5.69    0.71773      0.006790      0.001146      0.000012      0.000024
KI812_Kergulen           19.69      5.13    0.68645      0.418131      0.126148      0.069229      0.138457
HI5_Heard                19.59      5.26    0.68106      0.532839      0.360915      0.221438      0.442876
MI2267_Macquarie         19.95      5.36    0.69006      0.275835      0.007190      0.001579      0.003159
Population              mean_N    mean_k    mean_He    p_sign_TPM    p_stdv_TPM    p_W_1t_TPM    p_W_2t_TPM
137645_South_Shetlands      20.00      6.18    0.72578      0.458873      0.419497      0.403732      0.807465
W12                      19.59      5.87    0.72200      0.093439      0.078072      0.019229      0.038457
BI7_Bouvetoya            19.95      5.56    0.70121      0.025736      0.013605      0.009860      0.019720
MIAGM13136_Marion_island      19.90      6.15    0.73253      0.021296      0.032574      0.005233      0.010465
CI5_Crozet               19.49      5.77    0.71835      0.024572      0.029122      0.002594      0.005187
KI810_Kergulen           19.03      5.36    0.69875      0.199531      0.152373      0.141450      0.282901
HI9_Heard                19.49      5.46    0.69418      0.085253      0.157631      0.678144      0.653658
MI1654_Macquarie         19.85      5.74    0.70893      0.426457      0.222815      0.121218      0.242436
Population              mean_N    mean_k    mean_He    p_sign_TPM    p_stdv_TPM    p_W_1t_TPM    p_W_2t_TPM
137723_South_Shetlands      19.79      6.23    0.72405      0.316718      0.489988      0.182360      0.364720
W9135_pup                19.85      6.08    0.72947      0.014456      0.036685      0.001521      0.003043
A1099_Bouvetoya          19.85      5.85    0.72046      0.169786      0.069267      0.015952      0.031905
MIAGM13131_Marion_island      20.00      6.28    0.74453      0.073574      0.060232      0.005322      0.010643
CI38_Crozet              19.69      5.79    0.72619      0.000375      0.001678      0.000194      0.000388
KI801_Kergulen           19.54      5.13    0.69079      0.027264      0.028676      0.004674      0.009348
HI7_Heard                19.64      5.05    0.68895      0.433001      0.203854      0.123475      0.246950
MI1667_Macquarie         19.90      5.59    0.70045      0.543022      0.371353      0.135276      0.270551
Population              mean_N    mean_k    mean_He    p_sign_TPM    p_stdv_TPM    p_W_1t_TPM    p_W_2t_TPM
137697_South_Shetlands      20.00      5.95    0.72497      0.325889      0.294875      0.081240      0.162480
W17                      19.79      6.05    0.72784      0.031426      0.023037      0.006853      0.013707
BI12_Bouvetoya           19.90      5.77    0.70953      0.195954      0.035640      0.007596      0.015193
MIAGM13136_Marion_island      19.79      5.95    0.71989      0.292098      0.100212      0.047842      0.095683
CI5_Crozet               19.49      5.87    0.72471      0.012162      0.006699      0.000590      0.001179
KI812_Kergulen           19.33      5.23    0.69689      0.076507      0.115601      0.011227      0.022454
HI5_Heard                19.90      5.33    0.68458      0.237965      0.172569      0.127569      0.255139
MI2252_Macquarie         20.00      5.56    0.69163      0.236099      0.267765      0.094587      0.189174
Population              mean_N    mean_k    mean_He    p_sign_TPM    p_stdv_TPM    p_W_1t_TPM    p_W_2t_TPM
137709_South_Shetlands      19.95      6.10    0.73224      0.056344      0.040806      0.013402      0.026804
Y/B134/35                19.79      5.82    0.70945      0.246012      0.214374      0.035932      0.071863
A1062_Bouvetoya          19.85      5.64    0.70664      0.157563      0.155766      0.110216      0.220433
MIAGM13133_Marion_island      19.90      6.21    0.71929      0.077009      0.179004      0.066318      0.132635
CI39_Crozet              19.64      5.79    0.72502      0.000064      0.002944      0.000039      0.000079
KI816_Kergulen           19.13      5.33    0.69599      0.079093      0.079503      0.042210      0.084421
HI7_Heard                19.69      5.33    0.68141      0.558482      0.379542      0.255802      0.511604
MI2269_Macquarie         19.90      5.67    0.70321      0.386914      0.204897      0.097116      0.194231
Population              mean_N    mean_k    mean_He    p_sign_TPM    p_stdv_TPM    p_W_1t_TPM    p_W_2t_TPM
137722_South_Shetlands      19.95      6.21    0.72493      0.396880      0.435659      0.238288      0.476577
W6538                    19.74      5.85    0.70760      0.484760      0.477125      0.287868      0.575736
BI22_Bouvetoya           20.00      5.74    0.71215      0.149180      0.151972      0.072192      0.144384
MIAGM13136_Marion_island      19.85      6.28    0.71491      0.556377      0.483202      0.260456      0.520913
CI5_Crozet               19.44      5.87    0.70850      0.299481      0.237329      0.126357      0.252714
KI812_Kergulen           19.49      5.00    0.68707      0.180003      0.070611      0.042425      0.084850
HI3_Heard                19.59      5.10    0.68015      0.059979      0.074860      0.038689      0.077379
MI2262_Macquarie         19.85      5.69    0.71366      0.547176      0.211625      0.099554      0.199107
Population              mean_N    mean_k    mean_He    p_sign_TPM    p_stdv_TPM    p_W_1t_TPM    p_W_2t_TPM
137708_South_Shetlands      19.90      6.21    0.74346      0.419884      0.119797      0.026283      0.052567
SG27_South_Georgia       19.74      5.87    0.70487      0.271332      0.321942      0.259146      0.518291
A1086_Bouvetoya          19.85      5.44    0.70237      0.060194      0.009711      0.001496      0.002992
MIAGM13138_Marion_island      19.95      6.21    0.72103      0.478596      0.126792      0.049324      0.098649
CI32_Crozet              19.69      5.92    0.72522      0.006458      0.002780      0.000140      0.000280
KI795_Kergulen           19.49      5.08    0.68707      0.311929      0.132860      0.029995      0.059991
HI36_Heard               19.74      5.36    0.67627      0.154029      0.464974      0.362441      0.724881
MI2267_Macquarie         19.90      5.77    0.69865      0.560561      0.144101      0.326829      0.653658
Population              mean_N    mean_k    mean_He    p_sign_TPM    p_stdv_TPM    p_W_1t_TPM    p_W_2t_TPM
137698_South_Shetlands      19.90      5.95    0.71644      0.505404      0.152717      0.110216      0.220433
Y/B134/35                19.74      6.03    0.73298      0.011792      0.056445      0.004882      0.009763
A1069_Bouvetoya          20.00      5.59    0.69622      0.111620      0.156141      0.049277      0.098554
MIAGM13133_Marion_island      19.85      6.21    0.72836      0.255338      0.081113      0.020686      0.041373
CI5_Crozet               19.54      5.72    0.71284      0.015192      0.009249      0.000140      0.000280
KI810_Kergulen           19.33      5.10    0.68006      0.422857      0.051357      0.025432      0.050864
HI7_Heard                19.69      4.97    0.67191      0.108145      0.177786      0.178699      0.357397
MI2254_Macquarie         19.90      5.49    0.70370      0.343763      0.113554      0.017857      0.035713
Population              mean_N    mean_k    mean_He    p_sign_TPM    p_stdv_TPM    p_W_1t_TPM    p_W_2t_TPM
137682_South_Shetlands      19.79      6.44    0.73119      0.360959      0.314723      0.312869      0.625738
W9134_pup                19.95      6.23    0.73153      0.136229      0.142056      0.026283      0.052567
BI7_Bouvetoya            19.85      5.72    0.69218      0.290998      0.356924      0.236726      0.473451
MIAGM13066_Marion_island      20.00      6.33    0.72186      0.468601      0.312817      0.426121      0.852241
CI5_Crozet               19.59      5.85    0.71381      0.180003      0.157227      0.058604      0.117209
KI814_Kergulen           19.74      5.38    0.69565      0.018771      0.114810      0.007745      0.015490
HI7_Heard                19.54      5.21    0.69091      0.318113      0.174515      0.041149      0.082299
MI1675_Macquarie         19.85      5.59    0.70501      0.142474      0.197840      0.068234      0.136468
Population              mean_N    mean_k    mean_He    p_sign_TPM    p_stdv_TPM    p_W_1t_TPM    p_W_2t_TPM
137721_South_Shetlands      19.79      6.41    0.73322      0.547399      0.100623      0.552137      0.906650
W9175_mum                19.79      5.85    0.73174      0.122350      0.054871      0.003123      0.006247
BI12_Bouvetoya           19.90      5.79    0.71364      0.254283      0.106062      0.068234      0.136468
MIAGM13061_Marion_island      19.95      6.13    0.72432      0.332967      0.233790      0.071132      0.142264
CI5_Crozet               19.49      5.92    0.72631      0.006025      0.003058      0.000053      0.000106
KI813_Kergulen           19.38      5.10    0.69363      0.191636      0.070337      0.022179      0.044358
HI9_Heard                19.95      5.18    0.66235      0.517594      0.215220      0.151057      0.302114
MI2254_Macquarie         19.95      5.46    0.68940      0.097333      0.097375      0.006948      0.013897
Population              mean_N    mean_k    mean_He    p_sign_TPM    p_stdv_TPM    p_W_1t_TPM    p_W_2t_TPM
137718_South_Shetlands      19.90      6.56    0.73951      0.394727      0.452128      0.312005      0.624010
ATP32                    19.85      6.18    0.72293      0.369738      0.120641      0.072192      0.144384
A1090_Bouvetoya          19.90      5.82    0.70006      0.186632      0.151677      0.053530      0.107060
MIAGM13124_Marion_island      19.85      6.03    0.72883      0.158345      0.086000      0.010784      0.021568
CI39_Crozet              19.59      5.69    0.71083      0.034921      0.011483      0.000160      0.000320
KI806_Kergulen           19.23      4.72    0.65559      0.038158      0.031467      0.001827      0.003653
HI4_Heard                19.69      5.33    0.69713      0.150700      0.039297      0.007423      0.014845
MI2261_Macquarie         19.85      5.23    0.68043      0.005845      0.056031      0.007423      0.014845
Population              mean_N    mean_k    mean_He    p_sign_TPM    p_stdv_TPM    p_W_1t_TPM    p_W_2t_TPM
137656_South_Shetlands      19.69      6.23    0.72699      0.281603      0.128465      0.038689      0.077379
ATP28                    19.79      6.41    0.74503      0.143668      0.024973      0.002848      0.005696
A1100_Bouvetoya          19.90      5.77    0.72263      0.044990      0.017434      0.004782      0.009564
MIAGM13128_Marion_island      19.95      6.36    0.73415      0.238217      0.080241      0.021449      0.042898
CI40_Crozet              19.69      5.79    0.72538      0.002411      0.004032      0.000002      0.000005
KI7_Kergulen             19.85      5.33    0.69881      0.143729      0.058587      0.016567      0.033135
HI5_Heard                19.64      5.38    0.68481      0.294337      0.434309      0.157692      0.315383
MI2255_Macquarie         20.00      5.67    0.70850      0.408991      0.335388      0.229779      0.459558
Population              mean_N    mean_k    mean_He    p_sign_TPM    p_stdv_TPM    p_W_1t_TPM    p_W_2t_TPM
137716_South_Shetlands      19.90      6.41    0.73592      0.430644      0.467434      0.458796      0.917591
W6506                    19.85      6.15    0.73048      0.543735      0.272768      0.092369      0.184738
A1091_Bouvetoya          19.95      5.77    0.71007      0.031681      0.019973      0.004372      0.008745
MIAGM13136_Marion_island      19.69      5.87    0.72588      0.027969      0.006045      0.000354      0.000707
CI39_Crozet              19.79      5.92    0.71843      0.052317      0.010764      0.000563      0.001126
KI816_Kergulen           19.03      5.36    0.70179      0.074869      0.097717      0.053785      0.107569
HI9_Heard                19.69      4.92    0.67568      0.015389      0.054319      0.009158      0.018315
MI2256_Macquarie         19.85      5.41    0.69521      0.076539      0.174726      0.033639      0.067279
Population              mean_N    mean_k    mean_He    p_sign_TPM    p_stdv_TPM    p_W_1t_TPM    p_W_2t_TPM
137704_South_Shetlands      19.64      6.36    0.72235      0.315386      0.371686      0.393934      0.787868
W9175_pup                19.69      6.26    0.73287      0.106745      0.132259      0.010250      0.020501
A1090_Bouvetoya          19.79      5.97    0.70484      0.473937      0.429343      0.209250      0.418500
MIAGF13147_Marion_island      20.00      6.13    0.71053      0.158629      0.167458      0.042210      0.084421
CI39_Crozet              19.54      5.79    0.70714      0.050059      0.031814      0.000957      0.001913
KI813_Kergulen           19.74      5.05    0.67930      0.399773      0.201097      0.129284      0.258568
HI9_Heard                19.85      5.05    0.66007      0.541588      0.407782      0.321856      0.643713
MI2252_Macquarie         19.95      5.10    0.67975      0.003521      0.052063      0.004586      0.009172
Population              mean_N    mean_k    mean_He    p_sign_TPM    p_stdv_TPM    p_W_1t_TPM    p_W_2t_TPM
137703_South_Shetlands      19.59      6.13    0.73512      0.215895      0.240079      0.154351      0.308703
W6524/24_pup             19.90      6.10    0.71203      0.346244      0.441832      0.167594      0.335188
A1064_Bouvetoya          19.69      6.00    0.71389      0.091597      0.216577      0.104818      0.209636
MIAGM13058_Marion_island      19.64      5.95    0.71752      0.235043      0.171977      0.082835      0.165670
CI5_Crozet               19.54      5.77    0.71891      0.017315      0.002023      0.000002      0.000005
KI810_Kergulen           19.54      5.15    0.69265      0.557451      0.109234      0.045069      0.090139
HI9_Heard                19.85      5.23    0.67598      0.393642      0.225037      0.107128      0.214257
MI2262_Macquarie         19.85      5.49    0.68483      0.152376      0.313939      0.078448      0.156895
Population              mean_N    mean_k    mean_He    p_sign_TPM    p_stdv_TPM    p_W_1t_TPM    p_W_2t_TPM
137720_South_Shetlands      19.85      6.21    0.74698      0.429030      0.137700      0.034121      0.068242
ATP37                    19.85      6.15    0.72571      0.075355      0.099808      0.017202      0.034404
A1094_Bouvetoya          19.95      5.87    0.70980      0.018704      0.020755      0.001735      0.003471
MIAGM13142_Marion_island      19.64      6.00    0.72492      0.432213      0.128254      0.046439      0.092879
CI5_Crozet               19.54      5.74    0.72354      0.003980      0.001287      0.000056      0.000112
KI814_Kergulen           19.85      5.26    0.69359      0.241524      0.038224      0.018532      0.037064
HI4_Heard                19.79      5.08    0.68370      0.064429      0.068907      0.035220      0.070440
MI2264_Macquarie         20.00      5.51    0.70810      0.534652      0.185561      0.175083      0.350166
Population              mean_N    mean_k    mean_He    p_sign_TPM    p_stdv_TPM    p_W_1t_TPM    p_W_2t_TPM
137688_South_Shetlands      20.00      5.92    0.72443      0.022961      0.035154      0.005554      0.011108
W6541/41_pup             19.74      5.79    0.71760      0.056587      0.096707      0.008079      0.016159
A1098_Bouvetoya          19.79      5.85    0.71429      0.115394      0.098306      0.045069      0.090139
MIAGM13128_Marion_island      19.79      5.97    0.71563      0.147335      0.211127      0.085095      0.170191
CI5_Crozet               19.59      5.69    0.71548      0.002420      0.009181      0.000321      0.000643
KI810_Kergulen           19.59      5.15    0.68417      0.237142      0.117628      0.055661      0.111322
HI9_Heard                19.74      5.28    0.67203      0.353229      0.444670      0.194232      0.388464
MI2265_Macquarie         19.95      5.72    0.71223      0.456055      0.160026      0.087792      0.175584
Population              mean_N    mean_k    mean_He    p_sign_TPM    p_stdv_TPM    p_W_1t_TPM    p_W_2t_TPM
137683_South_Shetlands      19.95      6.41    0.73782      0.220897      0.136039      0.055356      0.110712
W6522/22                 19.90      5.90    0.70706      0.193312      0.250975      0.055356      0.110712
BI17_Bouvetoya           19.95      5.74    0.70120      0.427038      0.314137      0.186067      0.372133
MIAGM13137_Marion_island      20.00      6.15    0.72456      0.566759      0.272022      0.112398      0.224797
CI39_Crozet              19.49      5.69    0.71380      0.001366      0.001955      0.000007      0.000014
KI814_Kergulen           19.49      5.21    0.69807      0.027723      0.022402      0.010250      0.020501
HI28_Heard               19.74      5.21    0.68328      0.461935      0.113090      0.038347      0.076694
MI2251_Macquarie         19.85      5.51    0.70245      0.174184      0.185298      0.033776      0.067553
Population              mean_N    mean_k    mean_He    p_sign_TPM    p_stdv_TPM    p_W_1t_TPM    p_W_2t_TPM
137693_South_Shetlands      19.69      6.26    0.71990      0.567969      0.369714      0.269355      0.538709
W6526/26                 19.59      6.26    0.72359      0.298763      0.496183      0.193615      0.387231
BI8_Bouvetoya            19.69      5.69    0.70302      0.486033      0.154879      0.076320      0.152639
MIAGM13141_Marion_island      19.95      6.21    0.73250      0.064541      0.028770      0.001521      0.003043
CI5_Crozet               19.44      5.74    0.71021      0.051466      0.072697      0.004474      0.008947
KI810_Kergulen           19.69      5.15    0.69094      0.032190      0.237508      0.079138      0.158277
HI5_Heard                19.79      5.13    0.67766      0.237030      0.113134      0.052419      0.104837
MI2265_Macquarie         20.00      5.67    0.69811      0.392381      0.120302      0.026372      0.052745
Population              mean_N    mean_k    mean_He    p_sign_TPM    p_stdv_TPM    p_W_1t_TPM    p_W_2t_TPM
137685_South_Shetlands      19.90      6.31    0.73517      0.419079      0.130660      0.043731      0.087463
W6701_pup                19.59      6.08    0.71273      0.444125      0.486173      0.378088      0.756177
BI24_Bouvetoya           19.90      5.85    0.72183      0.197485      0.022517      0.007752      0.015505
MIAGM13125_Marion_island      19.90      6.44    0.71770      0.434040      0.229437      0.388484      0.776968
CI5_Crozet               19.54      5.72    0.69980      0.038451      0.066608      0.009543      0.019087
KI805_Kergulen           19.54      5.13    0.68697      0.213758      0.070213      0.020686      0.041373
HI4_Heard                19.74      5.26    0.70139      0.198451      0.041503      0.016718      0.033436
MI2265_Macquarie         19.69      5.54    0.70494      0.139542      0.112876      0.010784      0.021568
Population              mean_N    mean_k    mean_He    p_sign_TPM    p_stdv_TPM    p_W_1t_TPM    p_W_2t_TPM
137696_South_Shetlands      19.85      6.03    0.71290      0.368375      0.095672      0.046374      0.092749
W6530/30                 19.74      5.95    0.72177      0.224071      0.041509      0.013156      0.026312
BI6_Bouvetoya            20.00      6.00    0.71161      0.237903      0.190508      0.146689      0.293377
MIAGM13132_Marion_island      19.85      5.97    0.72705      0.066415      0.307131      0.056962      0.113925
CI40_Crozet              19.85      5.77    0.71665      0.002101      0.010580      0.000087      0.000174
KI807_Kergulen           19.08      5.05    0.68139      0.214474      0.147024      0.078448      0.156895
HI7_Heard                19.85      5.13    0.66559      0.528171      0.411440      0.278132      0.556265
MI2264_Macquarie         19.90      5.31    0.68489      0.402100      0.251081      0.163985      0.327971
Population              mean_N    mean_k    mean_He    p_sign_TPM    p_stdv_TPM    p_W_1t_TPM    p_W_2t_TPM
137722_South_Shetlands      19.90      6.23    0.72846      0.128940      0.119913      0.019289      0.038578
W2031/32_pup             19.85      6.00    0.71530      0.518921      0.416621      0.160427      0.320853
A1032_Bouvetoya          19.90      5.85    0.69855      0.200819      0.049624      0.013580      0.027160
MIAGM13137_Marion_island      19.85      5.87    0.72353      0.048579      0.010072      0.001022      0.002045
CI34_Crozet              19.69      5.87    0.71816      0.009680      0.002717      0.000004      0.000008
KI813_Kergulen           19.49      5.33    0.69461      0.132554      0.057304      0.017857      0.035713
HI4_Heard                19.74      5.33    0.69773      0.508561      0.076102      0.044952      0.089904
MI2265_Macquarie         19.95      5.26    0.68817      0.323385      0.084328      0.026525      0.053049
Population              mean_N    mean_k    mean_He    p_sign_TPM    p_stdv_TPM    p_W_1t_TPM    p_W_2t_TPM
137702_South_Shetlands      19.74      6.15    0.72253      0.561177      0.229044      0.132257      0.264514
W9162_pup                19.90      6.21    0.72718      0.154532      0.040992      0.017857      0.035713
A1013_Bouvetoya          19.95      5.87    0.72207      0.008197      0.022975      0.001827      0.003653
MIAGM13117_Marion_island      20.00      6.05    0.72375      0.182141      0.264920      0.182360      0.364720
CI5_Crozet               19.54      6.03    0.73638      0.000457      0.002293      0.000016      0.000032
KI807_Kergulen           19.59      5.49    0.70422      0.113662      0.057032      0.017965      0.035930
HI9_Heard                19.74      5.21    0.68437      0.448018      0.304070      0.135276      0.270551
MI1603_Macquarie         19.95      5.23    0.65602      0.399572      0.450928      0.377098      0.754195
Population              mean_N    mean_k    mean_He    p_sign_TPM    p_stdv_TPM    p_W_1t_TPM    p_W_2t_TPM
137696_South_Shetlands      19.90      6.00    0.71499      0.469652      0.313928      0.255802      0.511604
W9164_mum                19.79      5.64    0.69630      0.173433      0.342047      0.117847      0.235693
A1062_Bouvetoya          19.90      5.87    0.70545      0.468340      0.448826      0.326829      0.653658
MIAGM13142_Marion_island      19.69      6.23    0.71836      0.480071      0.315720      0.229779      0.459558
CI40_Crozet              19.74      5.77    0.70969      0.116160      0.144589      0.037504      0.075008
KI810_Kergulen           19.59      5.26    0.68270      0.298984      0.222667      0.056962      0.113925
HI7_Heard                19.69      5.00    0.67303      0.503806      0.397483      0.259146      0.518291
MI2261_Macquarie         19.95      5.23    0.67751      0.450269      0.459241      0.118674      0.237349
Population              mean_N    mean_k    mean_He    p_sign_TPM    p_stdv_TPM    p_W_1t_TPM    p_W_2t_TPM
137703_South_Shetlands      19.69      6.46    0.74544      0.077822      0.194071      0.049277      0.098554
W04                      19.79      6.08    0.72822      0.080410      0.119643      0.011685      0.023371
2277_Bouvetoya           19.74      5.67    0.69919      0.107832      0.048027      0.003603      0.007206
MIAGM13140_Marion_island      19.79      6.00    0.72673      0.320395      0.099028      0.022179      0.044358
CI5_Crozet               19.64      5.92    0.72755      0.005169      0.008399      0.000342      0.000683
KI802_Kergulen           19.44      4.97    0.66066      0.337120      0.388871      0.143378      0.286757
HI7_Heard                19.64      5.26    0.69676      0.284124      0.049031      0.014983      0.029967
MI2267_Macquarie         20.00      5.56    0.70283      0.188678      0.155445      0.112398      0.224797
Population              mean_N    mean_k    mean_He    p_sign_TPM    p_stdv_TPM    p_W_1t_TPM    p_W_2t_TPM
137708_South_Shetlands      19.74      6.10    0.71902      0.477922      0.231210      0.362441      0.724881
W9161_mum                19.74      5.97    0.72456      0.419047      0.307639      0.045647      0.091294
A1081_Bouvetoya          19.90      5.69    0.71218      0.255289      0.028860      0.006523      0.013047
MIAGM13138_Marion_island      20.00      6.03    0.71930      0.293715      0.081764      0.049277      0.098554
CI5_Crozet               19.69      5.77    0.72030      0.001556      0.001633      0.000284      0.000568
KI805_Kergulen           19.54      5.13    0.68360      0.117972      0.087556      0.017332      0.034665
HI9_Heard                19.64      5.18    0.67696      0.522524      0.446338      0.269355      0.538709
MI2267_Macquarie         19.90      5.74    0.70386      0.127256      0.273084      0.300759      0.601519
Population              mean_N    mean_k    mean_He    p_sign_TPM    p_stdv_TPM    p_W_1t_TPM    p_W_2t_TPM
137664_South_Shetlands      19.64      6.23    0.73715      0.120064      0.085700      0.020692      0.041384
W9135_mum                19.90      6.21    0.72609      0.358208      0.356104      0.282981      0.565961
A1060_Bouvetoya          19.90      5.77    0.71555      0.284124      0.063265      0.040890      0.081780
MIAGM13144_Marion_island      19.64      6.03    0.71599      0.496245      0.480723      0.153458      0.306917
CI5_Crozet               19.59      5.97    0.72679      0.003469      0.008653      0.000623      0.001246
KI814_Kergulen           19.28      5.21    0.68616      0.039437      0.019580      0.002468      0.004935
HI9_Heard                19.69      5.15    0.67429      0.226452      0.207780      0.107493      0.214987
MI2270_Macquarie         19.85      5.26    0.68702      0.222378      0.064188      0.011685      0.023371
Population              mean_N    mean_k    mean_He    p_sign_TPM    p_stdv_TPM    p_W_1t_TPM    p_W_2t_TPM
137710_South_Shetlands      19.90      6.10    0.72454      0.198641      0.064813      0.019980      0.039961
W6510/10                 19.79      5.85    0.72005      0.270793      0.058567      0.004782      0.009564
A1075_Bouvetoya          19.85      5.87    0.69229      0.335046      0.313074      0.365377      0.730753
MIAGM13126_Marion_island      19.74      6.26    0.72131      0.547945      0.498044      0.269355      0.538709
CI5_Crozet               19.38      5.67    0.72132      0.000011      0.000225      0.000000      0.000000
KI816_Kergulen           19.69      4.97    0.67926      0.213328      0.087575      0.025416      0.050833
HI9_Heard                19.64      5.31    0.67132      0.209711      0.304191      0.497248      0.994497
MI1645_Macquarie         19.85      5.51    0.68667      0.233453      0.335325      0.436968      0.873937
Population              mean_N    mean_k    mean_He    p_sign_TPM    p_stdv_TPM    p_W_1t_TPM    p_W_2t_TPM
137698_South_Shetlands      19.95      6.28    0.70690      0.218936      0.230627      0.621912      0.766699
SG20_South_Georgia       19.79      6.13    0.72934      0.534905      0.360362      0.175083      0.350166
A1064_Bouvetoya          19.95      5.69    0.70720      0.027427      0.048028      0.016122      0.032244
MIAGM13121_Marion_island      19.79      6.10    0.73531      0.184904      0.057713      0.017857      0.035713
CI40_Crozet              19.79      5.90    0.72459      0.002292      0.014286      0.002857      0.005714
KI801_Kergulen           19.54      5.08    0.69532      0.013127      0.025549      0.005795      0.011591
HI7_Heard                19.79      5.26    0.68122      0.299912      0.273073      0.061997      0.123994
MI2248_Macquarie         19.90      5.62    0.69815      0.462457      0.310507      0.194232      0.388464
Population              mean_N    mean_k    mean_He    p_sign_TPM    p_stdv_TPM    p_W_1t_TPM    p_W_2t_TPM
137709_South_Shetlands      19.90      6.36    0.72488      0.443218      0.394112      0.269355      0.538709
Y/B134/35                19.79      6.03    0.71652      0.415689      0.372874      0.269355      0.538709
BI25_Bouvetoya           19.90      6.00    0.71361      0.313063      0.189172      0.092369      0.184738
MIAGM13127_Marion_island      19.74      6.05    0.71483      0.512743      0.241010      0.167989      0.335977
CI5_Crozet               19.59      5.56    0.70743      0.030356      0.014562      0.002594      0.005187
KI807_Kergulen           19.28      5.13    0.70979      0.000609      0.001390      0.000005      0.000009
HI5_Heard                19.64      5.15    0.66526      0.377806      0.331875      0.205275      0.410550
MI2269_Macquarie         19.95      5.51    0.70154      0.305959      0.127206      0.043731      0.087463
Population              mean_N    mean_k    mean_He    p_sign_TPM    p_stdv_TPM    p_W_1t_TPM    p_W_2t_TPM
137711_South_Shetlands      19.90      6.28    0.73740      0.326659      0.311401      0.167989      0.335977
AGP11086                 19.54      5.87    0.71970      0.465266      0.212525      0.059056      0.118111
A1068_Bouvetoya          20.00      5.74    0.71606      0.201949      0.137702      0.047842      0.095683
MIAGM13137_Marion_island      19.90      5.95    0.72929      0.205279      0.034143      0.022955      0.045909
CI39_Crozet              19.74      5.67    0.71094      0.054204      0.012142      0.001308      0.002615
KI807_Kergulen           19.49      4.97    0.69396      0.076385      0.005838      0.002022      0.004043
HI5_Heard                19.90      5.31    0.67924      0.166645      0.334271      0.186067      0.372133
MI2260_Macquarie         19.85      5.36    0.68553      0.183900      0.060607      0.021131      0.042262
