Population              mean_N    mean_k    mean_He    p_sign_TPM    p_stdv_TPM    p_W_1t_TPM    p_W_2t_TPM
137712_South_Shetlands      19.64      6.05    0.72249      0.068034      0.339866      0.097116      0.194231
W6513/13                 19.85      6.05    0.71795      0.559915      0.381229      0.221438      0.442876
A1040_Bouvetoya          19.79      5.41    0.69707      0.059160      0.047474      0.026283      0.052567
MIAGM13108_Marion_island      19.90      6.28    0.72884      0.541134      0.407950      0.115100      0.230200
CI5_Crozet               19.64      5.67    0.71555      0.001044      0.003757      0.000182      0.000365
KI814_Kergulen           19.74      5.15    0.68568      0.270753      0.051158      0.025416      0.050833
HI9_Heard                19.54      5.28    0.67280      0.447656      0.302725      0.475250      0.950500
MI1664_Macquarie         19.95      5.21    0.67840      0.085646      0.309929      0.049324      0.098649
Population              mean_N    mean_k    mean_He    p_sign_TPM    p_stdv_TPM    p_W_1t_TPM    p_W_2t_TPM
137709_South_Shetlands      20.00      6.28    0.73104      0.031880      0.018908      0.001681      0.003361
W6538/38_FWB_pup         19.90      5.82    0.69957      0.190811      0.225720      0.115100      0.230200
BI18_Bouvetoya           19.90      5.77    0.70844      0.427891      0.110366      0.051875      0.103749
MIAGM13133_Marion_island      19.90      6.15    0.72482      0.309011      0.401586      0.326829      0.653658
CI39_Crozet              19.59      5.85    0.72198      0.006510      0.004120      0.000221      0.000442
KI812_Kergulen           19.69      5.28    0.69279      0.291076      0.303353      0.194232      0.388464
HI4_Heard                19.59      5.21    0.69545      0.284891      0.117215      0.034121      0.068242
MI2264_Macquarie         19.85      5.33    0.69140      0.176946      0.062573      0.014983      0.029967
Population              mean_N    mean_k    mean_He    p_sign_TPM    p_stdv_TPM    p_W_1t_TPM    p_W_2t_TPM
137704_South_Shetlands      19.49      5.95    0.71836      0.301345      0.368544      0.201344      0.402688
W6536                    19.74      6.05    0.71045      0.448353      0.093320      0.030422      0.060845
BI5_Bouvetoya            19.95      5.59    0.70113      0.431099      0.288940      0.147809      0.295618
MIAGM13124_Marion_island      19.95      5.92    0.71651      0.482285      0.144191      0.099609      0.199218
CI5_Crozet               19.59      5.74    0.72270      0.005836      0.000991      0.000004      0.000008
KI816_Kergulen           19.44      5.05    0.68780      0.020941      0.027124      0.033639      0.067279
HI7_Heard                19.59      5.10    0.69185      0.285239      0.111664      0.047842      0.095683
MI2259_Macquarie         19.95      5.56    0.70502      0.234934      0.129797      0.080619      0.161239
Population              mean_N    mean_k    mean_He    p_sign_TPM    p_stdv_TPM    p_W_1t_TPM    p_W_2t_TPM
137722_South_Shetlands      20.00      5.87    0.71673      0.114581      0.116312      0.030987      0.061974
W6520/20                 19.79      5.85    0.72647      0.211853      0.073069      0.029030      0.058060
A1100_Bouvetoya          19.79      5.90    0.72972      0.007934      0.003781      0.001337      0.002675
MIAGM13130_Marion_island      19.90      5.92    0.73285      0.073985      0.043731      0.003746      0.007492
CI5_Crozet               19.54      5.90    0.71282      0.036833      0.097459      0.019946      0.039893
KI807_Kergulen           19.03      5.26    0.70052      0.159740      0.097159      0.017857      0.035713
HI4_Heard                19.59      5.33    0.69659      0.563034      0.143409      0.065537      0.131075
MI2253_Macquarie         19.85      5.62    0.69780      0.063076      0.102796      0.017202      0.034404
Population              mean_N    mean_k    mean_He    p_sign_TPM    p_stdv_TPM    p_W_1t_TPM    p_W_2t_TPM
137715_South_Shetlands      19.69      5.85    0.70327      0.335603      0.398454      0.189818      0.379637
W6530/30                 19.90      6.21    0.72289      0.420013      0.302453      0.201344      0.402688
A1055_Bouvetoya          19.79      5.87    0.70909      0.253937      0.090833      0.010356      0.020712
MIAGM13133_Marion_island      19.90      6.13    0.72107      0.038023      0.118190      0.008079      0.016159
CI5_Crozet               19.54      5.85    0.72246      0.062891      0.007398      0.000658      0.001317
KI814_Kergulen           19.95      5.41    0.68957      0.188283      0.108117      0.053785      0.107569
HI5_Heard                19.74      5.28    0.68308      0.389944      0.373306      0.154351      0.308703
MI2270_Macquarie         20.00      5.41    0.68340      0.277306      0.124846      0.051875      0.103749
Population              mean_N    mean_k    mean_He    p_sign_TPM    p_stdv_TPM    p_W_1t_TPM    p_W_2t_TPM
137708_South_Shetlands      19.74      6.36    0.72946      0.349561      0.477694      0.157692      0.315383
ATF08                    19.95      6.10    0.70969      0.140036      0.211713      0.112987      0.225975
A1083_Bouvetoya          19.85      5.95    0.72348      0.032413      0.006302      0.001496      0.002992
MIAGM13140_Marion_island      19.74      6.21    0.73000      0.198303      0.407033      0.090060      0.180119
CI5_Crozet               19.38      5.62    0.71398      0.006468      0.007458      0.001648      0.003296
KI813_Kergulen           19.44      5.08    0.69329      0.045854      0.031516      0.009158      0.018315
HI5_Heard                19.69      5.10    0.68143      0.476153      0.214052      0.109741      0.219482
MI2253_Macquarie         20.00      5.67    0.69892      0.321414      0.446042      0.469759      0.939518
Population              mean_N    mean_k    mean_He    p_sign_TPM    p_stdv_TPM    p_W_1t_TPM    p_W_2t_TPM
137687_South_Shetlands      19.74      6.49    0.73555      0.493444      0.358204      0.297472      0.594945
W6547                    19.54      5.95    0.72605      0.001712      0.003263      0.000049      0.000098
A1084_Bouvetoya          19.90      5.74    0.69753      0.466117      0.119194      0.080619      0.161239
MIAGM13060_Marion_island      20.00      5.85    0.71161      0.414788      0.141591      0.083383      0.166766
CI5_Crozet               19.54      5.72    0.71899      0.014735      0.001365      0.000194      0.000388
KI816_Kergulen           19.95      5.36    0.69315      0.040041      0.052294      0.002126      0.004252
HI5_Heard                19.74      5.23    0.68504      0.187437      0.069517      0.021939      0.043879
MI1688_Macquarie         19.85      5.33    0.68757      0.319825      0.238245      0.167594      0.335188
Population              mean_N    mean_k    mean_He    p_sign_TPM    p_stdv_TPM    p_W_1t_TPM    p_W_2t_TPM
137689_South_Shetlands      19.79      6.28    0.73097      0.284280      0.131638      0.024734      0.049468
W5509/10                 19.64      5.74    0.70441      0.460395      0.110318      0.042718      0.085436
A1067_Bouvetoya          19.95      6.03    0.71171      0.543526      0.434525      0.393934      0.787868
MIAGM13132_Marion_island      19.90      6.33    0.72085      0.071813      0.050272      0.810182      0.387231
CI5_Crozet               19.33      5.67    0.71213      0.017290      0.007481      0.000107      0.000214
KI814_Kergulen           19.44      5.33    0.69816      0.071321      0.051730      0.004365      0.008731
HI7_Heard                19.74      5.21    0.68704      0.398199      0.145459      0.049277      0.098554
MI2269_Macquarie         19.95      5.72    0.70153      0.400036      0.461977      0.328294      0.656587
Population              mean_N    mean_k    mean_He    p_sign_TPM    p_stdv_TPM    p_W_1t_TPM    p_W_2t_TPM
137674_South_Shetlands      19.90      6.23    0.72873      0.426822      0.356316      0.151057      0.302114
W9172_mum                19.79      6.38    0.73798      0.238551      0.147096      0.013156      0.026312
A1049_Bouvetoya          19.90      5.82    0.71102      0.195829      0.154060      0.046439      0.092879
MIAGM13061_Marion_island      19.90      6.15    0.72739      0.277018      0.083829      0.022234      0.044469
CI40_Crozet              19.74      5.82    0.72360      0.002311      0.003857      0.000017      0.000034
KI806_Kergulen           19.23      5.00    0.68652      0.204432      0.025082      0.012649      0.025299
HI9_Heard                19.59      5.36    0.68637      0.431267      0.469630      0.321856      0.643713
MI2270_Macquarie         19.95      5.26    0.68026      0.327564      0.215287      0.165413      0.330826
Population              mean_N    mean_k    mean_He    p_sign_TPM    p_stdv_TPM    p_W_1t_TPM    p_W_2t_TPM
137723_South_Shetlands      19.79      6.00    0.72458      0.312043      0.323387      0.109741      0.219482
W9168_mum                19.79      5.77    0.71916      0.410148      0.400274      0.099554      0.199107
A1032_Bouvetoya          19.74      5.59    0.70692      0.281646      0.117240      0.049277      0.098554
MIAGM13131_Marion_island      20.00      6.23    0.72942      0.328317      0.186167      0.069229      0.138457
CI40_Crozet              19.74      5.95    0.72465      0.001844      0.011839      0.000363      0.000726
KI796_Kergulen           19.23      5.51    0.68686      0.511599      0.148971      0.500000      1.000000
HI7_Heard                19.54      5.23    0.68290      0.522154      0.193421      0.109741      0.219482
MI2262_Macquarie         19.85      5.05    0.67035      0.504437      0.274286      0.140118      0.280235
Population              mean_N    mean_k    mean_He    p_sign_TPM    p_stdv_TPM    p_W_1t_TPM    p_W_2t_TPM
137717_South_Shetlands      19.95      5.95    0.71570      0.106502      0.269097      0.061997      0.123994
W9171_mum                19.74      6.36    0.72491      0.298243      0.320115      0.404596      0.809191
A1057_Bouvetoya          19.90      5.87    0.71329      0.057502      0.220178      0.018851      0.037703
MIAGM13139_Marion_island      20.00      6.03    0.71943      0.092105      0.205482      0.085095      0.170191
CI40_Crozet              19.49      5.82    0.71591      0.006691      0.040047      0.001922      0.003844
KI813_Kergulen           19.33      5.10    0.68248      0.142319      0.143564      0.055661      0.111322
HI7_Heard                19.79      5.44    0.68634      0.490665      0.356510      0.202281      0.404563
MI2251_Macquarie         19.85      5.33    0.68767      0.289781      0.420810      0.242606      0.485211
Population              mean_N    mean_k    mean_He    p_sign_TPM    p_stdv_TPM    p_W_1t_TPM    p_W_2t_TPM
137709_South_Shetlands      19.69      6.05    0.71932      0.018633      0.032064      0.002592      0.005184
W9169_pup                19.79      6.23    0.73573      0.126215      0.149174      0.061997      0.123994
BI24_Bouvetoya           19.69      6.08    0.72239      0.128091      0.340010      0.117847      0.235693
MIAGM13121_Marion_island      19.95      6.03    0.72583      0.543308      0.287475      0.189818      0.379637
CI5_Crozet               19.44      5.85    0.72377      0.090550      0.014415      0.001681      0.003361
KI816_Kergulen           19.54      5.05    0.67347      0.262890      0.136953      0.066318      0.132635
HI7_Heard                19.69      4.85    0.66765      0.083245      0.078838      0.015356      0.030713
MI2261_Macquarie         19.95      5.36    0.68480      0.167680      0.225837      0.055356      0.110712
Population              mean_N    mean_k    mean_He    p_sign_TPM    p_stdv_TPM    p_W_1t_TPM    p_W_2t_TPM
137704_South_Shetlands      19.79      6.10    0.72243      0.353792      0.128369      0.010356      0.020712
ATF45                    19.90      6.13    0.71656      0.508036      0.420093      0.352130      0.704261
BI16_Bouvetoya           19.90      5.67    0.71525      0.094536      0.071056      0.009543      0.019087
MIAGM13141_Marion_island      19.95      6.36    0.73392      0.423386      0.079836      0.014983      0.029967
CI5_Crozet               19.44      5.90    0.71210      0.428264      0.311862      0.112398      0.224797
KI798_Kergulen           19.54      5.26    0.69096      0.319038      0.065441      0.023876      0.047753
HI9_Heard                19.69      5.33    0.68186      0.546355      0.314481      0.240836      0.481672
MI2256_Macquarie         20.00      5.38    0.69636      0.346788      0.173423      0.092146      0.184292
Population              mean_N    mean_k    mean_He    p_sign_TPM    p_stdv_TPM    p_W_1t_TPM    p_W_2t_TPM
137672_South_Shetlands      19.90      6.21    0.73668      0.066799      0.013817      0.007143      0.014285
W6506                    19.74      6.13    0.72532      0.111781      0.395109      0.326829      0.653658
A1038_Bouvetoya          19.95      5.77    0.69759      0.497838      0.457859      0.263830      0.527660
MIAGM13138_Marion_island      19.95      6.08    0.72563      0.118737      0.114577      0.061997      0.123994
CI5_Crozet               19.69      5.79    0.72465      0.023105      0.001280      0.000096      0.000192
KI802_Kergulen           19.64      5.21    0.70352      0.270542      0.028248      0.014983      0.029967
HI7_Heard                19.64      4.87    0.66887      0.552201      0.349219      0.242606      0.485211
MI2256_Macquarie         19.95      5.54    0.69018      0.058467      0.157607      0.072401      0.144803
Population              mean_N    mean_k    mean_He    p_sign_TPM    p_stdv_TPM    p_W_1t_TPM    p_W_2t_TPM
137650_South_Shetlands      19.95      6.03    0.72429      0.556110      0.470850      0.246964      0.493928
W9164_pup                19.69      5.92    0.72927      0.106889      0.040237      0.007442      0.014884
A1093_Bouvetoya          19.74      5.69    0.72074      0.030068      0.015320      0.001766      0.003531
MIAGM13138_Marion_island      20.00      6.23    0.72942      0.219536      0.184368      0.126357      0.252714
CI39_Crozet              19.54      5.62    0.71217      0.006528      0.002928      0.000011      0.000022
KI816_Kergulen           19.69      5.23    0.70047      0.016669      0.009333      0.000820      0.001640
HI36_Heard               19.74      5.18    0.69209      0.041472      0.039230      0.005471      0.010943
MI2267_Macquarie         20.00      5.54    0.70243      0.302504      0.229473      0.104560      0.209119
Population              mean_N    mean_k    mean_He    p_sign_TPM    p_stdv_TPM    p_W_1t_TPM    p_W_2t_TPM
137704_South_Shetlands      19.74      6.08    0.72937      0.333839      0.253157      0.099554      0.199107
W9161_pup                19.90      6.03    0.72868      0.153897      0.043221      0.008426      0.016852
BI23_Bouvetoya           19.85      5.87    0.70795      0.130112      0.273598      0.130615      0.261230
MIAGM13139_Marion_island      19.59      6.18    0.71034      0.514905      0.460290      0.359994      0.719987
CI5_Crozet               19.69      6.00    0.72695      0.028740      0.022446      0.006575      0.013149
KI807_Kergulen           19.49      5.10    0.70095      0.226992      0.009371      0.003626      0.007252
HI9_Heard                19.59      5.38    0.68480      0.323619      0.483567      0.357273      0.714546
MI2264_Macquarie         20.00      5.49    0.68259      0.200657      0.269919      0.388632      0.777263
Population              mean_N    mean_k    mean_He    p_sign_TPM    p_stdv_TPM    p_W_1t_TPM    p_W_2t_TPM
137719_South_Shetlands      19.85      6.00    0.72343      0.311451      0.065614      0.028090      0.056179
W6538/38_FWB_pup         19.74      5.67    0.71836      0.017036      0.010288      0.004782      0.009564
A1032_Bouvetoya          19.95      5.85    0.69930      0.151253      0.317796      0.092146      0.184292
MIAGM13142_Marion_island      20.00      5.95    0.71741      0.249110      0.170646      0.118674      0.237349
CI38_Crozet              19.59      5.95    0.73341      0.006194      0.000582      0.000007      0.000013
KI813_Kergulen           19.49      5.26    0.68362      0.137964      0.392814      0.080619      0.161239
HI5_Heard                19.64      5.28    0.67954      0.536623      0.407060      0.225587      0.451174
MI1675_Macquarie         20.00      5.38    0.66667      0.343657      0.216435      0.600035      0.811476
Population              mean_N    mean_k    mean_He    p_sign_TPM    p_stdv_TPM    p_W_1t_TPM    p_W_2t_TPM
137714_South_Shetlands      20.00      6.10    0.72767      0.562363      0.229429      0.205275      0.410550
W6542/42                 19.59      5.87    0.72277      0.395741      0.108283      0.037504      0.075008
BI25_Bouvetoya           20.00      5.72    0.71093      0.251799      0.026308      0.014221      0.028441
MIAGM13143_Marion_island      20.00      5.97    0.71336      0.483971      0.362658      0.236369      0.472737
CI39_Crozet              19.54      5.77    0.71503      0.002577      0.007316      0.000194      0.000388
KI814_Kergulen           19.38      5.41    0.69954      0.111891      0.034993      0.029995      0.059991
HI36_Heard               19.79      5.28    0.68702      0.470391      0.346557      0.182360      0.364720
MI1688_Macquarie         19.69      5.18    0.67174      0.391473      0.492550      0.193615      0.387231
Population              mean_N    mean_k    mean_He    p_sign_TPM    p_stdv_TPM    p_W_1t_TPM    p_W_2t_TPM
137681_South_Shetlands      19.85      6.23    0.72730      0.035282      0.422321      0.035220      0.070440
W9173_pup                19.90      6.05    0.71706      0.237448      0.157787      0.130632      0.261265
A1090_Bouvetoya          19.74      5.79    0.70565      0.560267      0.210235      0.147809      0.295618
MIAGM13121_Marion_island      20.00      6.15    0.73104      0.341337      0.161402      0.043731      0.087463
CI5_Crozet               19.69      5.67    0.70386      0.086072      0.055502      0.002349      0.004697
KI816_Kergulen           19.85      5.08    0.67069      0.268138      0.224901      0.163985      0.327971
HI3_Heard                19.79      5.36    0.68798      0.403374      0.276087      0.141450      0.282901
MI2267_Macquarie         19.95      5.56    0.69951      0.084106      0.050354      0.018879      0.037757
Population              mean_N    mean_k    mean_He    p_sign_TPM    p_stdv_TPM    p_W_1t_TPM    p_W_2t_TPM
137674_South_Shetlands      19.95      6.49    0.73367      0.218864      0.258098      0.074235      0.148469
W6512/12_pup             19.85      6.08    0.71469      0.563466      0.480055      0.326829      0.653658
A1054_Bouvetoya          19.85      5.54    0.69886      0.081210      0.114202      0.017857      0.035713
MIAGM13055_Marion_island      19.90      6.28    0.73454      0.415603      0.119546      0.022179      0.044358
CI38_Crozet              19.59      5.56    0.71690      0.002945      0.000545      0.000133      0.000266
KI816_Kergulen           19.74      4.92    0.67205      0.323716      0.073833      0.030422      0.060845
HI9_Heard                19.69      5.21    0.68144      0.449678      0.325369      0.205275      0.410550
MI2269_Macquarie         20.00      5.18    0.68097      0.408007      0.059911      0.036173      0.072347
Population              mean_N    mean_k    mean_He    p_sign_TPM    p_stdv_TPM    p_W_1t_TPM    p_W_2t_TPM
137718_South_Shetlands      19.79      6.38    0.74300      0.335300      0.478596      0.238288      0.476577
ATP20                    19.85      5.90    0.70906      0.292486      0.196156      0.071132      0.142264
BI1_Bouvetoya            19.74      5.97    0.71803      0.364703      0.297949      0.206378      0.412756
MIAGM13141_Marion_island      19.90      6.10    0.71441      0.258735      0.283775      0.245348      0.490696
CI5_Crozet               19.64      5.59    0.71677      0.003848      0.004025      0.000528      0.001055
KI813_Kergulen           19.49      5.13    0.68349      0.388605      0.320831      0.251363      0.502726
HI9_Heard                19.90      5.31    0.67172      0.175179      0.188843      0.590704      0.829754
MI2262_Macquarie         19.95      5.38    0.68497      0.187876      0.031790      0.020347      0.040694
Population              mean_N    mean_k    mean_He    p_sign_TPM    p_stdv_TPM    p_W_1t_TPM    p_W_2t_TPM
137717_South_Shetlands      19.79      6.10    0.72378      0.323462      0.330295      0.073074      0.146148
W9173_pup                19.95      6.05    0.73878      0.034257      0.038136      0.001243      0.002485
A1079_Bouvetoya          19.90      5.74    0.72473      0.201502      0.030460      0.003746      0.007492
MIAGM13143_Marion_island      19.85      6.00    0.72492      0.118762      0.124846      0.038347      0.076694
CI5_Crozet               19.69      5.90    0.72478      0.053555      0.008824      0.002718      0.005436
KI813_Kergulen           19.38      5.33    0.69013      0.230220      0.103107      0.020686      0.041373
HI7_Heard                19.64      5.26    0.68195      0.549745      0.314797      0.372849      0.745698
MI2265_Macquarie         19.90      5.64    0.71085      0.510851      0.146939      0.039602      0.079205
Population              mean_N    mean_k    mean_He    p_sign_TPM    p_stdv_TPM    p_W_1t_TPM    p_W_2t_TPM
137668_South_Shetlands      19.64      6.08    0.71950      0.412593      0.493472      0.213269      0.426539
W6754                    19.79      5.85    0.72611      0.010518      0.016135      0.001181      0.002361
A1091_Bouvetoya          19.95      5.67    0.71215      0.202632      0.036760      0.013749      0.027497
MIAGM13122_Marion_island      19.69      5.95    0.71581      0.165508      0.111494      0.035932      0.071863
CI40_Crozet              19.54      5.72    0.69836      0.093756      0.200952      0.046374      0.092749
KI812_Kergulen           19.69      5.36    0.70845      0.110737      0.034582      0.009107      0.018213
HI5_Heard                19.79      5.00    0.66546      0.336840      0.225860      0.161078      0.322156
MI2270_Macquarie         19.95      5.36    0.67419      0.179497      0.188849      0.118191      0.236383
Population              mean_N    mean_k    mean_He    p_sign_TPM    p_stdv_TPM    p_W_1t_TPM    p_W_2t_TPM
137722_South_Shetlands      19.74      6.28    0.73076      0.323120      0.191136      0.075056      0.150111
W9167_mum                19.85      6.18    0.71279      0.231428      0.416482      0.362441      0.724881
BI7_Bouvetoya            19.90      5.67    0.70556      0.306417      0.098425      0.053530      0.107060
MIAGM13143_Marion_island      19.85      6.00    0.72494      0.426928      0.176306      0.069229      0.138457
CI40_Crozet              19.69      5.92    0.72754      0.001506      0.002816      0.000279      0.000559
KI806_Kergulen           19.64      5.10    0.67517      0.428219      0.214402      0.112987      0.225975
HI9_Heard                19.69      5.05    0.66916      0.210311      0.425119      0.388632      0.777263
MI2262_Macquarie         19.90      5.72    0.70803      0.335990      0.188208      0.044952      0.089904
Population              mean_N    mean_k    mean_He    p_sign_TPM    p_stdv_TPM    p_W_1t_TPM    p_W_2t_TPM
137679_South_Shetlands      19.95      6.21    0.72382      0.491417      0.271306      0.112987      0.225975
W6539                    19.90      6.03    0.71458      0.540556      0.317621      0.234013      0.468025
A1062_Bouvetoya          19.95      6.00    0.72192      0.203687      0.272224      0.102035      0.204070
MIAGM13141_Marion_island      19.59      5.92    0.72536      0.008572      0.024053      0.000775      0.001550
CI40_Crozet              19.59      5.95    0.72632      0.027978      0.047380      0.002145      0.004289
KI812_Kergulen           19.38      5.33    0.69751      0.454977      0.075392      0.068234      0.136468
HI7_Heard                19.79      5.08    0.68386      0.376973      0.108219      0.044952      0.089904
MI2251_Macquarie         19.95      5.54    0.70903      0.145670      0.108177      0.038347      0.076694
Population              mean_N    mean_k    mean_He    p_sign_TPM    p_stdv_TPM    p_W_1t_TPM    p_W_2t_TPM
137722_South_Shetlands      19.85      6.38    0.73860      0.110460      0.068543      0.018617      0.037235
W9134_mum                19.85      6.10    0.71895      0.149021      0.234083      0.062607      0.125213
A1029_Bouvetoya          19.90      5.74    0.70641      0.068789      0.031136      0.005532      0.011064
MIAGM13142_Marion_island      20.00      6.18    0.73603      0.054858      0.035797      0.004882      0.009763
CI5_Crozet               19.54      5.72    0.70951      0.051057      0.027453      0.001410      0.002819
KI812_Kergulen           19.18      5.15    0.69055      0.044812      0.039152      0.006523      0.013047
HI7_Heard                19.69      5.10    0.68859      0.190764      0.083473      0.018617      0.037235
MI1667_Macquarie         19.90      5.56    0.70970      0.424904      0.075589      0.013402      0.026804
Population              mean_N    mean_k    mean_He    p_sign_TPM    p_stdv_TPM    p_W_1t_TPM    p_W_2t_TPM
137712_South_Shetlands      19.74      6.46    0.73517      0.079627      0.228026      0.017965      0.035930
W9161_pup                19.74      6.08    0.71528      0.345215      0.302510      0.178715      0.357431
BI8_Bouvetoya            19.85      5.51    0.69511      0.152536      0.057255      0.008079      0.016159
MIAGM13140_Marion_island      19.85      5.90    0.72160      0.411746      0.150032      0.107128      0.214257
CI40_Crozet              19.74      5.92    0.72545      0.028509      0.031215      0.000658      0.001317
KI806_Kergulen           19.28      5.26    0.70347      0.132674      0.033371      0.020686      0.041373
HI9_Heard                19.74      5.05    0.67495      0.549910      0.266962      0.126357      0.252714
MI2265_Macquarie         19.90      5.26    0.68335      0.456774      0.146287      0.082835      0.165670
Population              mean_N    mean_k    mean_He    p_sign_TPM    p_stdv_TPM    p_W_1t_TPM    p_W_2t_TPM
137708_South_Shetlands      19.95      6.44    0.74406      0.124280      0.106414      0.029995      0.059991
W9166_pup                19.69      6.08    0.73164      0.078927      0.023028      0.011227      0.022454
A1061_Bouvetoya          19.90      5.95    0.72223      0.200605      0.142256      0.079138      0.158277
MIAGM13141_Marion_island      19.85      5.85    0.71655      0.295861      0.125941      0.055356      0.110712
CI40_Crozet              19.90      5.95    0.72650      0.024413      0.009389      0.001447      0.002894
KI795_Kergulen           19.44      5.08    0.67943      0.278697      0.266855      0.056962      0.113925
HI9_Heard                19.59      5.41    0.69946      0.461429      0.332702      0.312005      0.624010
MI2253_Macquarie         19.79      5.38    0.69308      0.322936      0.093838      0.049324      0.098649
Population              mean_N    mean_k    mean_He    p_sign_TPM    p_stdv_TPM    p_W_1t_TPM    p_W_2t_TPM
137712_South_Shetlands      19.74      6.26    0.74004      0.214405      0.151380      0.061997      0.123994
W6510/10_pup             19.74      6.21    0.73715      0.273826      0.048316      0.025416      0.050833
A1097_Bouvetoya          20.00      5.79    0.70391      0.530500      0.278314      0.188863      0.377727
MIAGM13067_Marion_island      19.95      6.10    0.71955      0.206323      0.079069      0.037422      0.074843
CI5_Crozet               19.54      5.77    0.72027      0.001202      0.001063      0.000000      0.000000
KI807_Kergulen           19.64      5.33    0.70591      0.026545      0.011178      0.001579      0.003159
HI36_Heard               19.59      5.54    0.70024      0.397512      0.252064      0.147809      0.295618
MI2264_Macquarie         19.95      5.18    0.67085      0.231158      0.408768      0.240836      0.481672
Population              mean_N    mean_k    mean_He    p_sign_TPM    p_stdv_TPM    p_W_1t_TPM    p_W_2t_TPM
137721_South_Shetlands      19.95      6.03    0.72860      0.306491      0.068052      0.010658      0.021316
W6523/23                 19.95      5.97    0.71907      0.396683      0.208505      0.055661      0.111322
A1081_Bouvetoya          19.85      5.90    0.71991      0.016719      0.020591      0.002126      0.004252
MIAGM13143_Marion_island      20.00      5.92    0.72389      0.275544      0.088441      0.056962      0.113925
CI5_Crozet               19.59      5.64    0.72089      0.005745      0.001877      0.000354      0.000707
KI807_Kergulen           19.59      5.23    0.69457      0.056038      0.083028      0.049277      0.098554
HI9_Heard                19.79      5.28    0.69312      0.390574      0.100572      0.045069      0.090139
MI2260_Macquarie         19.95      5.10    0.68282      0.112875      0.065784      0.014440      0.028879
