Population              mean_N    mean_k    mean_He    p_sign_TPM    p_stdv_TPM    p_W_1t_TPM    p_W_2t_TPM
137716_South_Shetlands      19.85      6.10    0.71067      0.511610      0.395283      0.414877      0.829754
W6531/31_pup             19.79      6.26    0.75166      0.000155      0.002767      0.000081      0.000162
A1094_Bouvetoya          19.49      5.85    0.72276      0.102485      0.056167      0.008079      0.016159
MIAGM13141_Marion_island      19.95      6.05    0.72165      0.085047      0.108377      0.044952      0.089904
CI40_Crozet              19.54      5.79    0.72419      0.009821      0.009733      0.000445      0.000891
KI805_Kergulen           19.59      5.08    0.68489      0.142088      0.108299      0.026525      0.053049
HI7_Heard                19.74      4.87    0.66482      0.222657      0.111497      0.023876      0.047753
MI1650_Macquarie         19.95      5.49    0.68350      0.509096      0.475387      0.420475      0.840951
Population              mean_N    mean_k    mean_He    p_sign_TPM    p_stdv_TPM    p_W_1t_TPM    p_W_2t_TPM
137698_South_Shetlands      19.90      6.33    0.72575      0.465100      0.231351      0.307127      0.614255
W9168_mum                19.69      5.74    0.71679      0.200992      0.355891      0.186067      0.372133
A1016_Bouvetoya          19.90      5.92    0.70817      0.093678      0.059849      0.020442      0.040884
MIAGM13140_Marion_island      19.90      6.15    0.72515      0.297544      0.244353      0.138340      0.276680
CI40_Crozet              19.69      5.95    0.72571      0.026528      0.024277      0.000959      0.001917
KI812_Kergulen           19.64      4.87    0.68070      0.119595      0.023121      0.004882      0.009763
HI9_Heard                19.85      5.13    0.67998      0.391008      0.111293      0.053785      0.107569
MI2260_Macquarie         20.00      5.49    0.68475      0.340039      0.489993      0.182521      0.365043
Population              mean_N    mean_k    mean_He    p_sign_TPM    p_stdv_TPM    p_W_1t_TPM    p_W_2t_TPM
137716_South_Shetlands      19.90      5.92    0.72990      0.272392      0.241602      0.036348      0.072695
W9132_pup                19.85      6.08    0.71082      0.452946      0.388927      0.469759      0.939518
BI16_Bouvetoya           19.95      5.85    0.70159      0.295953      0.204272      0.070317      0.140633
MIAGM13114_Marion_island      19.95      6.46    0.72503      0.413588      0.417302      0.255617      0.511233
CI5_Crozet               19.64      5.87    0.72995      0.007301      0.001064      0.000007      0.000013
KI812_Kergulen           19.13      5.18    0.70671      0.047731      0.021980      0.003581      0.007162
HI7_Heard                19.64      5.36    0.69750      0.247005      0.066056      0.014779      0.029559
MI2255_Macquarie         19.90      4.92    0.65851      0.351830      0.316953      0.264798      0.529596
Population              mean_N    mean_k    mean_He    p_sign_TPM    p_stdv_TPM    p_W_1t_TPM    p_W_2t_TPM
137721_South_Shetlands      19.90      6.23    0.72893      0.462914      0.406884      0.283250      0.566500
W9134_mum                19.85      5.85    0.71984      0.058818      0.136398      0.063749      0.127497
BI14_Bouvetoya           19.85      5.77    0.70715      0.348308      0.205022      0.110216      0.220433
MIAGM13141_Marion_island      19.95      5.97    0.69290      0.111197      0.491773      0.150850      0.301699
CI5_Crozet               19.44      5.82    0.72512      0.013064      0.001428      0.000066      0.000131
KI806_Kergulen           19.18      5.38    0.69595      0.116610      0.163441      0.132257      0.264514
HI9_Heard                19.69      5.13    0.67592      0.487953      0.366127      0.143378      0.286757
MI2269_Macquarie         20.00      5.67    0.70594      0.336988      0.233841      0.085095      0.170191
Population              mean_N    mean_k    mean_He    p_sign_TPM    p_stdv_TPM    p_W_1t_TPM    p_W_2t_TPM
137715_South_Shetlands      19.74      6.33    0.72087      0.186957      0.189531      0.658075      0.694029
W6526/26_pup             19.85      6.03    0.71760      0.056918      0.029432      0.001072      0.002144
A1081_Bouvetoya          19.79      5.87    0.71272      0.223509      0.059121      0.004365      0.008731
MIAGM13137_Marion_island      19.95      6.28    0.73670      0.175582      0.101940      0.034121      0.068242
CI5_Crozet               19.64      5.95    0.71854      0.117675      0.038431      0.010356      0.020712
KI798_Kergulen           19.28      5.33    0.68560      0.405068      0.224104      0.189818      0.379637
HI7_Heard                19.64      5.44    0.70871      0.028945      0.072116      0.003270      0.006540
MI2246_Macquarie         19.64      5.62    0.68950      0.406871      0.171335      0.612840      0.785327
Population              mean_N    mean_k    mean_He    p_sign_TPM    p_stdv_TPM    p_W_1t_TPM    p_W_2t_TPM
137695_South_Shetlands      19.95      6.46    0.73524      0.471469      0.444512      0.201344      0.402688
W9172_mum                19.79      6.00    0.73696      0.013155      0.021257      0.003422      0.006844
BI24_Bouvetoya           19.85      5.82    0.70083      0.540273      0.391421      0.194232      0.388464
MIAGM13132_Marion_island      19.90      6.38    0.72600      0.561218      0.290257      0.447863      0.895725
CI5_Crozet               19.54      5.72    0.69853      0.319956      0.338835      0.087400      0.174800
KI813_Kergulen           19.85      5.15    0.69997      0.111418      0.034328      0.008750      0.017501
HI9_Heard                19.54      5.28    0.68801      0.344845      0.409443      0.326829      0.653658
MI2269_Macquarie         19.95      5.46    0.69588      0.057244      0.109872      0.043731      0.087463
Population              mean_N    mean_k    mean_He    p_sign_TPM    p_stdv_TPM    p_W_1t_TPM    p_W_2t_TPM
137720_South_Shetlands      19.95      6.41    0.72924      0.266597      0.293675      0.053785      0.107569
W9138_mum                19.79      6.03    0.71253      0.472104      0.192248      0.072192      0.144384
A1084_Bouvetoya          19.90      5.69    0.69997      0.424320      0.100068      0.042761      0.085522
MIAGM13140_Marion_island      19.59      6.08    0.72408      0.363584      0.129046      0.049277      0.098554
CI5_Crozet               19.59      5.72    0.71517      0.037359      0.009414      0.000490      0.000979
KI816_Kergulen           19.33      5.23    0.69239      0.018088      0.081794      0.004782      0.009564
HI9_Heard                19.69      5.41    0.67409      0.407501      0.408963      0.182521      0.365043
MI2262_Macquarie         19.90      5.41    0.70559      0.200839      0.177473      0.029030      0.058060
Population              mean_N    mean_k    mean_He    p_sign_TPM    p_stdv_TPM    p_W_1t_TPM    p_W_2t_TPM
137719_South_Shetlands      19.23      6.49    0.72343      0.159421      0.406115      0.437360      0.874720
W6701/01                 19.74      6.10    0.73078      0.140682      0.063226      0.010658      0.021316
A1079_Bouvetoya          19.90      5.67    0.71144      0.066437      0.103983      0.014983      0.029967
MIAGM13137_Marion_island      19.95      5.87    0.72911      0.064203      0.044945      0.011964      0.023927
CI40_Crozet              19.49      5.69    0.70137      0.146358      0.139096      0.033639      0.067279
KI807_Kergulen           19.54      5.23    0.70185      0.007285      0.005870      0.000733      0.001466
HI5_Heard                19.74      5.21    0.67597      0.135024      0.466528      0.530241      0.950500
MI2255_Macquarie         19.95      5.00    0.67235      0.011473      0.084648      0.002537      0.005074
Population              mean_N    mean_k    mean_He    p_sign_TPM    p_stdv_TPM    p_W_1t_TPM    p_W_2t_TPM
137665_South_Shetlands      19.90      6.36    0.71847      0.257380      0.234420      0.365377      0.730753
W9167_mum                19.44      6.38    0.72509      0.293369      0.440951      0.497248      0.994497
A1090_Bouvetoya          19.95      5.67    0.70424      0.292155      0.093474      0.056962      0.113925
MIAGM13106_Marion_island      19.95      5.90    0.72079      0.104703      0.088476      0.014983      0.029967
CI5_Crozet               19.54      5.97    0.72420      0.015706      0.014643      0.001080      0.002159
KI814_Kergulen           19.59      5.10    0.67653      0.063419      0.065678      0.008426      0.016852
HI4_Heard                19.90      5.05    0.68230      0.464708      0.038368      0.008079      0.016159
MI1680_Macquarie         19.95      5.15    0.68791      0.130303      0.086391      0.030422      0.060845
Population              mean_N    mean_k    mean_He    p_sign_TPM    p_stdv_TPM    p_W_1t_TPM    p_W_2t_TPM
137723_South_Shetlands      19.95      6.28    0.73390      0.208669      0.412850      0.255802      0.511604
W6528/28                 19.79      5.82    0.71455      0.039428      0.373686      0.129284      0.258568
A1073_Bouvetoya          19.90      5.77    0.71194      0.148566      0.046718      0.016567      0.033135
MIAGM13126_Marion_island      19.59      6.05    0.71930      0.348525      0.134031      0.042210      0.084421
CI5_Crozet               19.44      5.82    0.71520      0.076923      0.040364      0.005720      0.011439
KI814_Kergulen           19.44      5.21    0.70057      0.090311      0.005416      0.000490      0.000979
HI7_Heard                19.74      5.05    0.67626      0.381655      0.319127      0.268557      0.537113
MI2267_Macquarie         20.00      5.62    0.69244      0.153984      0.365226      0.146689      0.293377
Population              mean_N    mean_k    mean_He    p_sign_TPM    p_stdv_TPM    p_W_1t_TPM    p_W_2t_TPM
137718_South_Shetlands      19.85      6.18    0.74768      0.123689      0.046122      0.008074      0.016147
W9178_pup                19.64      6.23    0.72088      0.070007      0.076482      0.873643      0.258568
BI7_Bouvetoya            19.95      6.05    0.71850      0.022899      0.055758      0.015356      0.030713
MIAGM13138_Marion_island      19.90      5.90    0.71884      0.197893      0.066458      0.023752      0.047505
CI5_Crozet               19.69      5.82    0.72222      0.003260      0.004738      0.000182      0.000365
KI816_Kergulen           19.54      5.44    0.70108      0.541456      0.113182      0.039904      0.079809
HI9_Heard                19.90      4.97    0.65736      0.296923      0.211325      0.058741      0.117482
MI2264_Macquarie         19.85      5.15    0.68034      0.293708      0.326025      0.126357      0.252714
Population              mean_N    mean_k    mean_He    p_sign_TPM    p_stdv_TPM    p_W_1t_TPM    p_W_2t_TPM
137711_South_Shetlands      19.85      5.90    0.70991      0.012503      0.039612      0.001854      0.003708
W6532/32_pup             19.95      5.79    0.71405      0.253331      0.114861      0.037124      0.074247
A1072_Bouvetoya          19.79      5.85    0.70148      0.129015      0.399662      0.302283      0.604566
MIAGM13139_Marion_island      19.90      6.44    0.73353      0.321998      0.484214      0.302283      0.604566
CI5_Crozet               19.59      5.85    0.71023      0.354213      0.165673      0.020686      0.041373
KI807_Kergulen           19.54      5.38    0.69863      0.321302      0.376792      0.097116      0.194231
HI9_Heard                19.85      5.28    0.67420      0.078576      0.323881      0.236369      0.472737
MI2259_Macquarie         20.00      5.33    0.68381      0.358437      0.102193      0.080619      0.161239
Population              mean_N    mean_k    mean_He    p_sign_TPM    p_stdv_TPM    p_W_1t_TPM    p_W_2t_TPM
137717_South_Shetlands      20.00      6.38    0.72888      0.306213      0.244450      0.092369      0.184738
W5737/38                 19.74      6.08    0.72133      0.321643      0.254558      0.112398      0.224797
A1094_Bouvetoya          19.90      5.85    0.70600      0.419640      0.409950      0.383349      0.766699
MIAGM13130_Marion_island      20.00      6.15    0.74184      0.133583      0.105331      0.013402      0.026804
CI40_Crozet              19.69      5.97    0.71215      0.491180      0.193244      0.120638      0.241276
KI814_Kergulen           19.59      5.21    0.69642      0.292698      0.093838      0.035220      0.070440
HI7_Heard                19.64      5.44    0.69916      0.223374      0.142130      0.015952      0.031905
MI2261_Macquarie         19.95      5.38    0.68516      0.185566      0.150909      0.088306      0.176611
Population              mean_N    mean_k    mean_He    p_sign_TPM    p_stdv_TPM    p_W_1t_TPM    p_W_2t_TPM
137723_South_Shetlands      19.85      6.36    0.73345      0.184961      0.235118      0.075056      0.150111
W9165_pup                19.95      5.90    0.70674      0.013473      0.012739      0.000528      0.001057
BI3_Bouvetoya            19.90      5.85    0.71840      0.020595      0.032819      0.013156      0.026312
MIAGM13139_Marion_island      19.95      6.03    0.71823      0.093714      0.185512      0.064442      0.128884
CI39_Crozet              19.79      5.72    0.71778      0.004180      0.005808      0.000117      0.000234
KI812_Kergulen           19.44      5.36    0.69869      0.087914      0.086727      0.035932      0.071863
HI7_Heard                19.54      5.21    0.67169      0.557802      0.127761      0.508255      0.994497
MI1645_Macquarie         19.85      5.46    0.68657      0.413289      0.341265      0.150850      0.301699
Population              mean_N    mean_k    mean_He    p_sign_TPM    p_stdv_TPM    p_W_1t_TPM    p_W_2t_TPM
137687_South_Shetlands      20.00      6.51    0.73954      0.321568      0.166980      0.132257      0.264514
W6701/01                 19.95      6.15    0.71417      0.526898      0.309041      0.120638      0.241276
BI3_Bouvetoya            20.00      5.92    0.72092      0.168988      0.140446      0.060811      0.121623
MIAGM13134_Marion_island      19.85      6.15    0.72598      0.373113      0.078394      0.040890      0.081780
CI5_Crozet               19.64      5.74    0.72470      0.006187      0.000767      0.000049      0.000098
KI816_Kergulen           19.44      5.10    0.69215      0.062693      0.036537      0.008074      0.016147
HI7_Heard                19.69      5.36    0.69870      0.226389      0.192876      0.043564      0.087128
MI2265_Macquarie         20.00      5.49    0.69852      0.458769      0.199324      0.089750      0.179501
Population              mean_N    mean_k    mean_He    p_sign_TPM    p_stdv_TPM    p_W_1t_TPM    p_W_2t_TPM
137701_South_Shetlands      19.85      6.31    0.74793      0.078664      0.165739      0.027174      0.054348
W9134_mum                19.90      5.92    0.71392      0.323296      0.496132      0.453325      0.906650
BI18_Bouvetoya           19.85      5.46    0.69971      0.005398      0.004487      0.000108      0.000216
MIAGM13121_Marion_island      19.90      6.23    0.73815      0.030453      0.024027      0.001854      0.003708
CI5_Crozet               19.38      5.74    0.72007      0.000152      0.000835      0.000004      0.000008
KI816_Kergulen           19.33      5.23    0.68928      0.213570      0.103234      0.035932      0.071863
HI7_Heard                19.69      5.00    0.66976      0.167574      0.341880      0.083383      0.166766
MI2267_Macquarie         19.90      5.26    0.67607      0.461039      0.339912      0.178715      0.357431
Population              mean_N    mean_k    mean_He    p_sign_TPM    p_stdv_TPM    p_W_1t_TPM    p_W_2t_TPM
137720_South_Shetlands      19.69      6.44    0.75631      0.079964      0.119714      0.037504      0.075008
ATP04                    19.74      5.95    0.72709      0.206525      0.144654      0.037504      0.075008
BI25_Bouvetoya           19.79      5.54    0.69502      0.419122      0.206469      0.107128      0.214257
MIAGM13126_Marion_island      19.69      5.77    0.71331      0.419663      0.063521      0.016122      0.032244
CI38_Crozet              19.69      5.92    0.73140      0.003762      0.001708      0.000049      0.000098
KI810_Kergulen           19.49      5.26    0.69846      0.203382      0.132379      0.027174      0.054348
HI3_Heard                19.59      5.33    0.68093      0.530244      0.325385      0.120638      0.241276
MI2256_Macquarie         19.90      5.28    0.69519      0.353347      0.150457      0.032538      0.065076
Population              mean_N    mean_k    mean_He    p_sign_TPM    p_stdv_TPM    p_W_1t_TPM    p_W_2t_TPM
137718_South_Shetlands      19.64      6.18    0.72589      0.277994      0.330567      0.182360      0.364720
W6510/10_pup             19.95      6.00    0.71154      0.345355      0.078543      0.030422      0.060845
A1027_Bouvetoya          19.74      5.69    0.70879      0.004292      0.008986      0.000101      0.000203
MIAGM13118_Marion_island      19.95      6.13    0.72121      0.477769      0.204243      0.110216      0.220433
CI5_Crozet               19.49      5.95    0.73208      0.000155      0.001176      0.000001      0.000002
KI814_Kergulen           19.69      5.28    0.70869      0.006710      0.002389      0.000076      0.000151
HI9_Heard                19.79      5.21    0.68292      0.304033      0.326577      0.138340      0.276680
MI2255_Macquarie         19.95      5.41    0.70033      0.188454      0.210760      0.094721      0.189442
Population              mean_N    mean_k    mean_He    p_sign_TPM    p_stdv_TPM    p_W_1t_TPM    p_W_2t_TPM
137712_South_Shetlands      19.33      6.13    0.70719      0.486256      0.470127      0.171252      0.342503
W6536/36_FWB_pup         19.90      5.95    0.71900      0.281780      0.252755      0.094721      0.189442
A1089_Bouvetoya          19.69      6.00    0.72240      0.160744      0.130987      0.027459      0.054917
MIAGM13144_Marion_island      19.64      6.21    0.73275      0.300830      0.151110      0.056962      0.113925
CI5_Crozet               19.64      5.79    0.71701      0.016434      0.007910      0.000410      0.000819
KI807_Kergulen           19.44      5.15    0.67757      0.318210      0.198596      0.085095      0.170191
HI9_Heard                19.79      5.15    0.67043      0.486275      0.425394      0.218952      0.437905
MI2270_Macquarie         20.00      5.15    0.67287      0.379097      0.194544      0.047146      0.094292
Population              mean_N    mean_k    mean_He    p_sign_TPM    p_stdv_TPM    p_W_1t_TPM    p_W_2t_TPM
137633_South_Shetlands      20.00      6.62    0.73927      0.421667      0.254354      0.141450      0.282901
W9178_mum                19.64      5.85    0.71140      0.266567      0.181712      0.074532      0.149064
BI6_Bouvetoya            19.90      5.67    0.71652      0.092962      0.040597      0.002126      0.004252
MIAGM13130_Marion_island      19.95      6.03    0.73110      0.399474      0.037709      0.010250      0.020501
CI40_Crozet              19.74      5.77    0.71341      0.017418      0.037386      0.002349      0.004697
KI7_Kergulen             19.49      5.18    0.68213      0.141211      0.124192      0.044952      0.089904
HI28_Heard               19.64      5.28    0.68592      0.111961      0.187218      0.069229      0.138457
MI2260_Macquarie         19.90      5.31    0.68764      0.069063      0.165691      0.043731      0.087463
Population              mean_N    mean_k    mean_He    p_sign_TPM    p_stdv_TPM    p_W_1t_TPM    p_W_2t_TPM
137722_South_Shetlands      19.85      6.15    0.71387      0.214628      0.498219      0.151057      0.302114
W9163_pup                19.90      5.97    0.71214      0.123570      0.258612      0.083383      0.166766
A1026_Bouvetoya          19.74      5.72    0.71239      0.145204      0.099260      0.022234      0.044469
MIAGM13139_Marion_island      20.00      5.87    0.72375      0.148870      0.016769      0.003145      0.006291
CI5_Crozet               19.59      5.74    0.70880      0.189705      0.032943      0.009856      0.019713
KI814_Kergulen           19.59      5.08    0.68405      0.284459      0.022695      0.012907      0.025814
HI7_Heard                19.64      5.08    0.69308      0.303271      0.078098      0.035220      0.070440
MI2258_Macquarie         19.90      5.56    0.71097      0.025232      0.048527      0.006575      0.013149
Population              mean_N    mean_k    mean_He    p_sign_TPM    p_stdv_TPM    p_W_1t_TPM    p_W_2t_TPM
137706_South_Shetlands      19.90      6.31    0.72407      0.116069      0.141405      0.014440      0.028879
W9167_pup                19.74      6.18    0.72226      0.517442      0.213147      0.164510      0.329021
BI3_Bouvetoya            20.00      5.87    0.71228      0.050643      0.029550      0.011192      0.022383
MIAGM13113_Marion_island      19.79      6.03    0.71662      0.272877      0.385478      0.153458      0.306917
CI39_Crozet              19.85      5.90    0.72573      0.006740      0.001894      0.000081      0.000162
KI802_Kergulen           19.64      5.21    0.67843      0.551504      0.460224      0.154351      0.308703
HI5_Heard                19.74      5.15    0.67874      0.096220      0.131227      0.079138      0.158277
MI2248_Macquarie         19.59      5.74    0.72094      0.185188      0.045577      0.007442      0.014884
Population              mean_N    mean_k    mean_He    p_sign_TPM    p_stdv_TPM    p_W_1t_TPM    p_W_2t_TPM
137716_South_Shetlands      20.00      6.23    0.70918      0.026096      0.333733      0.505717      1.000000
W9167_pup                19.74      6.15    0.70577      0.106681      0.461323      0.354637      0.709275
BI18_Bouvetoya           19.90      5.79    0.71715      0.289534      0.144882      0.067364      0.134728
MIAGM13133_Marion_island      19.69      5.92    0.71119      0.038276      0.048120      0.005233      0.010465
CI5_Crozet               19.54      5.72    0.71904      0.000606      0.001131      0.000018      0.000036
KI816_Kergulen           19.49      5.15    0.68465      0.475519      0.265760      0.209250      0.418500
HI7_Heard                19.74      5.31    0.69337      0.084829      0.085373      0.021449      0.042898
MI2269_Macquarie         19.79      5.54    0.70712      0.202803      0.131364      0.052248      0.104496
Population              mean_N    mean_k    mean_He    p_sign_TPM    p_stdv_TPM    p_W_1t_TPM    p_W_2t_TPM
137702_South_Shetlands      19.69      6.28    0.74456      0.217978      0.098129      0.045069      0.090139
W13                      19.74      6.21    0.72164      0.457270      0.458485      0.283250      0.566500
A1079_Bouvetoya          19.95      5.56    0.70910      0.010037      0.012081      0.003971      0.007943
MIAGM13143_Marion_island      19.95      6.03    0.72352      0.038285      0.197459      0.031466      0.062932
CI5_Crozet               19.64      5.72    0.70807      0.187791      0.065893      0.011079      0.022158
KI813_Kergulen           19.18      5.18    0.69117      0.375713      0.165076      0.123475      0.246950
HI9_Heard                19.74      5.18    0.67628      0.449329      0.392244      0.264798      0.529596
MI2270_Macquarie         19.90      5.46    0.67887      0.545585      0.451556      0.182521      0.365043
Population              mean_N    mean_k    mean_He    p_sign_TPM    p_stdv_TPM    p_W_1t_TPM    p_W_2t_TPM
137686_South_Shetlands      19.79      6.21    0.73107      0.189225      0.075640      0.027174      0.054348
W6537                    19.85      6.15    0.72833      0.026296      0.130516      0.010250      0.020501
A1078_Bouvetoya          19.79      5.59    0.69325      0.463880      0.103799      0.070317      0.140633
MIAGM13140_Marion_island      19.69      5.92    0.71119      0.379062      0.284706      0.031466      0.062932
CI5_Crozet               19.59      5.72    0.71124      0.070906      0.026433      0.001827      0.003653
KI814_Kergulen           19.74      5.26    0.68726      0.227535      0.194198      0.089750      0.179501
HI9_Heard                19.74      5.10    0.66344      0.283059      0.472953      0.242606      0.485211
MI2252_Macquarie         19.85      5.38    0.69264      0.246075      0.207750      0.104818      0.209636
Population              mean_N    mean_k    mean_He    p_sign_TPM    p_stdv_TPM    p_W_1t_TPM    p_W_2t_TPM
137719_South_Shetlands      19.74      6.28    0.74313      0.014453      0.039040      0.008406      0.016812
W9136_mum                19.79      6.08    0.72557      0.113903      0.230068      0.028090      0.056179
A1097_Bouvetoya          19.95      5.74    0.70420      0.179965      0.016776      0.003270      0.006540
MIAGM13134_Marion_island      20.00      6.18    0.72038      0.190843      0.115228      0.028090      0.056179
CI40_Crozet              19.69      5.62    0.70958      0.007551      0.007691      0.000061      0.000122
KI802_Kergulen           19.38      5.18    0.69609      0.172261      0.085706      0.058604      0.117209
HI5_Heard                19.79      4.92    0.67099      0.068513      0.014645      0.001648      0.003296
MI2267_Macquarie         19.85      5.31    0.68801      0.377474      0.449903      0.163985      0.327971
Population              mean_N    mean_k    mean_He    p_sign_TPM    p_stdv_TPM    p_W_1t_TPM    p_W_2t_TPM
137705_South_Shetlands      19.95      6.15    0.72598      0.555120      0.139843      0.081240      0.162480
W9170_mum                19.64      6.13    0.71279      0.289469      0.116683      0.053530      0.107060
BI24_Bouvetoya           19.64      5.90    0.71940      0.063231      0.101277      0.041149      0.082299
MIAGM13046_Marion_island      19.95      5.85    0.71539      0.410859      0.051726      0.020692      0.041384
CI40_Crozet              19.54      5.79    0.71603      0.007793      0.010903      0.000302      0.000604
KI810_Kergulen           19.59      5.38    0.68315      0.217504      0.274007      0.475250      0.950500
HI5_Heard                19.79      5.33    0.68800      0.234461      0.172681      0.024734      0.049468
MI2270_Macquarie         19.90      5.26    0.68473      0.244671      0.145681      0.059056      0.118111
Population              mean_N    mean_k    mean_He    p_sign_TPM    p_stdv_TPM    p_W_1t_TPM    p_W_2t_TPM
137696_South_Shetlands      19.95      6.46    0.73727      0.026279      0.055731      0.006575      0.013149
W6537/37_FWB_pup         19.95      6.21    0.73144      0.091500      0.095410      0.035220      0.070440
A1074_Bouvetoya          19.79      5.38    0.70125      0.087253      0.008871      0.001139      0.002279
MIAGM13117_Marion_island      19.85      5.85    0.71793      0.426003      0.135295      0.063749      0.127497
CI40_Crozet              19.59      5.72    0.71770      0.002650      0.006011      0.000182      0.000364
KI814_Kergulen           19.13      5.18    0.69394      0.327418      0.114751      0.062607      0.125213
HI5_Heard                19.79      5.23    0.67070      0.488829      0.411170      0.347014      0.694029
MI1650_Macquarie         19.95      5.03    0.65375      0.182535      0.390823      0.403732      0.807465
Population              mean_N    mean_k    mean_He    p_sign_TPM    p_stdv_TPM    p_W_1t_TPM    p_W_2t_TPM
137706_South_Shetlands      19.85      6.59    0.74217      0.195967      0.206159      0.584673      0.841433
W6548                    19.64      6.23    0.72918      0.546503      0.322767      0.109741      0.219482
A1054_Bouvetoya          19.79      5.90    0.72206      0.241396      0.151641      0.035932      0.071863
MIAGM13111_Marion_island      19.90      5.92    0.72559      0.248640      0.065795      0.005720      0.011439
CI40_Crozet              19.74      5.90    0.71797      0.069582      0.013225      0.001486      0.002971
KI801_Kergulen           19.54      5.46    0.69978      0.326879      0.343543      0.141450      0.282901
HI7_Heard                19.64      5.05    0.68207      0.451141      0.295632      0.104560      0.209119
MI1663_Macquarie         19.90      5.05    0.66941      0.124687      0.199860      0.082835      0.165670
Population              mean_N    mean_k    mean_He    p_sign_TPM    p_stdv_TPM    p_W_1t_TPM    p_W_2t_TPM
137702_South_Shetlands      19.74      6.21    0.72921      0.327733      0.460130      0.193615      0.387231
W6526/26_pup             19.90      5.97    0.70807      0.313846      0.451061      0.511890      0.988109
BI14_Bouvetoya           19.95      5.74    0.70660      0.082769      0.051206      0.015952      0.031905
MIAGM13047_Marion_island      20.00      5.90    0.71849      0.062340      0.127527      0.038689      0.077379
CI40_Crozet              19.69      5.82    0.71893      0.116366      0.014811      0.002360      0.004719
KI812_Kergulen           19.54      5.31    0.69097      0.365856      0.374876      0.197457      0.394915
HI36_Heard               19.49      5.28    0.69080      0.426235      0.349247      0.099554      0.199107
MI2264_Macquarie         19.95      5.51    0.69806      0.502574      0.349533      0.124555      0.249111
Population              mean_N    mean_k    mean_He    p_sign_TPM    p_stdv_TPM    p_W_1t_TPM    p_W_2t_TPM
137683_South_Shetlands      19.79      6.21    0.72708      0.343971      0.432942      0.321856      0.643713
W6518/18                 19.90      6.15    0.73296      0.041733      0.002495      0.000550      0.001101
BI19_Bouvetoya           19.95      5.46    0.71624      0.019490      0.002020      0.000363      0.000726
MIAGM13127_Marion_island      20.00      6.31    0.73495      0.121838      0.025296      0.002594      0.005187
CI40_Crozet              19.74      5.74    0.72161      0.004846      0.007139      0.000314      0.000629
KI816_Kergulen           19.74      5.33    0.69591      0.273059      0.147211      0.112398      0.224797
HI7_Heard                19.54      5.15    0.69100      0.182498      0.025331      0.004096      0.008191
MI2265_Macquarie         19.95      5.56    0.69576      0.286879      0.354799      0.280265      0.560531
Population              mean_N    mean_k    mean_He    p_sign_TPM    p_stdv_TPM    p_W_1t_TPM    p_W_2t_TPM
137723_South_Shetlands      19.79      6.03    0.71831      0.201349      0.245845      0.077077      0.154154
W9170_mum                19.69      5.95    0.71418      0.478391      0.459472      0.273949      0.547898
A1087_Bouvetoya          19.69      5.69    0.71932      0.325728      0.156563      0.061997      0.123994
MIAGM13134_Marion_island      20.00      6.08    0.71255      0.160018      0.307576      0.182521      0.365043
CI5_Crozet               19.54      5.62    0.71523      0.001204      0.002769      0.000060      0.000120
KI806_Kergulen           19.54      4.95    0.67502      0.025602      0.049908      0.005040      0.010080
HI9_Heard                19.69      5.23    0.68944      0.420782      0.134675      0.079138      0.158277
MI2270_Macquarie         19.95      5.79    0.71690      0.392795      0.204238      0.057339      0.114678
Population              mean_N    mean_k    mean_He    p_sign_TPM    p_stdv_TPM    p_W_1t_TPM    p_W_2t_TPM
137708_South_Shetlands      19.90      6.26    0.73365      0.177856      0.095637      0.043731      0.087463
W6533                    19.69      6.28    0.72620      0.290542      0.399867      0.193615      0.387231
BI6_Bouvetoya            19.90      5.85    0.72206      0.057535      0.065267      0.032005      0.064009
MIAGM13136_Marion_island      19.85      6.10    0.73236      0.029264      0.033126      0.001376      0.002752
CI5_Crozet               19.44      5.97    0.72969      0.029959      0.011940      0.000909      0.001819
KI812_Kergulen           19.49      5.26    0.69548      0.240505      0.056594      0.017857      0.035713
HI7_Heard                19.85      5.08    0.68279      0.115673      0.138894      0.047842      0.095683
MI2259_Macquarie         19.79      5.31    0.69520      0.222043      0.063281      0.013156      0.026312
Population              mean_N    mean_k    mean_He    p_sign_TPM    p_stdv_TPM    p_W_1t_TPM    p_W_2t_TPM
137709_South_Shetlands      20.00      6.49    0.70837      0.054284      0.123139      0.832406      0.342503
W6504                    19.90      6.05    0.71997      0.029807      0.006795      0.000248      0.000495
BI25_Bouvetoya           19.95      5.90    0.70849      0.365881      0.282322      0.174959      0.349918
MIAGM13141_Marion_island      19.90      5.87    0.70912      0.258568      0.067988      0.030987      0.061974
CI5_Crozet               19.64      5.62    0.70808      0.072537      0.011603      0.002722      0.005443
KI810_Kergulen           19.64      5.26    0.69755      0.105876      0.111960      0.043731      0.087463
HI7_Heard                19.54      5.51    0.69045      0.325455      0.331150      0.458796      0.917591
MI2259_Macquarie         19.95      5.54    0.69630      0.077874      0.224629      0.097075      0.194150
Population              mean_N    mean_k    mean_He    p_sign_TPM    p_stdv_TPM    p_W_1t_TPM    p_W_2t_TPM
137719_South_Shetlands      19.90      6.05    0.74168      0.017979      0.140046      0.019980      0.039961
W9164_mum                19.59      6.18    0.73186      0.306479      0.165161      0.107128      0.214257
A1098_Bouvetoya          19.85      6.10    0.72264      0.354534      0.132009      0.060811      0.121623
MIAGM13130_Marion_island      20.00      6.05    0.72618      0.161171      0.039970      0.003626      0.007252
CI5_Crozet               19.54      5.62    0.71002      0.001404      0.008826      0.000194      0.000388
KI816_Kergulen           19.69      5.28    0.69718      0.073132      0.022855      0.003459      0.006918
HI36_Heard               19.64      5.41    0.68888      0.548099      0.379927      0.164510      0.329021
MI2265_Macquarie         19.85      5.31    0.68524      0.537348      0.163084      0.048683      0.097367
Population              mean_N    mean_k    mean_He    p_sign_TPM    p_stdv_TPM    p_W_1t_TPM    p_W_2t_TPM
137706_South_Shetlands      20.00      6.18    0.71255      0.050968      0.120459      0.050853      0.101706
ATF33                    20.00      6.28    0.72955      0.525710      0.374094      0.278581      0.557162
A1027_Bouvetoya          19.69      5.74    0.71183      0.164645      0.118494      0.026525      0.053049
MIAGM13125_Marion_island      19.90      5.97    0.71861      0.422769      0.061951      0.016132      0.032265
CI5_Crozet               19.33      5.62    0.70446      0.002252      0.046174      0.001410      0.002819
KI816_Kergulen           19.64      5.33    0.69304      0.275419      0.262043      0.077077      0.154154
HI36_Heard               19.74      5.31    0.69183      0.541960      0.207881      0.071132      0.142264
MI2264_Macquarie         20.00      5.44    0.68731      0.258651      0.379499      0.236369      0.472737
Population              mean_N    mean_k    mean_He    p_sign_TPM    p_stdv_TPM    p_W_1t_TPM    p_W_2t_TPM
137686_South_Shetlands      19.85      6.41    0.74526      0.202481      0.266623      0.063749      0.127497
ATF47                    19.69      5.74    0.71922      0.070134      0.061185      0.011964      0.023927
BI6_Bouvetoya            19.79      5.77    0.71517      0.121435      0.073122      0.036348      0.072695
MIAGM13133_Marion_island      19.95      6.03    0.72256      0.110871      0.118626      0.019980      0.039961
CI40_Crozet              19.74      5.79    0.70750      0.254852      0.138472      0.034121      0.068242
KI814_Kergulen           19.18      5.26    0.68009      0.187710      0.089898      0.028338      0.056677
HI9_Heard                19.79      5.28    0.67968      0.452160      0.303469      0.246964      0.493928
MI2255_Macquarie         19.85      5.03    0.67003      0.139529      0.105264      0.080619      0.161239
Population              mean_N    mean_k    mean_He    p_sign_TPM    p_stdv_TPM    p_W_1t_TPM    p_W_2t_TPM
137709_South_Shetlands      19.59      6.13    0.72762      0.488489      0.468308      0.370786      0.741572
W6558_pup                19.44      6.10    0.73363      0.429204      0.258956      0.094721      0.189442
BI23_Bouvetoya           19.95      5.72    0.71215      0.406663      0.039524      0.012428      0.024856
MIAGM13130_Marion_island      19.95      6.10    0.71612      0.060670      0.354024      0.087792      0.175584
CI40_Crozet              19.74      5.92    0.72848      0.066704      0.007903      0.000397      0.000794
KI812_Kergulen           19.54      5.15    0.69063      0.123744      0.112050      0.069229      0.138457
HI5_Heard                19.85      5.18    0.68466      0.236328      0.080201      0.008785      0.017571
MI2258_Macquarie         19.90      5.41    0.68678      0.189769      0.205660      0.130615      0.261230
Population              mean_N    mean_k    mean_He    p_sign_TPM    p_stdv_TPM    p_W_1t_TPM    p_W_2t_TPM
137714_South_Shetlands      19.90      5.92    0.70251      0.280059      0.479415      0.458452      0.916904
W9132_pup                19.74      5.90    0.70053      0.187306      0.119698      0.707206      0.595515
A1082_Bouvetoya          19.69      5.67    0.69632      0.260907      0.275605      0.101126      0.202253
MIAGM13137_Marion_island      19.79      6.00    0.73339      0.046138      0.009534      0.002126      0.004252
CI5_Crozet               19.64      5.79    0.72231      0.136067      0.004839      0.000410      0.000819
KI806_Kergulen           19.59      4.97    0.67384      0.270149      0.309177      0.112398      0.224797
HI9_Heard                19.85      5.49    0.68802      0.522612      0.427327      0.307796      0.615592
MI1688_Macquarie         19.95      5.59    0.68542      0.455633      0.227717      0.370786      0.741572
Population              mean_N    mean_k    mean_He    p_sign_TPM    p_stdv_TPM    p_W_1t_TPM    p_W_2t_TPM
137716_South_Shetlands      19.64      6.10    0.72461      0.046562      0.044660      0.005471      0.010943
W9132_pup                19.79      5.77    0.72278      0.200995      0.032160      0.015544      0.031088
A1032_Bouvetoya          19.95      5.72    0.69868      0.230881      0.147251      0.104818      0.209636
MIAGM13144_Marion_island      19.69      6.03    0.72507      0.139299      0.056807      0.002998      0.005996
CI5_Crozet               19.49      5.90    0.72752      0.006399      0.004113      0.000066      0.000131
KI813_Kergulen           19.44      5.28    0.69567      0.117829      0.034111      0.002983      0.005966
HI28_Heard               19.59      5.28    0.67868      0.276066      0.388678      0.136906      0.273813
MI2262_Macquarie         19.95      5.51    0.69886      0.336241      0.148691      0.042210      0.084421
Population              mean_N    mean_k    mean_He    p_sign_TPM    p_stdv_TPM    p_W_1t_TPM    p_W_2t_TPM
137710_South_Shetlands      19.79      6.38    0.73554      0.298179      0.435418      0.383349      0.766699
W9170_mum                19.64      6.00    0.72185      0.351360      0.202848      0.074235      0.148469
BI22_Bouvetoya           19.79      5.97    0.71758      0.430919      0.490049      0.186067      0.372133
MIAGM13141_Marion_island      19.74      5.95    0.71459      0.231749      0.067907      0.016567      0.033135
CI5_Crozet               19.59      5.87    0.73266      0.001537      0.002329      0.000018      0.000035
KI814_Kergulen           19.08      5.26    0.68873      0.094604      0.071288      0.016132      0.032265
HI7_Heard                19.74      5.28    0.68357      0.477410      0.326426      0.302759      0.605517
MI2256_Macquarie         19.90      5.36    0.70398      0.088158      0.035333      0.034770      0.069541
Population              mean_N    mean_k    mean_He    p_sign_TPM    p_stdv_TPM    p_W_1t_TPM    p_W_2t_TPM
137723_South_Shetlands      19.90      6.18    0.72841      0.211864      0.392735      0.147809      0.295618
W6537                    19.85      5.92    0.71811      0.420651      0.195211      0.047842      0.095683
BI7_Bouvetoya            19.90      5.36    0.69640      0.135382      0.008675      0.007112      0.014224
MIAGM13110_Marion_island      19.95      5.90    0.72539      0.060754      0.036282      0.001521      0.003043
CI5_Crozet               19.49      5.74    0.71604      0.028811      0.008738      0.001064      0.002129
KI807_Kergulen           19.18      5.33    0.69669      0.173361      0.050636      0.018851      0.037703
HI7_Heard                19.69      5.38    0.69189      0.484954      0.236882      0.127569      0.255139
MI2267_Macquarie         19.90      5.41    0.67645      0.380644      0.281860      0.465736      0.931471
Population              mean_N    mean_k    mean_He    p_sign_TPM    p_stdv_TPM    p_W_1t_TPM    p_W_2t_TPM
137705_South_Shetlands      19.95      6.36    0.73656      0.271398      0.287884      0.260280      0.520561
W9138_mum                19.85      5.87    0.74650      0.000260      0.001671      0.000001      0.000003
BI19_Bouvetoya           19.74      5.51    0.69444      0.138944      0.163172      0.087400      0.174800
MIAGM13132_Marion_island      19.85      5.97    0.72472      0.516524      0.064819      0.032005      0.064009
CI5_Crozet               19.54      5.62    0.71165      0.056353      0.021692      0.004474      0.008947
KI810_Kergulen           19.54      5.23    0.69362      0.126427      0.098662      0.023043      0.046087
HI7_Heard                19.54      5.31    0.69508      0.560533      0.421808      0.234013      0.468025
MI2264_Macquarie         19.95      5.49    0.69892      0.545613      0.267618      0.193615      0.387231
Population              mean_N    mean_k    mean_He    p_sign_TPM    p_stdv_TPM    p_W_1t_TPM    p_W_2t_TPM
137712_South_Shetlands      19.69      6.05    0.71715      0.426006      0.472435      0.120638      0.241276
W9161_pup                19.69      6.28    0.72930      0.530519      0.294010      0.087400      0.174800
A1013_Bouvetoya          19.90      5.79    0.71457      0.082648      0.177568      0.011685      0.023371
MIAGM13137_Marion_island      19.74      6.10    0.71837      0.391455      0.479592      0.225587      0.451174
CI39_Crozet              19.64      5.79    0.71714      0.024238      0.021365      0.002848      0.005696
KI807_Kergulen           19.23      5.31    0.69198      0.420275      0.254209      0.129284      0.258568
HI9_Heard                19.90      5.26    0.66613      0.450448      0.297235      0.663136      0.683851
MI2264_Macquarie         19.90      5.59    0.71697      0.137314      0.044165      0.019946      0.039893
Population              mean_N    mean_k    mean_He    p_sign_TPM    p_stdv_TPM    p_W_1t_TPM    p_W_2t_TPM
137723_South_Shetlands      19.85      6.21    0.73768      0.334782      0.254898      0.083383      0.166766
W6516/16                 19.95      5.95    0.71486      0.012319      0.038298      0.002998      0.005996
A1091_Bouvetoya          19.90      5.67    0.70169      0.041574      0.012584      0.000273      0.000546
MIAGM13125_Marion_island      19.90      5.77    0.71050      0.187798      0.006504      0.000852      0.001705
CI5_Crozet               19.64      5.67    0.71171      0.016085      0.007904      0.000100      0.000200
KI816_Kergulen           19.69      4.82    0.66395      0.204828      0.049369      0.050853      0.101706
HI7_Heard                19.79      5.31    0.67882      0.237127      0.491306      0.171252      0.342503
MI2260_Macquarie         19.85      5.62    0.70206      0.508166      0.387839      0.225587      0.451174
Population              mean_N    mean_k    mean_He    p_sign_TPM    p_stdv_TPM    p_W_1t_TPM    p_W_2t_TPM
137708_South_Shetlands      19.79      6.10    0.72845      0.451045      0.379215      0.189818      0.379637
W9167_pup                19.90      6.10    0.70918      0.419631      0.242938      0.090770      0.181541
A1033_Bouvetoya          19.95      5.56    0.69908      0.106297      0.018598      0.000957      0.001913
MIAGM13137_Marion_island      20.00      6.00    0.72254      0.110189      0.023781      0.006948      0.013897
CI5_Crozet               19.44      5.90    0.72998      0.000172      0.000770      0.000004      0.000007
KI816_Kergulen           19.74      5.18    0.69179      0.178723      0.174158      0.050746      0.101491
HI5_Heard                19.74      5.31    0.68188      0.537400      0.491216      0.352130      0.704261
MI2269_Macquarie         19.95      5.28    0.67898      0.522866      0.498157      0.302759      0.605517
Population              mean_N    mean_k    mean_He    p_sign_TPM    p_stdv_TPM    p_W_1t_TPM    p_W_2t_TPM
137705_South_Shetlands      19.64      5.97    0.71666      0.216748      0.260750      0.094721      0.189442
W6538/38_FWB_pup         19.79      5.92    0.73425      0.329535      0.039976      0.010658      0.021316
BI6_Bouvetoya            19.95      5.74    0.70818      0.256157      0.175561      0.044952      0.089904
MIAGM13140_Marion_island      19.85      6.08    0.73364      0.125120      0.038393      0.009475      0.018950
CI5_Crozet               19.49      5.77    0.72113      0.004261      0.005327      0.000375      0.000749
KI806_Kergulen           19.64      5.31    0.70815      0.074787      0.009513      0.000550      0.001101
HI9_Heard                19.69      5.21    0.67310      0.435474      0.301256      0.189818      0.379637
MI2260_Macquarie         20.00      4.92    0.65601      0.179641      0.103523      0.021131      0.042262
Population              mean_N    mean_k    mean_He    p_sign_TPM    p_stdv_TPM    p_W_1t_TPM    p_W_2t_TPM
137679_South_Shetlands      19.95      5.90    0.72902      0.350757      0.022564      0.004782      0.009564
W9138_mum                19.74      5.92    0.72408      0.557383      0.492196      0.352130      0.704261
BI10_Bouvetoya           20.00      5.77    0.71066      0.045270      0.041786      0.007423      0.014845
MIAGM13138_Marion_island      19.85      6.31    0.73233      0.334990      0.275272      0.102035      0.204070
CI40_Crozet              19.54      5.97    0.72995      0.027774      0.021279      0.001854      0.003708
KI812_Kergulen           19.38      5.13    0.68012      0.112187      0.136616      0.060283      0.120565
HI9_Heard                19.74      5.31    0.67635      0.359723      0.307677      0.150049      0.300097
MI2267_Macquarie         19.90      5.54    0.69802      0.541445      0.254538      0.171513      0.343026
Population              mean_N    mean_k    mean_He    p_sign_TPM    p_stdv_TPM    p_W_1t_TPM    p_W_2t_TPM
137699_South_Shetlands      19.90      6.23    0.72326      0.480060      0.434787      0.236369      0.472737
W9174_mum                19.49      5.72    0.71533      0.229131      0.269316      0.202281      0.404563
A1039_Bouvetoya          19.95      6.00    0.70370      0.339785      0.376775      0.174959      0.349918
MIAGM13138_Marion_island      19.90      5.90    0.70779      0.374285      0.466239      0.365377      0.730753
CI5_Crozet               19.49      5.77    0.72026      0.000472      0.004749      0.000117      0.000234
KI812_Kergulen           19.33      5.28    0.68658      0.072933      0.151740      0.047832      0.095663
HI9_Heard                19.79      5.21    0.68079      0.449317      0.202477      0.132257      0.264514
MI1665_Macquarie         19.69      5.23    0.68387      0.016944      0.124228      0.030422      0.060845
Population              mean_N    mean_k    mean_He    p_sign_TPM    p_stdv_TPM    p_W_1t_TPM    p_W_2t_TPM
137718_South_Shetlands      19.64      6.28    0.72210      0.542510      0.222503      0.112398      0.224797
W9169_pup                19.74      6.13    0.72738      0.040844      0.181902      0.014779      0.029559
A1075_Bouvetoya          19.85      5.97    0.70807      0.373685      0.211506      0.066318      0.132635
MIAGM13127_Marion_island      20.00      6.18    0.72173      0.366115      0.265025      0.042210      0.084421
CI5_Crozet               19.38      5.72    0.71829      0.008708      0.004986      0.000235      0.000470
KI810_Kergulen           19.49      5.31    0.70381      0.007314      0.016529      0.001268      0.002536
HI7_Heard                19.69      5.10    0.67388      0.259801      0.434860      0.387160      0.774320
MI2267_Macquarie         19.90      5.44    0.68761      0.227611      0.304895      0.189818      0.379637
Population              mean_N    mean_k    mean_He    p_sign_TPM    p_stdv_TPM    p_W_1t_TPM    p_W_2t_TPM
137683_South_Shetlands      19.95      6.51    0.74452      0.462482      0.496351      0.138340      0.276680
W6540/40                 19.69      5.79    0.70612      0.140785      0.124680      0.012649      0.025299
A1100_Bouvetoya          19.95      6.08    0.72055      0.451928      0.224373      0.126357      0.252714
MIAGM13141_Marion_island      19.85      5.90    0.71541      0.232727      0.060105      0.023633      0.047266
CI5_Crozet               19.54      5.77    0.71805      0.011312      0.004862      0.000161      0.000322
KI816_Kergulen           19.69      5.31    0.69301      0.418417      0.172346      0.075056      0.150111
HI9_Heard                19.90      5.28    0.67042      0.318758      0.440268      0.292696      0.585392
MI1638_Macquarie         19.95      5.38    0.67513      0.180253      0.087005      0.528564      0.954284
Population              mean_N    mean_k    mean_He    p_sign_TPM    p_stdv_TPM    p_W_1t_TPM    p_W_2t_TPM
137717_South_Shetlands      19.85      6.18    0.72835      0.551236      0.175738      0.115100      0.230200
W9136_mum                19.74      5.95    0.72371      0.332994      0.216657      0.102190      0.204380
BI25_Bouvetoya           19.69      5.97    0.71616      0.126740      0.276686      0.147809      0.295618
MIAGM13124_Marion_island      19.90      6.10    0.72020      0.043571      0.037395      0.002998      0.005996
CI5_Crozet               19.44      5.62    0.69997      0.008687      0.015555      0.000903      0.001807
KI807_Kergulen           19.33      5.13    0.69421      0.062911      0.073677      0.061997      0.123994
HI7_Heard                19.49      5.21    0.68721      0.433643      0.475483      0.336864      0.673729
MI2256_Macquarie         20.00      5.23    0.68084      0.503270      0.284845      0.186376      0.372752
Population              mean_N    mean_k    mean_He    p_sign_TPM    p_stdv_TPM    p_W_1t_TPM    p_W_2t_TPM
137687_South_Shetlands      19.85      6.03    0.72516      0.003381      0.003119      0.000035      0.000071
Y/B144/45                19.74      6.13    0.72660      0.296898      0.453378      0.362441      0.724881
A1099_Bouvetoya          19.90      5.79    0.69967      0.567802      0.419643      0.336864      0.673729
MIAGM13119_Marion_island      19.79      6.15    0.71992      0.229570      0.466386      0.336864      0.673729
CI5_Crozet               19.64      5.87    0.71853      0.004365      0.060166      0.007752      0.015505
KI812_Kergulen           19.38      5.23    0.69457      0.109384      0.068550      0.017965      0.035930
HI9_Heard                19.95      5.18    0.67306      0.406495      0.486204      0.287955      0.575910
MI2260_Macquarie         19.95      5.31    0.67801      0.097687      0.133214      0.088306      0.176611
Population              mean_N    mean_k    mean_He    p_sign_TPM    p_stdv_TPM    p_W_1t_TPM    p_W_2t_TPM
137717_South_Shetlands      19.79      6.33    0.73237      0.449625      0.438144      0.362441      0.724881
W9170_mum                19.79      6.18    0.72481      0.320266      0.143551      0.135276      0.270551
A1082_Bouvetoya          19.90      5.85    0.71723      0.546605      0.340054      0.186067      0.372133
MIAGM13141_Marion_island      19.95      6.13    0.71064      0.135683      0.174701      0.097075      0.194150
CI38_Crozet              19.54      5.87    0.73039      0.000015      0.000948      0.000001      0.000002
KI812_Kergulen           19.38      5.18    0.69615      0.467798      0.117114      0.090060      0.180119
HI9_Heard                19.79      5.18    0.67135      0.541201      0.467626      0.372849      0.745698
MI2267_Macquarie         19.95      5.72    0.70574      0.110511      0.192889      0.024519      0.049038
Population              mean_N    mean_k    mean_He    p_sign_TPM    p_stdv_TPM    p_W_1t_TPM    p_W_2t_TPM
137718_South_Shetlands      19.90      6.23    0.72337      0.317714      0.431035      0.426121      0.852241
W9133_mum                19.90      5.97    0.72742      0.041239      0.026356      0.005003      0.010006
A1073_Bouvetoya          19.90      5.64    0.71122      0.077842      0.015065      0.003145      0.006291
MIAGM13140_Marion_island      19.69      6.15    0.70686      0.156501      0.212291      0.107493      0.214987
CI5_Crozet               19.64      5.82    0.71617      0.035836      0.005955      0.000461      0.000923
KI796_Kergulen           19.23      5.26    0.68722      0.228983      0.200811      0.099609      0.199218
HI5_Heard                19.95      5.33    0.67615      0.535568      0.303208      0.192957      0.385915
MI2270_Macquarie         19.95      5.31    0.67933      0.478051      0.183070      0.174959      0.349918
Population              mean_N    mean_k    mean_He    p_sign_TPM    p_stdv_TPM    p_W_1t_TPM    p_W_2t_TPM
137658_South_Shetlands      19.79      6.03    0.72510      0.241186      0.408842      0.171513      0.343026
W16                      19.79      6.18    0.72685      0.466665      0.405632      0.229779      0.459558
BI24_Bouvetoya           19.64      5.87    0.71054      0.362287      0.250567      0.138340      0.276680
MIAGM13121_Marion_island      20.00      6.05    0.72767      0.180228      0.038468      0.011964      0.023927
CI5_Crozet               19.49      5.77    0.71242      0.003914      0.003046      0.000165      0.000331
KI813_Kergulen           19.85      5.03    0.68766      0.189214      0.039288      0.007143      0.014285
HI9_Heard                19.74      5.10    0.68455      0.137916      0.085991      0.035932      0.071863
MI2256_Macquarie         19.95      5.18    0.68492      0.532075      0.181340      0.087792      0.175584
Population              mean_N    mean_k    mean_He    p_sign_TPM    p_stdv_TPM    p_W_1t_TPM    p_W_2t_TPM
137703_South_Shetlands      19.74      6.26    0.73971      0.398101      0.469101      0.138340      0.276680
W6515/15                 19.69      6.05    0.71243      0.389913      0.387715      0.269355      0.538709
BI5_Bouvetoya            19.74      5.46    0.70580      0.041299      0.009853      0.001486      0.002971
MIAGM13105_Marion_island      20.00      6.23    0.71323      0.495029      0.177933      0.112987      0.225975
CI40_Crozet              19.79      5.90    0.72468      0.004638      0.033224      0.002145      0.004289
KI810_Kergulen           19.64      5.26    0.69274      0.030726      0.143187      0.039904      0.079809
HI9_Heard                19.64      5.15    0.67754      0.345772      0.472507      0.326829      0.653658
MI2270_Macquarie         19.90      5.44    0.68602      0.230575      0.444093      0.174959      0.349918
Population              mean_N    mean_k    mean_He    p_sign_TPM    p_stdv_TPM    p_W_1t_TPM    p_W_2t_TPM
137683_South_Shetlands      19.90      6.54    0.73682      0.200358      0.328689      0.475250      0.950500
W6552                    19.69      5.92    0.71407      0.238407      0.133949      0.044952      0.089904
A1055_Bouvetoya          19.69      5.79    0.69391      0.403846      0.242779      0.087400      0.174800
MIAGM13125_Marion_island      19.90      5.95    0.72312      0.067328      0.051857      0.019980      0.039961
CI40_Crozet              19.59      5.56    0.71035      0.007102      0.001891      0.000654      0.001308
KI810_Kergulen           19.38      5.13    0.67829      0.362486      0.172769      0.097075      0.194150
HI5_Heard                19.79      5.33    0.68788      0.102255      0.066173      0.011192      0.022383
MI2260_Macquarie         19.95      5.23    0.68277      0.102085      0.084362      0.027341      0.054682
Population              mean_N    mean_k    mean_He    p_sign_TPM    p_stdv_TPM    p_W_1t_TPM    p_W_2t_TPM
137722_South_Shetlands      19.85      6.31    0.72685      0.137250      0.265264      0.663136      0.683851
W9164_mum                19.59      5.72    0.70279      0.151004      0.024423      0.005040      0.010080
A1094_Bouvetoya          19.95      5.77    0.69256      0.082846      0.092717      0.035877      0.071754
MIAGM13123_Marion_island      19.74      6.15    0.73523      0.218448      0.173465      0.115100      0.230200
CI5_Crozet               19.59      5.87    0.70334      0.116420      0.196184      0.039602      0.079205
KI812_Kergulen           19.54      5.13    0.67440      0.330028      0.183603      0.146689      0.293377
HI5_Heard                19.74      5.03    0.67352      0.531142      0.207205      0.129284      0.258568
MI2265_Macquarie         19.95      5.33    0.67672      0.487726      0.415839      0.231946      0.463892
Population              mean_N    mean_k    mean_He    p_sign_TPM    p_stdv_TPM    p_W_1t_TPM    p_W_2t_TPM
137653_South_Shetlands      19.95      6.36    0.72363      0.556914      0.357631      0.372849      0.745698
W6516/16_pup             19.59      5.85    0.70257      0.441908      0.257617      0.519255      0.972488
A1097_Bouvetoya          19.59      5.46    0.70796      0.164760      0.016536      0.003800      0.007599
MIAGM13140_Marion_island      19.74      6.03    0.71586      0.017368      0.262487      0.058604      0.117209
CI40_Crozet              19.79      6.00    0.72716      0.009545      0.017170      0.001599      0.003198
KI816_Kergulen           19.28      4.92    0.66987      0.420750      0.191560      0.164510      0.329021
HI9_Heard                19.64      5.21    0.67799      0.469100      0.440425      0.458796      0.917591
MI2253_Macquarie         19.90      5.62    0.71236      0.489725      0.083805      0.028419      0.056839
Population              mean_N    mean_k    mean_He    p_sign_TPM    p_stdv_TPM    p_W_1t_TPM    p_W_2t_TPM
137658_South_Shetlands      19.79      6.38    0.74133      0.207398      0.260853      0.186067      0.372133
W6552                    19.74      6.08    0.71932      0.524876      0.305878      0.081240      0.162480
A1055_Bouvetoya          19.79      5.79    0.71042      0.086776      0.075376      0.019229      0.038457
MIAGM13142_Marion_island      19.90      6.10    0.72359      0.472427      0.355952      0.120638      0.241276
CI5_Crozet               19.49      5.85    0.72512      0.007293      0.002366      0.000016      0.000031
KI801_Kergulen           19.59      5.13    0.69422      0.307547      0.044000      0.019980      0.039961
HI9_Heard                19.85      5.28    0.69792      0.277466      0.054230      0.029030      0.058060
MI2269_Macquarie         19.95      5.54    0.67557      0.103335      0.149681      0.081204      0.162409
Population              mean_N    mean_k    mean_He    p_sign_TPM    p_stdv_TPM    p_W_1t_TPM    p_W_2t_TPM
137707_South_Shetlands      19.85      6.31    0.72281      0.076802      0.418625      0.563032      0.884820
SG19_South_Georgia       19.85      6.18    0.72130      0.129631      0.333560      0.205275      0.410550
A1057_Bouvetoya          19.90      5.87    0.71967      0.001474      0.007123      0.000190      0.000379
MIAGM13135_Marion_island      19.95      6.03    0.72806      0.108735      0.089474      0.017332      0.034665
CI5_Crozet               19.59      5.82    0.71566      0.050610      0.007350      0.000804      0.001609
KI812_Kergulen           19.33      5.21    0.69203      0.355092      0.078238      0.042210      0.084421
HI7_Heard                19.79      5.21    0.69974      0.026811      0.024738      0.001447      0.002894
MI2261_Macquarie         19.90      5.08    0.66414      0.468863      0.318972      0.137146      0.274291
Population              mean_N    mean_k    mean_He    p_sign_TPM    p_stdv_TPM    p_W_1t_TPM    p_W_2t_TPM
137707_South_Shetlands      19.79      5.92    0.71780      0.387924      0.210966      0.133745      0.267489
W6530/30_pup             20.00      6.05    0.73320      0.040905      0.009403      0.000583      0.001166
A1052_Bouvetoya          20.00      5.69    0.70688      0.145604      0.066178      0.054021      0.108042
MIAGM13143_Marion_island      19.64      6.08    0.72945      0.012656      0.056142      0.004096      0.008191
CI39_Crozet              19.59      5.79    0.72190      0.011412      0.011250      0.001681      0.003361
KI816_Kergulen           19.59      5.46    0.68556      0.515456      0.352659      0.259146      0.518291
HI9_Heard                19.69      5.23    0.67628      0.472223      0.207397      0.059056      0.118111
MI1688_Macquarie         19.85      5.28    0.68223      0.342360      0.151038      0.097075      0.194150
Population              mean_N    mean_k    mean_He    p_sign_TPM    p_stdv_TPM    p_W_1t_TPM    p_W_2t_TPM
137718_South_Shetlands      19.79      6.18    0.73900      0.463799      0.243868      0.077077      0.154154
W9133_mum                19.69      6.15    0.73429      0.068015      0.083953      0.003459      0.006918
A1098_Bouvetoya          19.85      5.82    0.70213      0.428042      0.130868      0.078448      0.156895
MIAGM13124_Marion_island      19.90      6.08    0.72563      0.189394      0.063000      0.026283      0.052567
CI40_Crozet              19.79      5.67    0.71210      0.019540      0.022558      0.000363      0.000726
KI814_Kergulen           19.64      5.36    0.69519      0.099456      0.030192      0.007939      0.015879
HI7_Heard                19.64      5.15    0.67371      0.151532      0.340727      0.042210      0.084421
MI2261_Macquarie         19.95      5.31    0.69578      0.044238      0.089854      0.011227      0.022454
Population              mean_N    mean_k    mean_He    p_sign_TPM    p_stdv_TPM    p_W_1t_TPM    p_W_2t_TPM
137704_South_Shetlands      19.49      6.15    0.74349      0.079037      0.082013      0.008426      0.016852
Y/B132/33                19.69      6.00    0.72910      0.068750      0.072093      0.035220      0.070440
A1030_Bouvetoya          19.74      5.54    0.70549      0.009688      0.014584      0.001072      0.002144
MIAGM13140_Marion_island      19.79      6.41    0.72293      0.439148      0.423601      0.209250      0.418500
CI5_Crozet               19.64      5.79    0.71088      0.142540      0.036960      0.003626      0.007252
KI814_Kergulen           19.49      5.44    0.70623      0.018171      0.006778      0.003626      0.007252
HI9_Heard                19.74      5.28    0.67179      0.122877      0.209121      0.099554      0.199107
MI2270_Macquarie         20.00      5.36    0.66073      0.081934      0.305652      0.470297      0.940594
Population              mean_N    mean_k    mean_He    p_sign_TPM    p_stdv_TPM    p_W_1t_TPM    p_W_2t_TPM
137714_South_Shetlands      19.64      5.87    0.72684      0.320825      0.301012      0.144607      0.289213
W9135_pup                19.59      6.05    0.72342      0.429258      0.328656      0.123475      0.246950
A1100_Bouvetoya          20.00      5.87    0.72011      0.044203      0.173527      0.023876      0.047753
MIAGM13063_Marion_island      19.95      5.97    0.72093      0.280499      0.051570      0.014440      0.028879
CI40_Crozet              19.59      5.82    0.71221      0.366709      0.096637      0.014221      0.028441
KI7_Kergulen             19.69      5.15    0.69314      0.186575      0.073725      0.027174      0.054348
HI9_Heard                19.59      5.26    0.68701      0.480596      0.268825      0.242606      0.485211
MI2262_Macquarie         19.90      5.31    0.67755      0.309248      0.452585      0.420475      0.840951
Population              mean_N    mean_k    mean_He    p_sign_TPM    p_stdv_TPM    p_W_1t_TPM    p_W_2t_TPM
137697_South_Shetlands      19.85      6.33    0.72033      0.350857      0.438648      0.362441      0.724881
SG10_South_Georgia       19.85      5.92    0.73305      0.311331      0.058613      0.028090      0.056179
BI25_Bouvetoya           19.95      5.87    0.71878      0.371119      0.026881      0.011685      0.023371
MIAGM13130_Marion_island      19.74      6.15    0.72344      0.327499      0.349938      0.278581      0.557162
CI5_Crozet               19.38      5.69    0.72241      0.000019      0.001482      0.000002      0.000004
KI810_Kergulen           19.64      5.15    0.68542      0.155931      0.121449      0.054021      0.108042
HI9_Heard                19.69      5.38    0.69062      0.246412      0.140212      0.033639      0.067279
MI2256_Macquarie         19.95      5.59    0.71057      0.255207      0.114669      0.020686      0.041373
Population              mean_N    mean_k    mean_He    p_sign_TPM    p_stdv_TPM    p_W_1t_TPM    p_W_2t_TPM
137706_South_Shetlands      19.95      6.36    0.72060      0.345758      0.162405      0.393934      0.787868
Y/B144/45                19.59      6.18    0.72425      0.522089      0.233077      0.112987      0.225975
A1072_Bouvetoya          19.79      5.49    0.69912      0.141549      0.090615      0.055661      0.111322
MIAGM13124_Marion_island      19.95      5.97    0.71835      0.495440      0.379920      0.194232      0.388464
CI39_Crozet              19.54      5.87    0.72816      0.000586      0.001532      0.000011      0.000022
KI813_Kergulen           19.49      5.28    0.70324      0.070471      0.037401      0.002126      0.004252
HI5_Heard                19.59      5.23    0.69134      0.309823      0.125351      0.060283      0.120565
MI2270_Macquarie         20.00      5.44    0.68516      0.019536      0.241285      0.030422      0.060843
Population              mean_N    mean_k    mean_He    p_sign_TPM    p_stdv_TPM    p_W_1t_TPM    p_W_2t_TPM
137721_South_Shetlands      19.95      6.26    0.74202      0.470444      0.421132      0.242606      0.485211
W9169_pup                19.64      6.18    0.71788      0.533156      0.197117      0.112296      0.224591
BI1_Bouvetoya            20.00      5.95    0.72078      0.014860      0.050273      0.012428      0.024856
MIAGM13128_Marion_island      19.90      5.97    0.72485      0.019831      0.015620      0.001268      0.002536
CI5_Crozet               19.59      5.77    0.71828      0.152253      0.018211      0.001599      0.003198
KI816_Kergulen           19.44      5.26    0.70172      0.329075      0.026675      0.012649      0.025299
HI9_Heard                19.79      4.95    0.66343      0.288953      0.342215      0.129284      0.258568
MI1669_Macquarie         19.95      5.33    0.66821      0.190034      0.466436      0.234013      0.468025
Population              mean_N    mean_k    mean_He    p_sign_TPM    p_stdv_TPM    p_W_1t_TPM    p_W_2t_TPM
137709_South_Shetlands      19.85      6.26    0.74059      0.117285      0.018502      0.003917      0.007835
W9136_pup                19.59      6.10    0.72551      0.075100      0.028775      0.000435      0.000870
BI7_Bouvetoya            19.69      5.59    0.69057      0.550955      0.299733      0.225587      0.451174
MIAGM13134_Marion_island      19.79      6.10    0.73164      0.148234      0.170785      0.027459      0.054917
CI40_Crozet              19.64      5.92    0.72503      0.001226      0.010888      0.000296      0.000593
KI810_Kergulen           19.49      5.21    0.68313      0.332095      0.368153      0.150049      0.300097
HI9_Heard                19.85      5.31    0.68319      0.546640      0.420616      0.362441      0.724881
MI2267_Macquarie         19.95      5.44    0.68792      0.402395      0.230111      0.398188      0.796376
Population              mean_N    mean_k    mean_He    p_sign_TPM    p_stdv_TPM    p_W_1t_TPM    p_W_2t_TPM
137720_South_Shetlands      19.59      6.41    0.73738      0.333444      0.340587      0.307127      0.614255
Y/B142/43                19.54      6.00    0.72025      0.116536      0.046153      0.018138      0.036277
2219_Bouvetoya           19.85      5.92    0.72481      0.356868      0.079527      0.015952      0.031905
MIAGM13117_Marion_island      20.00      5.97    0.71538      0.090369      0.094600      0.033639      0.067279
CI5_Crozet               19.59      5.92    0.71459      0.107564      0.075683      0.018532      0.037064
KI813_Kergulen           19.85      5.03    0.68562      0.389403      0.080927      0.046439      0.092879
HI9_Heard                19.54      5.21    0.66486      0.416022      0.338192      0.458796      0.917591
MI2265_Macquarie         20.00      5.49    0.68758      0.342450      0.337706      0.214714      0.429428
Population              mean_N    mean_k    mean_He    p_sign_TPM    p_stdv_TPM    p_W_1t_TPM    p_W_2t_TPM
137708_South_Shetlands      19.74      6.15    0.71812      0.290748      0.403152      0.167989      0.335977
W6516/16                 19.85      6.00    0.72558      0.140891      0.096906      0.042210      0.084421
A1005_Bouvetoya          19.79      5.74    0.69943      0.441228      0.335331      0.049324      0.098649
MIAGM13136_Marion_island      19.85      6.08    0.71759      0.003715      0.023617      0.001759      0.003518
CI5_Crozet               19.64      5.87    0.71884      0.107877      0.027050      0.008750      0.017501
KI813_Kergulen           19.74      5.44    0.70229      0.052340      0.084448      0.036348      0.072695
HI5_Heard                19.69      5.28    0.68120      0.462697      0.337402      0.264798      0.529596
MI2259_Macquarie         20.00      5.21    0.69487      0.386926      0.094713      0.077077      0.154154
Population              mean_N    mean_k    mean_He    p_sign_TPM    p_stdv_TPM    p_W_1t_TPM    p_W_2t_TPM
137705_South_Shetlands      19.85      5.97    0.71639      0.423099      0.180665      0.042425      0.084850
W6540/40_pup             19.95      6.03    0.73251      0.017868      0.029435      0.002044      0.004087
A1096_Bouvetoya          19.85      5.85    0.73190      0.006511      0.005068      0.000354      0.000707
MIAGM13135_Marion_island      19.95      6.03    0.72012      0.161887      0.259604      0.087400      0.174800
CI5_Crozet               19.38      5.72    0.72033      0.003698      0.005258      0.000695      0.001391
KI812_Kergulen           19.74      4.97    0.68496      0.055729      0.023107      0.005554      0.011108
HI9_Heard                19.79      5.44    0.68810      0.227039      0.282593      0.519255      0.972488
MI1688_Macquarie         19.95      5.38    0.68409      0.068408      0.104975      0.042210      0.084421
Population              mean_N    mean_k    mean_He    p_sign_TPM    p_stdv_TPM    p_W_1t_TPM    p_W_2t_TPM
137721_South_Shetlands      20.00      5.87    0.71080      0.198174      0.095587      0.036348      0.072695
W6547                    19.85      6.00    0.71044      0.511822      0.249554      0.135276      0.270551
A1087_Bouvetoya          19.85      5.64    0.71154      0.396912      0.121740      0.067364      0.134728
MIAGM13140_Marion_island      19.85      6.03    0.72589      0.407343      0.106256      0.053785      0.107569
CI39_Crozet              19.74      5.77    0.72115      0.044122      0.000766      0.000002      0.000004
KI812_Kergulen           19.03      5.41    0.70349      0.118652      0.143765      0.046439      0.092879
HI9_Heard                19.54      5.08    0.67348      0.430141      0.375673      0.238288      0.476577
MI2258_Macquarie         19.90      5.13    0.69038      0.073316      0.010993      0.002349      0.004697
Population              mean_N    mean_k    mean_He    p_sign_TPM    p_stdv_TPM    p_W_1t_TPM    p_W_2t_TPM
137720_South_Shetlands      19.79      6.15    0.73801      0.030125      0.017163      0.002474      0.004949
AGP96081                 19.95      6.15    0.70833      0.558335      0.405458      0.156918      0.313835
A1044_Bouvetoya          19.74      6.18    0.71560      0.255386      0.469955      0.420475      0.840951
MIAGM13132_Marion_island      19.79      6.23    0.73655      0.418120      0.248806      0.112398      0.224797
CI5_Crozet               19.44      5.87    0.71919      0.013560      0.010370      0.000114      0.000229
KI816_Kergulen           19.08      5.21    0.69247      0.288292      0.133083      0.061997      0.123994
HI5_Heard                19.69      5.15    0.66622      0.228025      0.208037      0.110216      0.220433
MI2254_Macquarie         19.95      5.49    0.70319      0.547834      0.293472      0.186067      0.372133
Population              mean_N    mean_k    mean_He    p_sign_TPM    p_stdv_TPM    p_W_1t_TPM    p_W_2t_TPM
137715_South_Shetlands      19.85      6.46    0.74332      0.124424      0.052741      0.012428      0.024856
ATP46                    19.69      6.21    0.73026      0.535587      0.218091      0.154351      0.308703
A1040_Bouvetoya          19.85      5.85    0.71382      0.118574      0.218376      0.129284      0.258568
MIAGM13122_Marion_island      19.85      6.00    0.72693      0.020936      0.015599      0.002126      0.004252
CI5_Crozet               19.44      5.77    0.71949      0.000624      0.000944      0.000057      0.000114
KI813_Kergulen           19.33      5.10    0.68522      0.141567      0.061547      0.025616      0.051233
HI9_Heard                19.90      5.33    0.67690      0.283949      0.225111      0.137146      0.274291
MI2265_Macquarie         19.90      5.33    0.67770      0.260504      0.459293      0.214714      0.429428
Population              mean_N    mean_k    mean_He    p_sign_TPM    p_stdv_TPM    p_W_1t_TPM    p_W_2t_TPM
137708_South_Shetlands      19.79      6.28    0.73179      0.556631      0.220858      0.447863      0.895725
W15                      19.90      6.15    0.71712      0.061631      0.103663      0.010658      0.021316
A1100_Bouvetoya          19.85      5.92    0.71894      0.380111      0.253091      0.133745      0.267489
MIAGM13135_Marion_island      20.00      6.03    0.72173      0.162214      0.090437      0.023043      0.046087
CI5_Crozet               19.44      5.62    0.71025      0.004185      0.011328      0.000775      0.001550
KI807_Kergulen           19.23      5.21    0.69082      0.263341      0.037723      0.017857      0.035713
HI9_Heard                19.64      5.21    0.67950      0.322460      0.414516      0.469759      0.939518
MI1675_Macquarie         19.90      5.41    0.69208      0.278036      0.488166      0.249904      0.499808
Population              mean_N    mean_k    mean_He    p_sign_TPM    p_stdv_TPM    p_W_1t_TPM    p_W_2t_TPM
137716_South_Shetlands      19.79      6.31    0.73296      0.290161      0.461999      0.273949      0.547898
W9168_mum                19.85      5.97    0.72568      0.256957      0.110482      0.039602      0.079205
BI23_Bouvetoya           19.79      5.97    0.71242      0.506989      0.062291      0.037124      0.074247
MIAGM13144_Marion_island      19.85      6.36    0.73770      0.530622      0.253381      0.050746      0.101491
CI5_Crozet               19.64      5.87    0.71681      0.096171      0.007768      0.000232      0.000463
KI802_Kergulen           18.97      5.18    0.67971      0.443516      0.393099      0.150850      0.301699
HI5_Heard                19.85      5.28    0.69181      0.426276      0.176351      0.063749      0.127497
MI1680_Macquarie         19.95      5.08    0.67169      0.134552      0.060423      0.034770      0.069541
Population              mean_N    mean_k    mean_He    p_sign_TPM    p_stdv_TPM    p_W_1t_TPM    p_W_2t_TPM
137718_South_Shetlands      19.95      6.21    0.71369      0.235308      0.462420      0.443015      0.886029
W6518/18_pup             19.85      6.10    0.73277      0.248973      0.097466      0.056962      0.113925
BI6_Bouvetoya            19.95      5.74    0.69502      0.336973      0.140010      0.037124      0.074247
MIAGM13130_Marion_island      20.00      6.08    0.72578      0.307559      0.189960      0.097116      0.194231
CI5_Crozet               19.49      5.77    0.71557      0.000786      0.002872      0.000107      0.000214
KI806_Kergulen           19.33      5.23    0.70407      0.299927      0.019943      0.006065      0.012131
HI4_Heard                19.59      5.41    0.70120      0.461951      0.179082      0.065537      0.131075
MI2262_Macquarie         19.90      5.44    0.68529      0.490658      0.326670      0.186067      0.372133
Population              mean_N    mean_k    mean_He    p_sign_TPM    p_stdv_TPM    p_W_1t_TPM    p_W_2t_TPM
137686_South_Shetlands      20.00      6.49    0.74399      0.206926      0.456861      0.201344      0.402688
SG28_South_Georgia       19.85      5.97    0.72949      0.094151      0.012851      0.001022      0.002045
BI6_Bouvetoya            20.00      5.85    0.72132      0.008500      0.028782      0.010784      0.021568
MIAGM13120_Marion_island      19.64      6.13    0.73081      0.007036      0.005290      0.000490      0.000979
CI5_Crozet               19.49      5.74    0.71084      0.025786      0.020101      0.001010      0.002021
KI816_Kergulen           19.49      5.31    0.69421      0.170197      0.027598      0.004808      0.009616
HI9_Heard                19.69      5.28    0.68635      0.357212      0.422613      0.127569      0.255139
MI2256_Macquarie         19.95      5.67    0.70885      0.482831      0.174911      0.019229      0.038457
Population              mean_N    mean_k    mean_He    p_sign_TPM    p_stdv_TPM    p_W_1t_TPM    p_W_2t_TPM
137687_South_Shetlands      19.69      6.46    0.74646      0.434786      0.225681      0.079138      0.158277
Y/B142/43                19.74      6.21    0.69278      0.512696      0.074599      0.785286      0.437905
A1079_Bouvetoya          19.90      5.56    0.70710      0.378425      0.094189      0.020686      0.041373
MIAGM13118_Marion_island      19.95      6.13    0.71640      0.489019      0.451178      0.460042      0.920085
CI5_Crozet               19.59      5.82    0.72501      0.099666      0.001726      0.000022      0.000044
KI798_Kergulen           19.59      5.21    0.68287      0.141044      0.167349      0.052419      0.104837
HI9_Heard                19.69      5.36    0.67969      0.320383      0.373463      0.362441      0.724881
MI2270_Macquarie         19.95      5.44    0.67944      0.413906      0.387810      0.307127      0.614255
Population              mean_N    mean_k    mean_He    p_sign_TPM    p_stdv_TPM    p_W_1t_TPM    p_W_2t_TPM
137692_South_Shetlands      19.90      6.36    0.73618      0.446097      0.484744      0.264798      0.529596
W9177_pup                19.79      5.79    0.71646      0.067785      0.093853      0.034121      0.068242
A1011_Bouvetoya          19.95      5.69    0.71260      0.079634      0.023152      0.005471      0.010943
MIAGM13137_Marion_island      19.90      5.92    0.72050      0.531593      0.170499      0.110216      0.220433
CI32_Crozet              19.59      5.56    0.71987      0.000024      0.000143      0.000003      0.000006
KI813_Kergulen           19.54      5.18    0.69894      0.029712      0.009011      0.007143      0.014285
HI24_Heard               19.90      5.21    0.68332      0.039816      0.041079      0.005720      0.011439
MI2259_Macquarie         19.74      5.49    0.70370      0.415092      0.217035      0.157692      0.315383
Population              mean_N    mean_k    mean_He    p_sign_TPM    p_stdv_TPM    p_W_1t_TPM    p_W_2t_TPM
137708_South_Shetlands      20.00      6.33    0.74089      0.033579      0.108640      0.019980      0.039961
W9176_pup                19.79      6.00    0.72510      0.214803      0.041541      0.023876      0.047753
BI5_Bouvetoya            19.69      5.95    0.72377      0.434168      0.157969      0.205275      0.410550
MIAGM13116_Marion_island      19.90      6.08    0.73426      0.187750      0.098427      0.017332      0.034665
CI39_Crozet              19.59      5.77    0.71763      0.005189      0.004874      0.000171      0.000341
KI810_Kergulen           19.38      5.31    0.69865      0.173953      0.129840      0.060283      0.120565
HI4_Heard                19.59      5.38    0.69600      0.226578      0.232415      0.213269      0.426539
MI2249_Macquarie         20.00      5.54    0.69555      0.113600      0.244189      0.107128      0.214257
Population              mean_N    mean_k    mean_He    p_sign_TPM    p_stdv_TPM    p_W_1t_TPM    p_W_2t_TPM
137718_South_Shetlands      19.95      6.31    0.73399      0.466033      0.272583      0.151057      0.302114
W6756                    19.90      6.00    0.71362      0.073037      0.045266      0.009158      0.018315
A1018_Bouvetoya          19.95      5.67    0.69560      0.389473      0.286791      0.201302      0.402604
MIAGM13130_Marion_island      19.95      6.31    0.73181      0.466272      0.414691      0.189818      0.379637
CI40_Crozet              19.79      5.74    0.71609      0.011613      0.019811      0.004474      0.008947
KI816_Kergulen           19.08      4.92    0.69400      0.048173      0.013920      0.000519      0.001038
HI7_Heard                19.74      5.31    0.68557      0.542759      0.494478      0.347014      0.694029
MI2254_Macquarie         20.00      5.62    0.69838      0.190400      0.112348      0.032627      0.065254
Population              mean_N    mean_k    mean_He    p_sign_TPM    p_stdv_TPM    p_W_1t_TPM    p_W_2t_TPM
137702_South_Shetlands      19.74      5.92    0.72166      0.299120      0.096149      0.046439      0.092879
W9167_pup                19.79      6.13    0.73069      0.014592      0.043515      0.000818      0.001635
A1079_Bouvetoya          19.69      5.90    0.71623      0.291560      0.252191      0.102035      0.204070
MIAGM13123_Marion_island      19.90      6.00    0.71925      0.233037      0.075912      0.020686      0.041373
CI39_Crozet              19.59      5.74    0.72529      0.003040      0.000215      0.000000      0.000001
KI807_Kergulen           19.33      5.38    0.69032      0.461901      0.185614      0.087400      0.174800
HI9_Heard                19.59      5.05    0.67195      0.415673      0.378808      0.238288      0.476577
MI2270_Macquarie         20.00      5.54    0.69271      0.392065      0.365962      0.194232      0.388464
Population              mean_N    mean_k    mean_He    p_sign_TPM    p_stdv_TPM    p_W_1t_TPM    p_W_2t_TPM
137697_South_Shetlands      19.90      6.26    0.74016      0.548000      0.110925      0.012428      0.024856
W9133_pup                19.85      6.31    0.72634      0.198404      0.357770      0.138340      0.276680
A1049_Bouvetoya          19.74      5.69    0.70953      0.081472      0.043004      0.003626      0.007252
MIAGM13140_Marion_island      19.85      6.15    0.73943      0.128784      0.029336      0.003422      0.006844
CI5_Crozet               19.69      5.69    0.71086      0.002416      0.016920      0.000042      0.000085
KI814_Kergulen           19.33      5.18    0.69307      0.053692      0.039243      0.008074      0.016147
HI3_Heard                19.90      5.31    0.68137      0.269209      0.254475      0.164510      0.329021
MI1688_Macquarie         19.90      5.85    0.71847      0.231934      0.034309      0.005978      0.011955
Population              mean_N    mean_k    mean_He    p_sign_TPM    p_stdv_TPM    p_W_1t_TPM    p_W_2t_TPM
137711_South_Shetlands      20.00      6.18    0.72024      0.325718      0.124706      0.033639      0.067279
Y/B132/33                19.59      5.90    0.72615      0.313611      0.204141      0.064442      0.128884
A1074_Bouvetoya          19.79      5.92    0.72012      0.029879      0.069865      0.005532      0.011064
MIAGM13131_Marion_island      19.95      6.36    0.71985      0.330764      0.446715      0.255802      0.511604
CI5_Crozet               19.59      5.79    0.71254      0.002897      0.004005      0.000041      0.000083
KI813_Kergulen           19.44      5.26    0.69402      0.390817      0.064272      0.043731      0.087463
HI9_Heard                19.85      5.21    0.67537      0.517581      0.346942      0.278581      0.557162
MI2270_Macquarie         19.90      5.74    0.71700      0.037957      0.051181      0.042210      0.084421
Population              mean_N    mean_k    mean_He    p_sign_TPM    p_stdv_TPM    p_W_1t_TPM    p_W_2t_TPM
137718_South_Shetlands      19.79      6.33    0.73322      0.080082      0.182009      0.079138      0.158277
W9164_mum                19.64      5.90    0.72836      0.144605      0.060428      0.032538      0.065076
BI23_Bouvetoya           19.74      5.46    0.68132      0.074486      0.135514      0.029407      0.058814
MIAGM13136_Marion_island      19.79      5.90    0.70474      0.188960      0.037313      0.008296      0.016591
CI39_Crozet              19.59      5.77    0.71052      0.223403      0.032581      0.004169      0.008338
KI812_Kergulen           19.49      5.31    0.69038      0.136472      0.141971      0.115807      0.231613
HI5_Heard                19.79      5.23    0.68565      0.532697      0.375520      0.144607      0.289213
MI2253_Macquarie         19.85      5.31    0.67160      0.345966      0.424417      0.245348      0.490696
Population              mean_N    mean_k    mean_He    p_sign_TPM    p_stdv_TPM    p_W_1t_TPM    p_W_2t_TPM
137721_South_Shetlands      19.95      6.08    0.72068      0.256583      0.027521      0.015952      0.031905
W9161_pup                19.74      6.00    0.71995      0.079879      0.067030      0.013680      0.027359
BI22_Bouvetoya           20.00      5.72    0.70742      0.262673      0.178559      0.156918      0.313835
MIAGM13120_Marion_island      19.95      6.15    0.71960      0.553918      0.400241      0.260280      0.520561
CI40_Crozet              19.74      5.87    0.72095      0.064978      0.010301      0.002468      0.004935
KI814_Kergulen           19.49      5.18    0.68975      0.025045      0.021429      0.007939      0.015879
HI9_Heard                19.64      5.33    0.68546      0.372748      0.471202      0.359994      0.719987
MI2265_Macquarie         19.85      5.49    0.68671      0.377278      0.369187      0.163985      0.327971
Population              mean_N    mean_k    mean_He    p_sign_TPM    p_stdv_TPM    p_W_1t_TPM    p_W_2t_TPM
137682_South_Shetlands      19.95      6.31    0.73409      0.276631      0.103326      0.039904      0.079809
W9133_mum                19.90      6.05    0.72045      0.061804      0.086653      0.009107      0.018213
A1075_Bouvetoya          19.90      5.90    0.71608      0.061263      0.092820      0.017332      0.034665
MIAGM13130_Marion_island      19.90      6.00    0.71470      0.247494      0.120587      0.019229      0.038457
CI5_Crozet               19.64      5.79    0.72792      0.000110      0.000351      0.000001      0.000002
KI810_Kergulen           19.59      5.10    0.69249      0.441123      0.100025      0.046439      0.092879
HI7_Heard                19.69      5.26    0.69399      0.421480      0.249077      0.126357      0.252714
MI2267_Macquarie         19.95      5.64    0.69306      0.462180      0.390052      0.118191      0.236383
Population              mean_N    mean_k    mean_He    p_sign_TPM    p_stdv_TPM    p_W_1t_TPM    p_W_2t_TPM
137680_South_Shetlands      19.95      6.49    0.73495      0.391222      0.436838      0.312005      0.624010
W6558                    19.90      6.13    0.71547      0.130329      0.175153      0.579283      0.852241
A1066_Bouvetoya          19.90      5.85    0.70355      0.235611      0.096964      0.035877      0.071754
MIAGM13144_Marion_island      19.74      6.05    0.71585      0.047046      0.038222      0.001134      0.002269
CI40_Crozet              19.74      5.95    0.72179      0.023292      0.016162      0.004096      0.008191
KI814_Kergulen           19.23      5.33    0.68802      0.483349      0.386898      0.132257      0.264514
HI5_Heard                19.64      5.13    0.67874      0.113450      0.198308      0.042425      0.084850
MI2256_Macquarie         19.85      5.56    0.70842      0.286802      0.143586      0.144607      0.289213
Population              mean_N    mean_k    mean_He    p_sign_TPM    p_stdv_TPM    p_W_1t_TPM    p_W_2t_TPM
137711_South_Shetlands      19.69      6.31    0.74696      0.067800      0.103809      0.017332      0.034665
W6701/01                 19.90      6.08    0.72064      0.094250      0.033166      0.002022      0.004043
A1052_Bouvetoya          19.79      5.77    0.70682      0.549997      0.055997      0.017448      0.034896
MIAGM13111_Marion_island      19.95      5.97    0.72698      0.059772      0.021388      0.002360      0.004719
CI40_Crozet              19.69      5.97    0.72781      0.049756      0.012960      0.001947      0.003894
KI807_Kergulen           19.69      5.18    0.66788      0.397506      0.433842      0.312005      0.624010
HI7_Heard                19.59      5.41    0.70863      0.197120      0.095034      0.015544      0.031088
MI2253_Macquarie         19.90      5.67    0.70522      0.413581      0.326380      0.167989      0.335977
Population              mean_N    mean_k    mean_He    p_sign_TPM    p_stdv_TPM    p_W_1t_TPM    p_W_2t_TPM
137717_South_Shetlands      19.90      6.28    0.73278      0.131859      0.374931      0.123475      0.246950
W6551                    19.64      6.18    0.72205      0.261010      0.090459      0.032538      0.065076
A1097_Bouvetoya          19.95      5.79    0.69791      0.310508      0.136414      0.056963      0.113925
MIAGM13138_Marion_island      19.95      5.95    0.72289      0.289129      0.240940      0.161078      0.322156
CI40_Crozet              19.74      5.77    0.71448      0.082371      0.027949      0.001922      0.003844
KI810_Kergulen           19.69      5.26    0.69747      0.012275      0.052292      0.003746      0.007492
HI3_Heard                19.64      5.26    0.69004      0.556539      0.182733      0.109741      0.219482
MI1688_Macquarie         19.85      5.18    0.67615      0.028784      0.041931      0.007642      0.015284
Population              mean_N    mean_k    mean_He    p_sign_TPM    p_stdv_TPM    p_W_1t_TPM    p_W_2t_TPM
137715_South_Shetlands      19.90      6.44    0.73571      0.303893      0.418538      0.161078      0.322156
W9138_mum                19.54      5.85    0.71952      0.250987      0.178003      0.059056      0.118111
A1059_Bouvetoya          19.90      5.82    0.71478      0.046867      0.012517      0.000598      0.001196
MIAGM13136_Marion_island      19.95      5.97    0.71420      0.044558      0.018128      0.000654      0.001308
CI5_Crozet               19.69      5.87    0.72315      0.012061      0.010372      0.002983      0.005966
KI814_Kergulen           19.54      5.23    0.70442      0.001613      0.015014      0.000354      0.000707
HI7_Heard                19.54      5.31    0.70055      0.446089      0.347090      0.302283      0.604566
MI2259_Macquarie         19.74      5.44    0.69838      0.103385      0.088541      0.026372      0.052745
Population              mean_N    mean_k    mean_He    p_sign_TPM    p_stdv_TPM    p_W_1t_TPM    p_W_2t_TPM
137702_South_Shetlands      19.59      6.13    0.72726      0.316627      0.475082      0.234013      0.468025
W6552                    19.69      6.23    0.72520      0.552632      0.229376      0.120638      0.241276
BI5_Bouvetoya            19.95      5.46    0.69108      0.242518      0.109873      0.033398      0.066797
MIAGM13144_Marion_island      19.85      6.28    0.72971      0.198473      0.095310      0.013913      0.027825
CI5_Crozet               19.49      5.79    0.70947      0.111350      0.060830      0.019980      0.039961
KI796_Kergulen           19.64      5.31    0.68864      0.450829      0.490409      0.393934      0.787868
HI4_Heard                19.64      5.28    0.68940      0.108318      0.063604      0.001376      0.002752
MI2259_Macquarie         19.95      5.44    0.69213      0.267585      0.091408      0.074532      0.149064
Population              mean_N    mean_k    mean_He    p_sign_TPM    p_stdv_TPM    p_W_1t_TPM    p_W_2t_TPM
137717_South_Shetlands      20.00      6.00    0.69973      0.212529      0.310794      0.595404      0.819906
W9174_mum                19.54      5.82    0.70358      0.445209      0.281521      0.165413      0.330826
A1071_Bouvetoya          19.85      5.90    0.71828      0.315377      0.126564      0.052248      0.104496
MIAGM13138_Marion_island      20.00      6.13    0.72807      0.049524      0.025958      0.001648      0.003296
CI40_Crozet              19.69      5.97    0.72921      0.084810      0.013421      0.000131      0.000262
KI802_Kergulen           19.23      5.26    0.68552      0.393494      0.129187      0.053530      0.107060
HI5_Heard                19.79      5.15    0.67945      0.347930      0.128469      0.040890      0.081780
MI2269_Macquarie         19.95      5.56    0.69334      0.204450      0.120389      0.029407      0.058814
Population              mean_N    mean_k    mean_He    p_sign_TPM    p_stdv_TPM    p_W_1t_TPM    p_W_2t_TPM
137693_South_Shetlands      20.00      6.36    0.72335      0.525234      0.288095      0.218952      0.437905
W6541/41_pup             19.85      6.00    0.73216      0.054636      0.014874      0.001010      0.002021
2222_Bouvetoya           19.85      5.74    0.70521      0.048212      0.093395      0.029365      0.058730
MIAGM13143_Marion_island      19.85      6.21    0.74097      0.021402      0.014511      0.000916      0.001833
CI5_Crozet               19.54      5.90    0.72769      0.000108      0.002175      0.000018      0.000035
KI812_Kergulen           19.54      5.10    0.69644      0.088125      0.007270      0.004570      0.009139
HI9_Heard                19.85      5.36    0.69239      0.238129      0.133497      0.062607      0.125213
MI2259_Macquarie         19.95      5.41    0.67513      0.437327      0.163632      0.048898      0.097796
Population              mean_N    mean_k    mean_He    p_sign_TPM    p_stdv_TPM    p_W_1t_TPM    p_W_2t_TPM
137717_South_Shetlands      19.90      6.15    0.71595      0.449086      0.482123      0.201344      0.402688
W9173_pup                19.95      6.10    0.72220      0.342809      0.126580      0.040890      0.081780
BI19_Bouvetoya           19.85      5.87    0.71701      0.051233      0.096586      0.032005      0.064009
MIAGM13132_Marion_island      19.85      6.08    0.73377      0.046703      0.055954      0.001080      0.002159
CI5_Crozet               19.54      5.82    0.71344      0.040791      0.009446      0.000386      0.000771
KI813_Kergulen           19.59      5.33    0.69004      0.452924      0.411001      0.426121      0.852241
HI7_Heard                19.54      5.36    0.69576      0.540528      0.339649      0.151057      0.302114
MI2262_Macquarie         19.90      5.85    0.70874      0.340650      0.483393      0.415327      0.830654
Population              mean_N    mean_k    mean_He    p_sign_TPM    p_stdv_TPM    p_W_1t_TPM    p_W_2t_TPM
137718_South_Shetlands      20.00      6.10    0.73347      0.021266      0.143357      0.010356      0.020712
W9137_pup                19.95      6.03    0.72688      0.000868      0.004026      0.000017      0.000034
A1091_Bouvetoya          19.95      5.62    0.70378      0.215493      0.041698      0.013749      0.027497
MIAGM13114_Marion_island      19.85      6.00    0.72965      0.027217      0.027770      0.005532      0.011064
CI5_Crozet               19.74      5.85    0.71167      0.033913      0.033970      0.007745      0.015490
KI807_Kergulen           19.49      5.23    0.70329      0.025243      0.030313      0.004674      0.009348
HI9_Heard                19.69      5.41    0.68427      0.236278      0.253235      0.491745      0.983491
MI2270_Macquarie         19.95      5.38    0.69563      0.297851      0.209389      0.069229      0.138457
Population              mean_N    mean_k    mean_He    p_sign_TPM    p_stdv_TPM    p_W_1t_TPM    p_W_2t_TPM
137668_South_Shetlands      19.90      6.49    0.74652      0.298208      0.301754      0.097116      0.194231
W9168_pup                19.64      5.92    0.72051      0.405362      0.489001      0.209250      0.418500
A1085_Bouvetoya          19.90      5.95    0.72135      0.258253      0.040593      0.008426      0.016852
MIAGM13131_Marion_island      19.95      6.18    0.73506      0.440593      0.178526      0.092369      0.184738
CI39_Crozet              19.49      5.69    0.71455      0.029330      0.006573      0.000207      0.000414
KI810_Kergulen           19.59      5.18    0.68791      0.128866      0.199121      0.067364      0.134728
HI9_Heard                19.79      4.90    0.65938      0.115395      0.143974      0.038689      0.077379
MI2250_Macquarie         19.95      5.62    0.68808      0.287560      0.462744      0.282981      0.565961
