Population              mean_N    mean_k    mean_He    p_sign_TPM    p_stdv_TPM    p_W_1t_TPM    p_W_2t_TPM
137687_South_Shetlands      19.74      6.18    0.72367      0.296405      0.382246      0.546675      0.917591
W9163_pup                19.90      5.79    0.70864      0.555861      0.485192      0.404596      0.809191
A1045_Bouvetoya          19.79      5.72    0.70313      0.559276      0.264145      0.171513      0.343026
MIAGM13066_Marion_island      19.90      6.33    0.73677      0.295749      0.268965      0.061997      0.123994
CI5_Crozet               19.54      5.77    0.70700      0.238499      0.068472      0.002592      0.005184
KI814_Kergulen           19.33      5.38    0.69289      0.185917      0.038543      0.014315      0.028630
HI7_Heard                19.74      5.05    0.67035      0.130086      0.188615      0.065537      0.131075
MI2262_Macquarie         19.95      5.31    0.69008      0.158646      0.237018      0.044952      0.089904
Population              mean_N    mean_k    mean_He    p_sign_TPM    p_stdv_TPM    p_W_1t_TPM    p_W_2t_TPM
137711_South_Shetlands      19.79      6.15    0.73094      0.321345      0.191578      0.033049      0.066098
W9171_mum                19.64      5.87    0.70117      0.361786      0.290311      0.278132      0.556265
A1092_Bouvetoya          19.69      5.59    0.70664      0.165871      0.074219      0.015952      0.031905
MIAGM13119_Marion_island      20.00      6.05    0.73522      0.189947      0.096095      0.016718      0.033436
CI39_Crozet              19.85      5.85    0.71700      0.037924      0.005750      0.000490      0.000979
KI806_Kergulen           19.13      4.95    0.69723      0.034906      0.018371      0.005795      0.011591
HI9_Heard                19.74      5.28    0.68572      0.247943      0.164168      0.110216      0.220433
MI2265_Macquarie         19.95      5.54    0.68765      0.479022      0.345890      0.178699      0.357397
Population              mean_N    mean_k    mean_He    p_sign_TPM    p_stdv_TPM    p_W_1t_TPM    p_W_2t_TPM
137701_South_Shetlands      19.95      6.08    0.74892      0.127083      0.023353      0.003270      0.006540
W9172_pup                19.95      6.23    0.72626      0.439582      0.433974      0.132257      0.264514
A1083_Bouvetoya          19.95      5.62    0.71657      0.043344      0.047537      0.002235      0.004470
MIAGM13117_Marion_island      19.95      5.82    0.71692      0.026916      0.014497      0.000232      0.000463
CI5_Crozet               19.38      5.82    0.71520      0.005866      0.035533      0.000410      0.000819
KI816_Kergulen           19.38      5.13    0.68031      0.292678      0.300870      0.154351      0.308703
HI5_Heard                19.79      5.28    0.68144      0.483209      0.387696      0.163985      0.327971
MI2256_Macquarie         19.85      5.92    0.70849      0.145128      0.451096      0.223238      0.446475
Population              mean_N    mean_k    mean_He    p_sign_TPM    p_stdv_TPM    p_W_1t_TPM    p_W_2t_TPM
137710_South_Shetlands      19.69      5.85    0.71452      0.105841      0.093837      0.006305      0.012611
W6521/21_pup             19.90      5.97    0.71799      0.433106      0.074400      0.034121      0.068242
BI3_Bouvetoya            19.90      5.74    0.72763      0.009144      0.003299      0.000490      0.000979
MIAGM13063_Marion_island      19.95      6.41    0.70261      0.107462      0.255524      0.736170      0.537113
CI38_Crozet              19.64      5.77    0.72119      0.001248      0.005033      0.000314      0.000629
KI810_Kergulen           19.28      4.95    0.68109      0.021735      0.031772      0.007596      0.015193
HI9_Heard                19.90      5.41    0.67828      0.349213      0.454610      0.251363      0.502726
MI2270_Macquarie         19.79      5.49    0.71292      0.068474      0.024356      0.019289      0.038578
Population              mean_N    mean_k    mean_He    p_sign_TPM    p_stdv_TPM    p_W_1t_TPM    p_W_2t_TPM
137718_South_Shetlands      19.90      6.10    0.74609      0.042074      0.143118      0.008074      0.016147
W6538/38_FWB_pup         19.38      6.05    0.73138      0.108139      0.026432      0.000775      0.001551
BI14_Bouvetoya           20.00      6.03    0.71889      0.466266      0.190465      0.104818      0.209636
MIAGM13126_Marion_island      19.85      6.21    0.72593      0.510935      0.084925      0.110216      0.220433
CI5_Crozet               19.59      5.82    0.72317      0.009210      0.001890      0.000056      0.000112
KI795_Kergulen           19.44      5.13    0.68143      0.376921      0.158759      0.182521      0.365043
HI9_Heard                19.69      5.41    0.69493      0.402528      0.387419      0.287868      0.575736
MI2262_Macquarie         19.90      5.56    0.69533      0.471865      0.430341      0.312869      0.625738
Population              mean_N    mean_k    mean_He    p_sign_TPM    p_stdv_TPM    p_W_1t_TPM    p_W_2t_TPM
137677_South_Shetlands      19.74      6.10    0.71754      0.451523      0.455312      0.378088      0.756177
W9178_mum                19.74      5.97    0.73593      0.115989      0.033450      0.006575      0.013149
BI5_Bouvetoya            19.74      5.54    0.70977      0.328419      0.060969      0.021939      0.043879
MIAGM13108_Marion_island      19.90      5.97    0.72340      0.083185      0.043681      0.006245      0.012491
CI40_Crozet              19.74      5.87    0.72831      0.011506      0.010271      0.000182      0.000365
KI816_Kergulen           19.38      5.03    0.68867      0.064413      0.045850      0.004281      0.008562
HI9_Heard                19.49      5.13    0.68202      0.413264      0.496312      0.221438      0.442876
MI2259_Macquarie         19.74      5.62    0.70175      0.294582      0.097213      0.021131      0.042262
Population              mean_N    mean_k    mean_He    p_sign_TPM    p_stdv_TPM    p_W_1t_TPM    p_W_2t_TPM
137702_South_Shetlands      19.74      6.41    0.73457      0.548049      0.357645      0.242606      0.485211
W9163_mum                19.90      5.97    0.72890      0.059702      0.148032      0.034121      0.068242
BI18_Bouvetoya           19.95      5.87    0.70754      0.145862      0.133654      0.089750      0.179501
MIAGM13144_Marion_island      19.69      6.08    0.74122      0.143224      0.117469      0.022955      0.045909
CI5_Crozet               19.54      5.79    0.72651      0.001283      0.000515      0.000079      0.000158
KI807_Kergulen           19.59      5.03    0.67649      0.223525      0.248554      0.197457      0.394915
HI3_Heard                19.69      5.10    0.67844      0.271598      0.120952      0.046439      0.092879
MI2259_Macquarie         19.95      5.49    0.69950      0.255047      0.057963      0.005532      0.011064
Population              mean_N    mean_k    mean_He    p_sign_TPM    p_stdv_TPM    p_W_1t_TPM    p_W_2t_TPM
137721_South_Shetlands      19.64      6.10    0.72019      0.437334      0.300610      0.069229      0.138457
ATP04                    19.95      6.31    0.72982      0.185323      0.267028      0.404596      0.809191
A1099_Bouvetoya          19.95      5.90    0.72528      0.050673      0.033891      0.007423      0.014845
MIAGM13124_Marion_island      19.85      6.33    0.74947      0.192788      0.078157      0.018617      0.037235
CI5_Crozet               19.49      5.92    0.71577      0.008717      0.021267      0.004586      0.009172
KI812_Kergulen           19.49      5.13    0.69523      0.035592      0.025594      0.002474      0.004949
HI36_Heard               19.85      5.31    0.68331      0.188057      0.309571      0.238288      0.476577
MI2259_Macquarie         19.69      5.28    0.70142      0.078267      0.021717      0.003145      0.006291
Population              mean_N    mean_k    mean_He    p_sign_TPM    p_stdv_TPM    p_W_1t_TPM    p_W_2t_TPM
137721_South_Shetlands      19.95      6.21    0.73231      0.273450      0.173566      0.023752      0.047505
W17                      19.85      6.03    0.71783      0.432562      0.204000      0.112398      0.224797
BI3_Bouvetoya            19.59      5.69    0.72265      0.005048      0.002254      0.000088      0.000175
MIAGM13143_Marion_island      20.00      6.10    0.71849      0.151077      0.160172      0.023043      0.046087
CI5_Crozet               19.59      5.59    0.71502      0.001343      0.001655      0.000096      0.000192
KI813_Kergulen           19.28      5.31    0.68669      0.146764      0.405009      0.227569      0.455138
HI5_Heard                19.74      5.26    0.67857      0.540147      0.496529      0.352130      0.704261
MI2265_Macquarie         19.95      5.36    0.69584      0.098797      0.016200      0.005793      0.011587
Population              mean_N    mean_k    mean_He    p_sign_TPM    p_stdv_TPM    p_W_1t_TPM    p_W_2t_TPM
137701_South_Shetlands      19.74      6.13    0.73880      0.065194      0.175780      0.045069      0.090139
W06                      19.54      6.03    0.71602      0.359087      0.464822      0.231946      0.463892
A1084_Bouvetoya          19.90      5.67    0.70415      0.151341      0.067684      0.052419      0.104837
MIAGM13134_Marion_island      19.95      6.03    0.71775      0.506463      0.172856      0.104818      0.209636
CI5_Crozet               19.69      5.90    0.72462      0.004324      0.007415      0.001681      0.003361
KI816_Kergulen           19.49      5.08    0.67000      0.466026      0.124041      0.072192      0.144384
HI9_Heard                19.64      5.21    0.67208      0.517155      0.404142      0.236369      0.472737
MI2253_Macquarie         19.90      5.28    0.67346      0.144629      0.166183      0.064442      0.128884
Population              mean_N    mean_k    mean_He    p_sign_TPM    p_stdv_TPM    p_W_1t_TPM    p_W_2t_TPM
137723_South_Shetlands      19.79      6.26    0.72955      0.421667      0.313430      0.154351      0.308703
W6551                    19.54      6.08    0.71900      0.269255      0.357309      0.056962      0.113925
A1044_Bouvetoya          19.90      5.69    0.70640      0.136151      0.076287      0.023876      0.047753
MIAGM13123_Marion_island      20.00      6.21    0.71687      0.185518      0.338046      0.175083      0.350166
CI5_Crozet               19.64      5.49    0.70562      0.002911      0.003208      0.000016      0.000031
KI805_Kergulen           19.33      5.15    0.67468      0.210704      0.437258      0.223238      0.446475
HI9_Heard                19.90      5.31    0.67964      0.119658      0.244652      0.144607      0.289213
MI2259_Macquarie         20.00      5.62    0.68286      0.518373      0.323972      0.471436      0.942872
Population              mean_N    mean_k    mean_He    p_sign_TPM    p_stdv_TPM    p_W_1t_TPM    p_W_2t_TPM
137694_South_Shetlands      20.00      6.00    0.71903      0.035485      0.008531      0.001022      0.002045
W6526/26                 19.69      5.77    0.69812      0.167283      0.357866      0.085095      0.170191
BI12_Bouvetoya           19.95      6.00    0.71672      0.196015      0.281375      0.214207      0.428414
MIAGM13142_Marion_island      19.85      6.03    0.72200      0.189705      0.216495      0.092369      0.184738
CI5_Crozet               19.44      5.82    0.72290      0.000666      0.006125      0.000435      0.000870
KI814_Kergulen           19.38      5.28    0.69609      0.109724      0.056848      0.067364      0.134728
HI5_Heard                19.79      5.08    0.67220      0.421253      0.141137      0.053785      0.107569
MI2264_Macquarie         19.95      5.49    0.68899      0.220956      0.445246      0.260280      0.520561
Population              mean_N    mean_k    mean_He    p_sign_TPM    p_stdv_TPM    p_W_1t_TPM    p_W_2t_TPM
137723_South_Shetlands      19.79      6.36    0.75365      0.233560      0.150283      0.028090      0.056179
ATF35                    19.90      6.08    0.73823      0.089917      0.088098      0.014221      0.028441
A1077_Bouvetoya          19.85      5.59    0.70460      0.440579      0.222934      0.175083      0.350166
MIAGM13141_Marion_island      19.90      5.90    0.73023      0.205674      0.077748      0.041149      0.082299
CI5_Crozet               19.54      5.92    0.72425      0.011870      0.012001      0.000695      0.001391
KI810_Kergulen           19.59      5.38    0.68516      0.349804      0.421932      0.376220      0.752440
HI9_Heard                19.85      5.49    0.69067      0.502441      0.416541      0.409296      0.818591
MI2261_Macquarie         19.90      5.51    0.68913      0.535295      0.116606      0.066318      0.132635
Population              mean_N    mean_k    mean_He    p_sign_TPM    p_stdv_TPM    p_W_1t_TPM    p_W_2t_TPM
137681_South_Shetlands      19.59      6.13    0.72487      0.431337      0.383902      0.221438      0.442876
W6512/12_pup             19.64      6.08    0.72780      0.317292      0.466320      0.367633      0.735266
BI2_Bouvetoya            19.69      5.92    0.69990      0.486541      0.377756      0.202281      0.404563
MIAGM13141_Marion_island      19.90      6.21    0.71933      0.524358      0.198889      0.147809      0.295618
CI40_Crozet              19.79      5.77    0.71592      0.002161      0.005160      0.000122      0.000245
KI813_Kergulen           19.28      5.41    0.69967      0.182536      0.223546      0.178699      0.357397
HI7_Heard                19.69      5.10    0.67640      0.364980      0.428761      0.089750      0.179501
MI2265_Macquarie         19.85      5.05    0.67102      0.056748      0.026448      0.007596      0.015193
Population              mean_N    mean_k    mean_He    p_sign_TPM    p_stdv_TPM    p_W_1t_TPM    p_W_2t_TPM
137706_South_Shetlands      20.00      5.97    0.72483      0.198904      0.102092      0.014440      0.028879
Y/B142/43                19.90      6.26    0.72750      0.352079      0.162593      0.092146      0.184292
BI6_Bouvetoya            19.69      5.85    0.72542      0.267243      0.047687      0.012649      0.025299
MIAGM13143_Marion_island      19.90      6.26    0.72407      0.184535      0.075961      0.036348      0.072695
CI5_Crozet               19.49      5.62    0.71199      0.002080      0.003352      0.000114      0.000229
KI814_Kergulen           19.38      5.15    0.69668      0.058321      0.039190      0.016122      0.032244
HI9_Heard                19.54      5.21    0.67752      0.507651      0.239843      0.090060      0.180119
MI2265_Macquarie         19.85      5.33    0.69564      0.484950      0.205995      0.146689      0.293377
Population              mean_N    mean_k    mean_He    p_sign_TPM    p_stdv_TPM    p_W_1t_TPM    p_W_2t_TPM
137717_South_Shetlands      19.49      6.26    0.73001      0.322400      0.407170      0.234013      0.468025
W6532/32_pup             19.74      6.08    0.72942      0.115274      0.197768      0.037504      0.075008
BI24_Bouvetoya           19.74      5.74    0.70196      0.222557      0.344818      0.229779      0.459558
MIAGM13122_Marion_island      19.95      5.79    0.71736      0.069133      0.051760      0.035220      0.070440
CI5_Crozet               19.54      5.69    0.70715      0.119426      0.135393      0.077077      0.154154
KI816_Kergulen           19.44      5.05    0.67462      0.176473      0.116379      0.058604      0.117209
HI9_Heard                19.69      5.13    0.67447      0.553957      0.271328      0.205275      0.410550
MI2258_Macquarie         20.00      5.67    0.69433      0.342461      0.337553      0.173017      0.346034
Population              mean_N    mean_k    mean_He    p_sign_TPM    p_stdv_TPM    p_W_1t_TPM    p_W_2t_TPM
137707_South_Shetlands      19.59      5.95    0.71340      0.104673      0.158163      0.061997      0.123994
W6538                    19.69      6.05    0.71608      0.537959      0.228455      0.078933      0.157866
A1089_Bouvetoya          19.59      5.85    0.70894      0.079633      0.174989      0.047832      0.095663
MIAGM13123_Marion_island      19.74      6.18    0.71223      0.282256      0.491465      0.354637      0.709275
CI40_Crozet              19.74      5.95    0.73193      0.000391      0.003731      0.000049      0.000098
KI806_Kergulen           19.38      5.38    0.70573      0.204584      0.032514      0.014983      0.029967
HI9_Heard                19.79      5.05    0.67692      0.110166      0.098040      0.037504      0.075008
MI2260_Macquarie         19.85      5.28    0.69516      0.136631      0.028042      0.016567      0.033135
Population              mean_N    mean_k    mean_He    p_sign_TPM    p_stdv_TPM    p_W_1t_TPM    p_W_2t_TPM
137687_South_Shetlands      20.00      6.44    0.72510      0.236127      0.413674      0.080619      0.161239
W2031/32                 19.90      5.95    0.71774      0.085706      0.169402      0.032538      0.065076
A1008_Bouvetoya          19.85      5.92    0.71988      0.112257      0.063099      0.022179      0.044358
MIAGM13130_Marion_island      19.95      5.92    0.72329      0.527902      0.130236      0.065537      0.131075
CI39_Crozet              19.74      5.67    0.70806      0.016760      0.017583      0.001268      0.002536
KI816_Kergulen           19.33      5.15    0.68246      0.088701      0.021225      0.003265      0.006529
HI9_Heard                19.79      5.41    0.68685      0.501024      0.391678      0.218952      0.437905
MI2265_Macquarie         19.95      5.49    0.68820      0.229503      0.423578      0.178715      0.357431
Population              mean_N    mean_k    mean_He    p_sign_TPM    p_stdv_TPM    p_W_1t_TPM    p_W_2t_TPM
137667_South_Shetlands      19.90      6.38    0.74218      0.319697      0.351330      0.234013      0.468025
W6513/13_pup             19.79      5.97    0.72155      0.374867      0.142623      0.050746      0.101491
A1091_Bouvetoya          19.79      5.79    0.70208      0.311864      0.198088      0.130615      0.261230
MIAGM13133_Marion_island      19.95      6.13    0.72475      0.179152      0.199758      0.072192      0.144384
CI5_Crozet               19.44      5.82    0.72833      0.000025      0.000652      0.000000      0.000001
KI816_Kergulen           19.38      5.38    0.68945      0.229162      0.111937      0.060811      0.121623
HI3_Heard                19.64      5.05    0.67949      0.027179      0.032336      0.010658      0.021316
MI2265_Macquarie         19.90      5.31    0.68865      0.070653      0.141976      0.032538      0.065076
Population              mean_N    mean_k    mean_He    p_sign_TPM    p_stdv_TPM    p_W_1t_TPM    p_W_2t_TPM
137678_South_Shetlands      19.90      6.44    0.72180      0.207560      0.183238      0.060811      0.121623
W6533                    19.64      5.87    0.73028      0.114642      0.093631      0.006575      0.013149
BI5_Bouvetoya            19.95      5.92    0.71558      0.027935      0.035306      0.013402      0.026804
MIAGM13140_Marion_island      19.85      6.23    0.70610      0.491702      0.119917      0.519255      0.972488
CI5_Crozet               19.33      5.77    0.70493      0.098705      0.161911      0.013680      0.027359
KI813_Kergulen           19.74      5.15    0.68996      0.093058      0.012732      0.003626      0.007252
HI36_Heard               19.74      5.13    0.68340      0.210287      0.023745      0.008785      0.017571
MI2250_Macquarie         19.90      4.97    0.66332      0.228798      0.163273      0.064442      0.128884
Population              mean_N    mean_k    mean_He    p_sign_TPM    p_stdv_TPM    p_W_1t_TPM    p_W_2t_TPM
137723_South_Shetlands      19.69      6.05    0.71996      0.260472      0.234413      0.054021      0.108042
W6536                    19.95      6.31    0.73919      0.334370      0.469797      0.058604      0.117209
A1099_Bouvetoya          19.33      5.41    0.70218      0.199602      0.016475      0.004808      0.009616
MIAGM13141_Marion_island      19.74      6.21    0.73203      0.187683      0.076113      0.019980      0.039961
CI40_Crozet              19.54      5.90    0.72710      0.016867      0.006993      0.000025      0.000050
KI814_Kergulen           19.85      5.15    0.67725      0.128780      0.213939      0.059056      0.118111
HI36_Heard               19.90      5.36    0.69841      0.287930      0.099738      0.046439      0.092879
MI2265_Macquarie         19.85      5.54    0.69285      0.541343      0.261365      0.097116      0.194231
Population              mean_N    mean_k    mean_He    p_sign_TPM    p_stdv_TPM    p_W_1t_TPM    p_W_2t_TPM
137712_South_Shetlands      19.74      5.79    0.71711      0.151003      0.205245      0.040890      0.081780
W6524/24                 19.74      6.28    0.72670      0.222579      0.054755      0.018532      0.037064
BI25_Bouvetoya           19.85      6.03    0.73572      0.014183      0.022605      0.006046      0.012092
MIAGM13130_Marion_island      19.95      6.13    0.72874      0.380611      0.115363      0.054021      0.108042
CI39_Crozet              19.54      5.82    0.72539      0.000359      0.001101      0.000002      0.000004
KI816_Kergulen           19.28      5.18    0.69521      0.185641      0.091900      0.045069      0.090139
HI7_Heard                19.49      5.13    0.68524      0.566267      0.236767      0.069229      0.138457
MI2269_Macquarie         19.85      5.18    0.67870      0.181735      0.122737      0.042425      0.084850
Population              mean_N    mean_k    mean_He    p_sign_TPM    p_stdv_TPM    p_W_1t_TPM    p_W_2t_TPM
137706_South_Shetlands      19.74      6.44    0.73871      0.206504      0.125256      0.035220      0.070440
W9174_mum                19.69      6.00    0.70590      0.381479      0.356051      0.234013      0.468025
A1029_Bouvetoya          19.59      6.05    0.71489      0.274056      0.067805      0.011668      0.023336
MIAGM13049_Marion_island      19.95      6.13    0.72639      0.101388      0.042104      0.004570      0.009139
CI5_Crozet               19.59      5.87    0.71468      0.036243      0.158774      0.028090      0.056179
KI814_Kergulen           19.33      5.33    0.71694      0.013891      0.001980      0.000296      0.000593
HI7_Heard                19.74      5.21    0.68346      0.240273      0.292018      0.062607      0.125213
MI1666_Macquarie         19.79      5.59    0.70105      0.479762      0.175238      0.124555      0.249111
Population              mean_N    mean_k    mean_He    p_sign_TPM    p_stdv_TPM    p_W_1t_TPM    p_W_2t_TPM
137686_South_Shetlands      20.00      6.64    0.73239      0.366178      0.234024      0.054021      0.108042
W6552                    19.74      5.95    0.71730      0.468365      0.499374      0.242606      0.485211
BI24_Bouvetoya           19.64      5.72    0.71577      0.294108      0.065824      0.045069      0.090139
MIAGM13144_Marion_island      19.85      6.21    0.71224      0.365150      0.354933      0.500000      1.000000
CI40_Crozet              19.69      5.92    0.72942      0.028680      0.013915      0.001121      0.002242
KI798_Kergulen           19.54      5.26    0.67413      0.324611      0.487239      0.227569      0.455138
HI4_Heard                19.59      5.26    0.69931      0.209557      0.112967      0.077077      0.154154
MI2249_Macquarie         19.79      5.46    0.68807      0.536739      0.302747      0.109741      0.219482
Population              mean_N    mean_k    mean_He    p_sign_TPM    p_stdv_TPM    p_W_1t_TPM    p_W_2t_TPM
137679_South_Shetlands      19.85      6.36    0.74158      0.038712      0.195221      0.077077      0.154154
ATF12                    19.74      5.85    0.71565      0.207224      0.200908      0.045069      0.090139
A1062_Bouvetoya          19.90      6.00    0.71892      0.195488      0.136463      0.036348      0.072695
MIAGM13108_Marion_island      19.74      5.79    0.72278      0.052903      0.019705      0.003123      0.006247
CI40_Crozet              19.69      5.92    0.73217      0.004897      0.001126      0.000037      0.000073
KI816_Kergulen           19.44      5.26    0.69150      0.206359      0.186130      0.094721      0.189442
HI3_Heard                19.85      5.38    0.68607      0.189225      0.202542      0.065537      0.131075
MI2267_Macquarie         19.95      5.46    0.68634      0.513052      0.497003      0.376220      0.752440
Population              mean_N    mean_k    mean_He    p_sign_TPM    p_stdv_TPM    p_W_1t_TPM    p_W_2t_TPM
137720_South_Shetlands      19.95      6.36    0.74492      0.140961      0.094944      0.020692      0.041384
W6701_pup                19.69      6.03    0.72666      0.050822      0.005777      0.001010      0.002021
A1093_Bouvetoya          19.95      5.56    0.68291      0.239713      0.217573      0.150049      0.300097
MIAGM13142_Marion_island      19.90      6.46    0.73774      0.520364      0.239140      0.102035      0.204070
CI5_Crozet               19.59      5.95    0.72073      0.016246      0.029434      0.003145      0.006291
KI795_Kergulen           19.28      4.97    0.66752      0.392012      0.456972      0.437360      0.874720
HI9_Heard                19.69      5.31    0.67586      0.442129      0.242465      0.535726      0.939518
MI1685_Macquarie         19.90      5.46    0.69348      0.155397      0.160774      0.015952      0.031905
Population              mean_N    mean_k    mean_He    p_sign_TPM    p_stdv_TPM    p_W_1t_TPM    p_W_2t_TPM
137722_South_Shetlands      19.85      6.26    0.72792      0.422068      0.311853      0.201344      0.402688
W9134_mum                19.90      6.00    0.72396      0.144891      0.144548      0.076320      0.152639
A1096_Bouvetoya          19.79      5.87    0.70656      0.031994      0.029657      0.004372      0.008745
MIAGM13137_Marion_island      19.90      5.90    0.71874      0.056661      0.034581      0.003603      0.007206
CI40_Crozet              19.79      5.92    0.71960      0.011436      0.072153      0.007752      0.015505
KI814_Kergulen           19.33      5.33    0.67990      0.333682      0.459215      0.295574      0.591149
HI5_Heard                19.74      5.46    0.69984      0.002916      0.055027      0.002998      0.005996
MI1665_Macquarie         19.85      5.03    0.68397      0.171039      0.054804      0.025416      0.050833
Population              mean_N    mean_k    mean_He    p_sign_TPM    p_stdv_TPM    p_W_1t_TPM    p_W_2t_TPM
137686_South_Shetlands      19.59      6.15    0.72797      0.118913      0.286849      0.112398      0.224797
W6523/23_pup             20.00      6.13    0.72011      0.328656      0.475792      0.415327      0.830654
A1081_Bouvetoya          19.95      5.79    0.68961      0.184589      0.244184      0.081204      0.162409
MIAGM13139_Marion_island      19.95      6.28    0.72298      0.479265      0.289512      0.130632      0.261265
CI5_Crozet               19.54      5.77    0.71779      0.020753      0.002972      0.000082      0.000163
KI810_Kergulen           19.28      5.23    0.70207      0.386738      0.045233      0.019229      0.038457
HI7_Heard                19.54      5.21    0.69631      0.209214      0.145536      0.032005      0.064009
MI2270_Macquarie         19.95      5.56    0.70664      0.083981      0.024604      0.001410      0.002819
Population              mean_N    mean_k    mean_He    p_sign_TPM    p_stdv_TPM    p_W_1t_TPM    p_W_2t_TPM
137719_South_Shetlands      20.00      6.28    0.71660      0.523691      0.477286      0.240836      0.481672
W03                      19.79      6.10    0.74183      0.429569      0.053865      0.007143      0.014285
A1060_Bouvetoya          19.90      5.85    0.71786      0.301472      0.176947      0.112398      0.224797
MIAGM13141_Marion_island      19.90      6.00    0.71207      0.207065      0.121032      0.099554      0.199107
CI40_Crozet              19.54      5.82    0.72021      0.027135      0.036547      0.001681      0.003361
KI814_Kergulen           19.13      5.44    0.70629      0.050161      0.013502      0.001855      0.003711
HI7_Heard                19.64      5.10    0.66962      0.304071      0.459024      0.234013      0.468025
MI2258_Macquarie         19.90      5.36    0.68847      0.346455      0.224013      0.064442      0.128884
Population              mean_N    mean_k    mean_He    p_sign_TPM    p_stdv_TPM    p_W_1t_TPM    p_W_2t_TPM
137700_South_Shetlands      19.85      6.18    0.73349      0.298341      0.133212      0.026283      0.052567
W9173_pup                19.69      6.03    0.73674      0.328497      0.284058      0.164510      0.329021
BI2_Bouvetoya            19.95      5.85    0.69354      0.251265      0.372555      0.160427      0.320853
MIAGM13143_Marion_island      19.90      6.26    0.72208      0.549935      0.384287      0.147809      0.295618
CI5_Crozet               19.49      5.77    0.71988      0.127704      0.008304      0.001139      0.002279
KI801_Kergulen           19.85      5.05    0.70082      0.115184      0.003816      0.003581      0.007162
HI9_Heard                19.74      5.31    0.67973      0.174246      0.452114      0.414877      0.829754
MI2269_Macquarie         19.90      5.62    0.71879      0.204996      0.058180      0.014440      0.028879
Population              mean_N    mean_k    mean_He    p_sign_TPM    p_stdv_TPM    p_W_1t_TPM    p_W_2t_TPM
137721_South_Shetlands      19.85      6.26    0.72530      0.120374      0.174906      0.042425      0.084850
SG4_South_Georgia        19.85      5.87    0.71037      0.444030      0.469409      0.278581      0.557162
BI12_Bouvetoya           19.64      5.97    0.70413      0.172071      0.088115      0.013201      0.026403
MIAGM13125_Marion_island      19.85      5.90    0.72292      0.057531      0.079712      0.011079      0.022158
CI40_Crozet              19.69      5.92    0.73222      0.004210      0.004363      0.000103      0.000205
KI813_Kergulen           19.49      5.15    0.69361      0.280953      0.114531      0.077077      0.154154
HI36_Heard               19.64      5.33    0.68707      0.318019      0.436550      0.321856      0.643713
MI2265_Macquarie         20.00      5.26    0.68516      0.279025      0.290920      0.169188      0.338376
Population              mean_N    mean_k    mean_He    p_sign_TPM    p_stdv_TPM    p_W_1t_TPM    p_W_2t_TPM
137704_South_Shetlands      19.85      6.23    0.73976      0.233305      0.265760      0.164510      0.329021
W6531/31_pup             19.79      6.08    0.72442      0.382924      0.140593      0.052419      0.104837
BI2_Bouvetoya            19.79      5.62    0.70339      0.052779      0.012522      0.001956      0.003913
MIAGM13118_Marion_island      20.00      6.46    0.72119      0.189902      0.386701      0.251363      0.502726
CI5_Crozet               19.44      5.72    0.71251      0.007042      0.024548      0.001080      0.002159
KI806_Kergulen           19.38      5.18    0.70176      0.007436      0.003954      0.000363      0.000726
HI9_Heard                19.64      5.23    0.66783      0.395224      0.440921      0.178699      0.357397
MI2258_Macquarie         20.00      5.41    0.68893      0.468379      0.382044      0.178715      0.357431
Population              mean_N    mean_k    mean_He    p_sign_TPM    p_stdv_TPM    p_W_1t_TPM    p_W_2t_TPM
137717_South_Shetlands      19.90      6.31    0.72422      0.161585      0.177872      0.070192      0.140385
W9177_pup                19.95      6.00    0.73053      0.031312      0.022057      0.003581      0.007162
BI24_Bouvetoya           19.85      5.87    0.72200      0.178931      0.088136      0.029995      0.059991
MIAGM13139_Marion_island      19.90      6.23    0.71930      0.298614      0.401940      0.300759      0.601519
CI5_Crozet               19.54      5.90    0.72627      0.061566      0.009680      0.001766      0.003531
KI805_Kergulen           19.33      5.23    0.68921      0.352261      0.287379      0.099609      0.199218
HI4_Heard                19.74      5.49    0.69563      0.446564      0.193270      0.118674      0.237349
MI2256_Macquarie         19.85      5.31    0.69201      0.291894      0.180366      0.144607      0.289213
Population              mean_N    mean_k    mean_He    p_sign_TPM    p_stdv_TPM    p_W_1t_TPM    p_W_2t_TPM
137720_South_Shetlands      19.85      6.38    0.72389      0.165727      0.379611      0.205275      0.410550
W9164_mum                19.79      6.08    0.72655      0.425061      0.100120      0.049277      0.098554
BI25_Bouvetoya           19.74      5.67    0.71221      0.145956      0.030287      0.007423      0.014845
MIAGM13143_Marion_island      19.95      5.97    0.71955      0.021322      0.079772      0.008426      0.016852
CI5_Crozet               19.54      5.79    0.70208      0.113425      0.142737      0.010732      0.021463
KI812_Kergulen           19.08      5.26    0.70010      0.250385      0.067071      0.022234      0.044469
HI7_Heard                19.74      5.41    0.69717      0.434778      0.370160      0.213269      0.426539
MI1675_Macquarie         19.95      5.46    0.68440      0.398325      0.340700      0.381678      0.763357
Population              mean_N    mean_k    mean_He    p_sign_TPM    p_stdv_TPM    p_W_1t_TPM    p_W_2t_TPM
137711_South_Shetlands      19.85      6.33    0.72427      0.295546      0.465310      0.189818      0.379637
W9138_pup                19.90      6.26    0.73763      0.504608      0.230942      0.110216      0.220433
A1098_Bouvetoya          19.90      5.62    0.69810      0.237441      0.045839      0.013680      0.027359
MIAGM13140_Marion_island      19.90      6.28    0.73731      0.195176      0.297477      0.055356      0.110712
CI5_Crozet               19.54      5.85    0.72534      0.027491      0.007823      0.000818      0.001635
KI814_Kergulen           19.54      5.28    0.68172      0.407371      0.278062      0.161078      0.322156
HI7_Heard                19.64      5.26    0.70379      0.033178      0.074075      0.007143      0.014285
MI2264_Macquarie         19.90      5.31    0.67657      0.497927      0.458777      0.333501      0.667002
Population              mean_N    mean_k    mean_He    p_sign_TPM    p_stdv_TPM    p_W_1t_TPM    p_W_2t_TPM
137712_South_Shetlands      19.69      6.26    0.72504      0.068297      0.193607      0.041149      0.082299
SG11_South_Georgia       19.85      6.05    0.72808      0.396762      0.131021      0.072192      0.144384
A1077_Bouvetoya          19.85      5.56    0.70247      0.057865      0.092959      0.009856      0.019713
MIAGM13124_Marion_island      20.00      5.87    0.71970      0.159492      0.024887      0.006523      0.013047
CI5_Crozet               19.54      5.95    0.72267      0.031484      0.011887      0.005471      0.010943
KI814_Kergulen           19.23      4.92    0.69113      0.012360      0.001944      0.000233      0.000466
HI7_Heard                19.69      5.05    0.67721      0.536729      0.139187      0.045069      0.090139
MI2260_Macquarie         19.90      5.31    0.68578      0.458564      0.083914      0.068277      0.136554
Population              mean_N    mean_k    mean_He    p_sign_TPM    p_stdv_TPM    p_W_1t_TPM    p_W_2t_TPM
137698_South_Shetlands      19.85      6.18    0.72568      0.047660      0.092368      0.013402      0.026804
W9169_mum                19.64      5.92    0.72667      0.120366      0.047321      0.006046      0.012092
A1058_Bouvetoya          19.74      6.08    0.70571      0.495558      0.300055      0.171252      0.342503
MIAGM13130_Marion_island      19.79      5.95    0.71683      0.549950      0.360515      0.167989      0.335977
CI39_Crozet              19.49      5.64    0.70506      0.141657      0.022181      0.001410      0.002819
KI813_Kergulen           19.54      5.56    0.70499      0.515224      0.103347      0.039904      0.079809
HI7_Heard                19.49      5.28    0.69751      0.131940      0.146808      0.053785      0.107569
MI2262_Macquarie         19.90      5.38    0.68618      0.513331      0.284912      0.223238      0.446475
Population              mean_N    mean_k    mean_He    p_sign_TPM    p_stdv_TPM    p_W_1t_TPM    p_W_2t_TPM
137722_South_Shetlands      19.90      6.26    0.73399      0.424234      0.341285      0.115100      0.230200
W6538/38_FWB_pup         19.69      6.18    0.73230      0.195993      0.211260      0.028090      0.056179
BI5_Bouvetoya            20.00      5.41    0.70634      0.032283      0.002093      0.000775      0.001550
MIAGM13134_Marion_island      20.00      6.10    0.72321      0.306702      0.391554      0.056962      0.113925
CI39_Crozet              19.59      5.87    0.71799      0.008572      0.006320      0.000007      0.000014
KI812_Kergulen           19.38      5.21    0.69238      0.049566      0.041461      0.004372      0.008745
HI7_Heard                19.74      5.31    0.68779      0.326945      0.454176      0.378088      0.756177
MI2254_Macquarie         19.95      5.33    0.69709      0.283961      0.067255      0.012907      0.025814
Population              mean_N    mean_k    mean_He    p_sign_TPM    p_stdv_TPM    p_W_1t_TPM    p_W_2t_TPM
137690_South_Shetlands      19.74      6.13    0.71910      0.201154      0.295611      0.098462      0.196924
W6537                    19.95      6.00    0.73479      0.031849      0.084880      0.016122      0.032244
A1099_Bouvetoya          19.90      6.03    0.71846      0.497831      0.086510      0.042210      0.084421
MIAGM13110_Marion_island      20.00      6.26    0.73077      0.005500      0.003294      0.000006      0.000012
CI5_Crozet               19.59      5.54    0.71154      0.047678      0.003907      0.001521      0.003043
KI814_Kergulen           19.49      4.97    0.68885      0.118820      0.006053      0.003917      0.007835
HI5_Heard                19.69      5.44    0.68125      0.460774      0.465971      0.297472      0.594945
MI2256_Macquarie         19.85      5.51    0.70341      0.416568      0.321807      0.283250      0.566500
Population              mean_N    mean_k    mean_He    p_sign_TPM    p_stdv_TPM    p_W_1t_TPM    p_W_2t_TPM
137687_South_Shetlands      19.74      6.36    0.75130      0.127137      0.024845      0.006046      0.012092
W6536                    19.85      6.03    0.73346      0.068629      0.082388      0.035220      0.070440
BI7_Bouvetoya            19.95      5.90    0.70823      0.111446      0.072467      0.003106      0.006212
MIAGM13134_Marion_island      19.95      6.23    0.74801      0.437689      0.098777      0.025416      0.050833
CI5_Crozet               19.54      5.69    0.71605      0.010322      0.002157      0.000061      0.000121
KI810_Kergulen           19.54      5.31    0.68064      0.369185      0.412582      0.297472      0.594945
HI7_Heard                19.54      5.15    0.67137      0.403715      0.488447      0.352130      0.704261
MI2249_Macquarie         20.00      5.18    0.67503      0.008705      0.033142      0.003783      0.007567
Population              mean_N    mean_k    mean_He    p_sign_TPM    p_stdv_TPM    p_W_1t_TPM    p_W_2t_TPM
137683_South_Shetlands      19.79      6.41    0.73343      0.423503      0.399437      0.436968      0.873937
W9177_pup                19.69      5.85    0.71661      0.207048      0.261485      0.126357      0.252714
BI8_Bouvetoya            19.85      5.92    0.69343      0.370858      0.257389      0.545643      0.920085
MIAGM13136_Marion_island      19.90      6.00    0.71375      0.127600      0.034869      0.002722      0.005443
CI5_Crozet               19.38      5.79    0.72321      0.001944      0.003474      0.000693      0.001385
KI814_Kergulen           19.79      5.23    0.67630      0.556823      0.257521      0.223065      0.446130
HI7_Heard                19.59      5.03    0.66838      0.400158      0.238325      0.094721      0.189442
MI2256_Macquarie         19.85      5.72    0.68810      0.425243      0.394682      0.137146      0.274291
Population              mean_N    mean_k    mean_He    p_sign_TPM    p_stdv_TPM    p_W_1t_TPM    p_W_2t_TPM
137722_South_Shetlands      19.85      6.15    0.72129      0.309668      0.283814      0.312005      0.624010
W9178_pup                19.79      5.82    0.71760      0.037217      0.132640      0.002022      0.004043
A1052_Bouvetoya          19.90      5.95    0.70925      0.310667      0.400310      0.189818      0.379637
MIAGM13127_Marion_island      19.95      6.38    0.72049      0.542240      0.140021      0.050853      0.101706
CI39_Crozet              19.49      5.59    0.69963      0.135421      0.020568      0.000820      0.001640
KI814_Kergulen           19.49      5.21    0.68651      0.128886      0.142163      0.031466      0.062932
HI7_Heard                19.64      5.21    0.66335      0.194021      0.303233      0.458796      0.917591
MI2258_Macquarie         19.90      5.41    0.69912      0.355264      0.063389      0.025616      0.051233
Population              mean_N    mean_k    mean_He    p_sign_TPM    p_stdv_TPM    p_W_1t_TPM    p_W_2t_TPM
137686_South_Shetlands      19.95      6.08    0.72944      0.002396      0.010287      0.001486      0.002971
W9168_mum                19.85      6.00    0.72227      0.420765      0.216212      0.043731      0.087463
BI3_Bouvetoya            19.85      5.79    0.71466      0.007923      0.055661      0.014779      0.029559
MIAGM13144_Marion_island      19.79      6.15    0.74181      0.135350      0.052473      0.005098      0.010195
CI38_Crozet              19.85      5.74    0.71600      0.037993      0.002954      0.000321      0.000643
KI35_Kergulen            19.49      5.38    0.70362      0.545065      0.242056      0.154351      0.308703
HI9_Heard                19.74      5.23    0.67829      0.512943      0.317104      0.097075      0.194150
MI2253_Macquarie         19.79      5.18    0.67133      0.536768      0.325986      0.192957      0.385915
Population              mean_N    mean_k    mean_He    p_sign_TPM    p_stdv_TPM    p_W_1t_TPM    p_W_2t_TPM
137707_South_Shetlands      19.64      6.46    0.74685      0.049545      0.144872      0.012428      0.024856
W9133_mum                19.33      6.31    0.74520      0.088096      0.018381      0.001735      0.003471
A1018_Bouvetoya          19.95      5.74    0.72192      0.043150      0.047234      0.049324      0.098649
MIAGM13127_Marion_island      19.90      6.21    0.73051      0.112744      0.272325      0.071132      0.142264
CI40_Crozet              19.59      5.77    0.71156      0.095367      0.079411      0.023043      0.046087
KI816_Kergulen           19.49      5.10    0.69039      0.088318      0.017064      0.005978      0.011955
HI5_Heard                19.79      5.23    0.68408      0.467939      0.403149      0.326829      0.653658
MI2267_Macquarie         19.90      5.46    0.69090      0.193455      0.497134      0.359994      0.719987
Population              mean_N    mean_k    mean_He    p_sign_TPM    p_stdv_TPM    p_W_1t_TPM    p_W_2t_TPM
137692_South_Shetlands      19.90      6.10    0.72874      0.004757      0.069013      0.013402      0.026804
W6513/13                 19.79      5.95    0.72460      0.559862      0.147109      0.092369      0.184738
A1041_Bouvetoya          19.95      5.92    0.71985      0.495694      0.047406      0.012159      0.024319
MIAGM13118_Marion_island      19.85      5.82    0.72529      0.019732      0.013559      0.003626      0.007252
CI40_Crozet              19.59      5.79    0.72393      0.000097      0.001802      0.000014      0.000028
KI802_Kergulen           19.49      5.33    0.68656      0.521269      0.439765      0.333501      0.667002
HI9_Heard                19.79      5.41    0.67773      0.549091      0.499380      0.270272      0.540545
MI2259_Macquarie         19.85      5.49    0.70405      0.059592      0.152827      0.036348      0.072695
Population              mean_N    mean_k    mean_He    p_sign_TPM    p_stdv_TPM    p_W_1t_TPM    p_W_2t_TPM
137678_South_Shetlands      20.00      6.26    0.73941      0.016354      0.083744      0.006046      0.012092
W9174_mum                19.79      5.69    0.70191      0.169999      0.382169      0.121218      0.242436
BI23_Bouvetoya           19.79      5.44    0.69227      0.169938      0.047249      0.015506      0.031013
MIAGM13139_Marion_island      19.95      6.21    0.72951      0.421605      0.033166      0.009049      0.018098
CI5_Crozet               19.38      5.62    0.70409      0.014014      0.028378      0.001486      0.002971
KI813_Kergulen           19.49      5.28    0.70206      0.077170      0.030266      0.006245      0.012491
HI9_Heard                19.69      5.28    0.67825      0.504766      0.245347      0.104560      0.209119
MI2262_Macquarie         19.95      5.41    0.70001      0.275562      0.061806      0.033049      0.066098
Population              mean_N    mean_k    mean_He    p_sign_TPM    p_stdv_TPM    p_W_1t_TPM    p_W_2t_TPM
137716_South_Shetlands      19.95      6.31    0.73197      0.066543      0.157722      0.026283      0.052567
W6531/31_pup             20.00      6.44    0.74372      0.016821      0.006641      0.001648      0.003296
A1034_Bouvetoya          19.95      5.82    0.70585      0.271284      0.157184      0.065537      0.131075
MIAGM13141_Marion_island      19.90      6.21    0.71717      0.500623      0.312989      0.115807      0.231613
CI40_Crozet              19.74      5.87    0.71969      0.054485      0.029475      0.009107      0.018213
KI814_Kergulen           19.33      5.26    0.70979      0.028715      0.024041      0.000775      0.001550
HI4_Heard                19.90      5.08    0.68891      0.099732      0.008769      0.001121      0.002242
MI2256_Macquarie         19.85      5.64    0.70709      0.109183      0.114439      0.018138      0.036277
Population              mean_N    mean_k    mean_He    p_sign_TPM    p_stdv_TPM    p_W_1t_TPM    p_W_2t_TPM
137704_South_Shetlands      19.59      6.18    0.72853      0.194462      0.245651      0.112398      0.224797
ATF46                    19.54      5.74    0.71089      0.327236      0.049886      0.019229      0.038457
A1051_Bouvetoya          19.85      5.95    0.72841      0.144482      0.025040      0.009543      0.019087
MIAGM13060_Marion_island      19.95      5.92    0.73463      0.023123      0.042050      0.010784      0.021568
CI5_Crozet               19.69      5.79    0.71248      0.141815      0.060931      0.004782      0.009564
KI814_Kergulen           19.13      5.10    0.68479      0.523734      0.147452      0.055356      0.110712
HI9_Heard                19.69      5.10    0.68516      0.008461      0.024582      0.001202      0.002405
MI2256_Macquarie         20.00      5.33    0.70742      0.013275      0.011666      0.002722      0.005443
Population              mean_N    mean_k    mean_He    p_sign_TPM    p_stdv_TPM    p_W_1t_TPM    p_W_2t_TPM
137720_South_Shetlands      19.64      6.51    0.73358      0.262168      0.378426      0.062607      0.125213
W9161_pup                19.79      5.97    0.73841      0.063723      0.033403      0.005795      0.011591
A1049_Bouvetoya          19.95      5.82    0.70926      0.387639      0.178367      0.107493      0.214987
MIAGM13124_Marion_island      19.95      5.85    0.73286      0.007140      0.001080      0.000010      0.000021
CI5_Crozet               19.69      5.92    0.72383      0.088061      0.022768      0.002722      0.005443
KI812_Kergulen           19.38      5.18    0.68290      0.213322      0.084072      0.021449      0.042898
HI9_Heard                19.74      5.13    0.67311      0.106090      0.157994      0.079138      0.158277
MI2252_Macquarie         19.95      5.05    0.67919      0.489349      0.201289      0.138340      0.276680
Population              mean_N    mean_k    mean_He    p_sign_TPM    p_stdv_TPM    p_W_1t_TPM    p_W_2t_TPM
137709_South_Shetlands      19.74      6.36    0.73758      0.566738      0.171052      0.071132      0.142264
W9134_mum                19.79      6.03    0.72886      0.104651      0.246584      0.085567      0.171134
A1082_Bouvetoya          19.79      5.69    0.71084      0.393576      0.128774      0.065537      0.131075
MIAGM13111_Marion_island      19.79      6.08    0.72382      0.441466      0.289691      0.132257      0.264514
CI39_Crozet              19.69      5.56    0.70457      0.009729      0.017756      0.001521      0.003043
KI795_Kergulen           19.90      5.00    0.66287      0.342897      0.348894      0.186376      0.372752
HI9_Heard                19.69      5.13    0.66983      0.373972      0.248823      0.201344      0.402688
MI2267_Macquarie         19.95      5.54    0.69530      0.480588      0.388385      0.160427      0.320853
