Population              mean_N    mean_k    mean_He    p_sign_TPM    p_stdv_TPM    p_W_1t_TPM    p_W_2t_TPM
137715_South_Shetlands      19.90      5.97    0.69570      0.223821      0.484928      0.447863      0.895725
Y/B134/35                19.85      6.23    0.74253      0.218861      0.111723      0.036348      0.072695
BI8_Bouvetoya            19.85      5.62    0.70457      0.016906      0.043145      0.006812      0.013624
MIAGM13069_Marion_island      19.79      6.03    0.73019      0.448254      0.395218      0.141450      0.282901
CI5_Crozet               19.44      5.79    0.72706      0.000652      0.000266      0.000000      0.000001
KI816_Kergulen           19.59      5.03    0.68018      0.085189      0.050599      0.030422      0.060845
HI9_Heard                19.54      5.38    0.67909      0.089575      0.173868      0.726051      0.557162
MI2261_Macquarie         19.90      5.28    0.68413      0.339394      0.160727      0.198233      0.396465
Population              mean_N    mean_k    mean_He    p_sign_TPM    p_stdv_TPM    p_W_1t_TPM    p_W_2t_TPM
137714_South_Shetlands      19.90      6.08    0.71080      0.520095      0.357362      0.167594      0.335188
Y/B134/35                19.85      6.31    0.74250      0.083859      0.026868      0.000618      0.001236
BI2_Bouvetoya            19.79      5.82    0.70346      0.246813      0.341378      0.231946      0.463892
MIAGM13139_Marion_island      19.79      5.97    0.71965      0.064196      0.177149      0.085567      0.171134
CI5_Crozet               19.44      5.72    0.71307      0.002647      0.003249      0.000056      0.000112
KI816_Kergulen           19.49      5.18    0.69257      0.099114      0.122895      0.069229      0.138457
HI9_Heard                19.59      5.05    0.67511      0.440489      0.297753      0.209250      0.418500
MI2265_Macquarie         19.95      5.54    0.69423      0.521167      0.399327      0.263830      0.527660
Population              mean_N    mean_k    mean_He    p_sign_TPM    p_stdv_TPM    p_W_1t_TPM    p_W_2t_TPM
137715_South_Shetlands      19.59      6.21    0.73926      0.438939      0.047593      0.011079      0.022158
W6558                    19.64      6.00    0.71801      0.525400      0.205685      0.151057      0.302114
BI7_Bouvetoya            19.79      5.56    0.70240      0.111273      0.008285      0.001072      0.002144
MIAGM13137_Marion_island      19.90      6.13    0.73402      0.116737      0.080080      0.043731      0.087463
CI40_Crozet              19.69      5.97    0.72866      0.016864      0.022492      0.000618      0.001236
KI807_Kergulen           19.54      5.31    0.71564      0.077729      0.003222      0.000618      0.001236
HI9_Heard                19.79      5.13    0.68051      0.403767      0.220418      0.190280      0.380559
MI2265_Macquarie         19.90      5.59    0.68811      0.528587      0.343041      0.210522      0.421045
Population              mean_N    mean_k    mean_He    p_sign_TPM    p_stdv_TPM    p_W_1t_TPM    p_W_2t_TPM
137710_South_Shetlands      19.79      6.54    0.74601      0.345091      0.211611      0.132257      0.264514
W9136_mum                19.85      6.03    0.71989      0.378802      0.093141      0.034770      0.069541
A1096_Bouvetoya          19.90      5.85    0.72641      0.259140      0.062252      0.027459      0.054917
MIAGM13144_Marion_island      19.85      6.10    0.72197      0.354053      0.354457      0.197457      0.394915
CI39_Crozet              19.54      5.62    0.70816      0.017601      0.009092      0.000321      0.000643
KI816_Kergulen           19.49      5.26    0.69658      0.110132      0.051161      0.023752      0.047505
HI9_Heard                19.64      5.28    0.68799      0.105613      0.324844      0.193615      0.387231
MI2260_Macquarie         19.69      5.41    0.69234      0.386011      0.330136      0.205275      0.410550
Population              mean_N    mean_k    mean_He    p_sign_TPM    p_stdv_TPM    p_W_1t_TPM    p_W_2t_TPM
137720_South_Shetlands      19.95      6.28    0.73771      0.070026      0.122110      0.053785      0.107569
W6536                    19.74      6.10    0.72694      0.455403      0.371348      0.132257      0.264514
A1068_Bouvetoya          19.64      5.67    0.71659      0.031405      0.068001      0.006046      0.012092
MIAGM13136_Marion_island      19.79      5.97    0.73172      0.033117      0.046218      0.011079      0.022158
CI40_Crozet              19.74      5.87    0.70648      0.088214      0.188324      0.087792      0.175584
KI812_Kergulen           19.23      5.10    0.68728      0.475117      0.094368      0.060811      0.121623
HI9_Heard                19.54      5.28    0.69115      0.120115      0.170550      0.056962      0.113925
MI1664_Macquarie         19.85      5.31    0.69486      0.235651      0.088900      0.032538      0.065076
Population              mean_N    mean_k    mean_He    p_sign_TPM    p_stdv_TPM    p_W_1t_TPM    p_W_2t_TPM
137718_South_Shetlands      19.85      6.23    0.73143      0.543386      0.351159      0.242606      0.485211
W9132_mum                19.74      5.92    0.72177      0.042500      0.053446      0.005003      0.010006
BI17_Bouvetoya           19.79      5.64    0.70823      0.251067      0.113147      0.076320      0.152639
MIAGM13141_Marion_island      19.90      6.10    0.73142      0.450993      0.098967      0.028090      0.056179
CI40_Crozet              19.69      5.92    0.72808      0.011298      0.006954      0.000206      0.000413
KI816_Kergulen           18.97      5.23    0.70098      0.124667      0.095828      0.041149      0.082299
HI9_Heard                19.74      5.18    0.67932      0.252126      0.189942      0.066318      0.132635
MI2259_Macquarie         20.00      5.33    0.68974      0.078408      0.151790      0.044952      0.089904
Population              mean_N    mean_k    mean_He    p_sign_TPM    p_stdv_TPM    p_W_1t_TPM    p_W_2t_TPM
137708_South_Shetlands      19.85      6.44    0.73173      0.423319      0.243603      0.372849      0.745698
W9134_mum                19.69      5.79    0.71737      0.202512      0.451235      0.251363      0.502726
BI8_Bouvetoya            19.95      5.51    0.69558      0.166944      0.085444      0.033639      0.067279
MIAGM13144_Marion_island      19.69      5.87    0.73023      0.001917      0.008278      0.001681      0.003361
CI5_Crozet               19.64      5.77    0.72040      0.000181      0.001380      0.000001      0.000002
KI814_Kergulen           19.13      5.23    0.67855      0.219707      0.153934      0.127569      0.255139
HI7_Heard                19.59      5.18    0.67475      0.534548      0.413082      0.312005      0.624010
MI2264_Macquarie         19.90      5.31    0.66504      0.261186      0.292234      0.147343      0.294686
Population              mean_N    mean_k    mean_He    p_sign_TPM    p_stdv_TPM    p_W_1t_TPM    p_W_2t_TPM
137717_South_Shetlands      19.90      6.15    0.73613      0.298443      0.064470      0.021425      0.042850
ATP34                    19.64      5.85    0.71330      0.443615      0.042478      0.009860      0.019720
BI12_Bouvetoya           20.00      5.69    0.72200      0.042309      0.007958      0.000618      0.001236
MIAGM13121_Marion_island      20.00      6.10    0.71930      0.248121      0.274545      0.163985      0.327971
CI40_Crozet              19.74      5.97    0.73147      0.028510      0.025339      0.000558      0.001116
KI805_Kergulen           19.69      5.31    0.70199      0.166468      0.049607      0.034770      0.069541
HI9_Heard                19.69      5.03    0.68002      0.197288      0.176938      0.047842      0.095683
MI2270_Macquarie         19.90      5.54    0.70141      0.152099      0.062936      0.028419      0.056839
Population              mean_N    mean_k    mean_He    p_sign_TPM    p_stdv_TPM    p_W_1t_TPM    p_W_2t_TPM
137696_South_Shetlands      19.85      6.28    0.73274      0.099456      0.128855      0.033049      0.066098
W9164_pup                19.69      5.90    0.71911      0.290487      0.206753      0.123475      0.246950
BI10_Bouvetoya           19.85      5.51    0.70278      0.097471      0.021729      0.011192      0.022383
MIAGM13136_Marion_island      19.90      6.13    0.72064      0.218045      0.161997      0.093284      0.186569
CI5_Crozet               19.59      5.67    0.70790      0.000045      0.003586      0.000000      0.000001
KI807_Kergulen           19.69      5.21    0.67561      0.471555      0.369494      0.287868      0.575736
HI5_Heard                19.79      5.18    0.67467      0.261673      0.201278      0.099554      0.199107
MI2248_Macquarie         19.85      5.41    0.68009      0.407802      0.343569      0.236369      0.472737
Population              mean_N    mean_k    mean_He    p_sign_TPM    p_stdv_TPM    p_W_1t_TPM    p_W_2t_TPM
137719_South_Shetlands      19.95      6.46    0.72658      0.314230      0.119955      0.557590      0.895725
AGP11083                 19.85      5.97    0.72809      0.041688      0.177748      0.021449      0.042898
A1100_Bouvetoya          19.79      5.87    0.71688      0.117827      0.049077      0.016718      0.033436
MIAGM13143_Marion_island      19.95      5.95    0.73036      0.048572      0.046049      0.004782      0.009564
CI5_Crozet               19.49      5.74    0.70612      0.019909      0.013682      0.001341      0.002681
KI816_Kergulen           19.44      5.33    0.68680      0.326091      0.408732      0.404596      0.809191
HI5_Heard                19.74      5.23    0.68560      0.235552      0.107657      0.012649      0.025299
MI1680_Macquarie         20.00      5.44    0.69231      0.429132      0.483698      0.225587      0.451174
Population              mean_N    mean_k    mean_He    p_sign_TPM    p_stdv_TPM    p_W_1t_TPM    p_W_2t_TPM
137706_South_Shetlands      19.95      6.36    0.72390      0.342417      0.335019      0.197457      0.394915
W6515/15_pup             19.85      6.28    0.72316      0.455152      0.450857      0.283250      0.566500
BI18_Bouvetoya           19.95      5.92    0.72145      0.006579      0.022772      0.001486      0.002971
MIAGM13131_Marion_island      19.95      6.15    0.72102      0.565921      0.313723      0.367633      0.735266
CI40_Crozet              19.64      6.00    0.73560      0.000081      0.001352      0.000030      0.000059
KI796_Kergulen           19.54      5.33    0.70825      0.029358      0.016577      0.005322      0.010643
HI9_Heard                19.74      4.97    0.67292      0.129994      0.037331      0.005471      0.010943
MI2256_Macquarie         19.85      5.23    0.68437      0.288914      0.199465      0.103842      0.207683
Population              mean_N    mean_k    mean_He    p_sign_TPM    p_stdv_TPM    p_W_1t_TPM    p_W_2t_TPM
137719_South_Shetlands      19.85      6.36    0.73023      0.556985      0.453415      0.292696      0.585392
ATP25                    19.54      5.87    0.71342      0.327104      0.281889      0.058604      0.117209
BI25_Bouvetoya           19.90      5.51    0.70100      0.215147      0.048285      0.022179      0.044358
MIAGM13135_Marion_island      19.95      6.10    0.72347      0.282460      0.232793      0.167989      0.335977
CI39_Crozet              19.69      5.82    0.72028      0.003891      0.005430      0.000161      0.000322
KI816_Kergulen           19.49      5.36    0.69093      0.249618      0.240566      0.107493      0.214987
HI9_Heard                19.64      5.28    0.67866      0.281358      0.470034      0.251363      0.502726
MI2270_Macquarie         19.95      5.08    0.67465      0.346165      0.311408      0.223238      0.446475
Population              mean_N    mean_k    mean_He    p_sign_TPM    p_stdv_TPM    p_W_1t_TPM    p_W_2t_TPM
137709_South_Shetlands      19.90      5.92    0.73829      0.477686      0.186875      0.092369      0.184738
ATP13                    19.85      6.13    0.71208      0.344367      0.219280      0.135276      0.270551
2280_Bouvetoya           19.90      5.77    0.70733      0.106114      0.153607      0.006643      0.013285
MIAGM13115_Marion_island      19.90      5.87    0.71006      0.092491      0.058160      0.013680      0.027359
CI40_Crozet              19.64      5.79    0.71987      0.012204      0.010151      0.000862      0.001725
KI813_Kergulen           19.69      5.21    0.68707      0.286787      0.185150      0.167989      0.335977
HI9_Heard                19.79      5.31    0.67776      0.560416      0.412962      0.530241      0.950500
MI2269_Macquarie         19.95      5.41    0.68538      0.471716      0.274066      0.107493      0.214987
Population              mean_N    mean_k    mean_He    p_sign_TPM    p_stdv_TPM    p_W_1t_TPM    p_W_2t_TPM
137673_South_Shetlands      19.90      6.23    0.72174      0.295448      0.482521      0.326829      0.653658
W6550                    19.95      6.23    0.71556      0.323132      0.298710      0.546675      0.917591
A1091_Bouvetoya          19.90      5.74    0.70631      0.010604      0.065281      0.009107      0.018213
MIAGM13106_Marion_island      19.90      6.21    0.71967      0.490526      0.431084      0.225587      0.451174
CI5_Crozet               19.54      5.62    0.71502      0.003991      0.004784      0.000096      0.000192
KI810_Kergulen           19.54      5.00    0.67972      0.289782      0.061609      0.012428      0.024856
HI5_Heard                19.79      5.15    0.68799      0.207054      0.042871      0.021449      0.042898
MI2267_Macquarie         19.90      5.13    0.66828      0.356859      0.469398      0.249904      0.499808
Population              mean_N    mean_k    mean_He    p_sign_TPM    p_stdv_TPM    p_W_1t_TPM    p_W_2t_TPM
137722_South_Shetlands      19.79      6.23    0.73459      0.429056      0.310953      0.117847      0.235693
W6164/65                 19.64      6.00    0.73426      0.061820      0.076703      0.024573      0.049146
BI1_Bouvetoya            19.85      5.92    0.72293      0.190669      0.030799      0.003917      0.007835
MIAGM13122_Marion_island      20.00      5.87    0.72159      0.065690      0.045785      0.013913      0.027825
CI5_Crozet               19.54      5.79    0.71741      0.071285      0.008491      0.000968      0.001936
KI816_Kergulen           19.59      5.44    0.69972      0.465047      0.141567      0.079138      0.158277
HI5_Heard                19.64      5.31    0.68876      0.257117      0.251112      0.150049      0.300097
MI2258_Macquarie         19.90      5.33    0.69782      0.193294      0.091448      0.041149      0.082299
Population              mean_N    mean_k    mean_He    p_sign_TPM    p_stdv_TPM    p_W_1t_TPM    p_W_2t_TPM
137715_South_Shetlands      19.90      6.18    0.72596      0.222429      0.174559      0.038689      0.077379
W9170_pup                19.64      6.23    0.71592      0.037646      0.162561      0.060811      0.121623
BI25_Bouvetoya           20.00      5.62    0.70297      0.033173      0.021316      0.025416      0.050833
MIAGM13126_Marion_island      20.00      6.15    0.69757      0.399209      0.435500      0.338740      0.677480
CI5_Crozet               19.49      5.87    0.72506      0.016864      0.002682      0.000100      0.000200
KI807_Kergulen           19.23      5.26    0.68914      0.538343      0.134816      0.087400      0.174800
HI9_Heard                19.69      5.18    0.67434      0.132598      0.401672      0.133745      0.267489
MI2265_Macquarie         19.79      5.23    0.67373      0.237078      0.312988      0.130615      0.261230
Population              mean_N    mean_k    mean_He    p_sign_TPM    p_stdv_TPM    p_W_1t_TPM    p_W_2t_TPM
137685_South_Shetlands      19.69      6.15    0.73074      0.320018      0.412823      0.094721      0.189442
W6536/36_FWB_pup         19.95      6.36    0.74529      0.148741      0.080806      0.018617      0.037235
BI7_Bouvetoya            19.85      6.08    0.71986      0.357941      0.206762      0.050853      0.101706
MIAGM13141_Marion_island      19.85      5.82    0.72041      0.022954      0.003957      0.000490      0.000979
CI5_Crozet               19.74      5.82    0.72179      0.059645      0.002555      0.000490      0.000979
KI810_Kergulen           19.44      5.08    0.69036      0.159665      0.147012      0.063749      0.127497
HI7_Heard                19.49      5.21    0.69550      0.407211      0.099250      0.049277      0.098554
MI2251_Macquarie         19.95      5.31    0.69137      0.399215      0.365740      0.061997      0.123994
Population              mean_N    mean_k    mean_He    p_sign_TPM    p_stdv_TPM    p_W_1t_TPM    p_W_2t_TPM
137679_South_Shetlands      19.85      6.08    0.70460      0.262377      0.241050      0.545643      0.920085
W9165_pup                19.79      6.21    0.73115      0.020297      0.083446      0.005471      0.010943
A1083_Bouvetoya          19.95      6.03    0.71185      0.250217      0.411921      0.214714      0.429428
MIAGM13135_Marion_island      19.85      6.13    0.71234      0.504309      0.336581      0.370786      0.741572
CI40_Crozet              19.69      5.64    0.70588      0.054338      0.076580      0.001766      0.003531
KI810_Kergulen           19.38      5.33    0.69197      0.412370      0.229756      0.093284      0.186569
HI9_Heard                19.85      5.33    0.68127      0.222175      0.418335      0.273949      0.547898
MI2264_Macquarie         19.90      5.46    0.69300      0.520487      0.218585      0.124555      0.249111
Population              mean_N    mean_k    mean_He    p_sign_TPM    p_stdv_TPM    p_W_1t_TPM    p_W_2t_TPM
137723_South_Shetlands      20.00      6.28    0.73401      0.223303      0.058257      0.014221      0.028441
W6533                    19.69      6.03    0.72332      0.069341      0.069512      0.006523      0.013047
A1057_Bouvetoya          19.64      5.82    0.71851      0.062389      0.030873      0.001496      0.002992
MIAGM13142_Marion_island      19.64      6.03    0.71580      0.252611      0.258966      0.634623      0.741572
CI39_Crozet              19.59      5.85    0.70958      0.130694      0.060150      0.010784      0.021568
KI813_Kergulen           19.69      5.33    0.69673      0.007268      0.027671      0.013156      0.026312
HI9_Heard                19.90      5.08    0.66240      0.392314      0.143931      0.130632      0.261265
MI2267_Macquarie         20.00      5.56    0.70661      0.233644      0.018424      0.009943      0.019885
Population              mean_N    mean_k    mean_He    p_sign_TPM    p_stdv_TPM    p_W_1t_TPM    p_W_2t_TPM
137714_South_Shetlands      19.90      5.72    0.71391      0.035377      0.033914      0.003270      0.006540
ATF43                    19.79      5.92    0.72034      0.211432      0.218882      0.104560      0.209119
A1087_Bouvetoya          19.79      5.77    0.71592      0.081264      0.055891      0.004365      0.008731
MIAGM13139_Marion_island      19.90      6.03    0.72784      0.033698      0.040357      0.008406      0.016812
CI5_Crozet               19.59      5.72    0.72718      0.000020      0.000372      0.000002      0.000004
KI5_Kergulen             19.23      5.51    0.69725      0.440498      0.319924      0.186067      0.372133
HI3_Heard                19.79      5.33    0.69159      0.394447      0.146160      0.081240      0.162480
MI2249_Macquarie         19.90      5.15    0.67727      0.388496      0.047618      0.035220      0.070440
Population              mean_N    mean_k    mean_He    p_sign_TPM    p_stdv_TPM    p_W_1t_TPM    p_W_2t_TPM
137650_South_Shetlands      19.95      6.05    0.73266      0.568318      0.250532      0.107128      0.214257
W9171_mum                19.74      5.74    0.71038      0.193769      0.021500      0.005532      0.011064
BI1_Bouvetoya            19.49      5.56    0.72225      0.000797      0.002351      0.000916      0.001833
MIAGM13144_Marion_island      19.54      5.95    0.72189      0.041062      0.012857      0.003626      0.007252
CI40_Crozet              19.79      5.92    0.72122      0.097125      0.028622      0.012907      0.025814
KI814_Kergulen           19.49      5.38    0.69814      0.513132      0.299231      0.129284      0.258568
HI9_Heard                19.49      5.26    0.67683      0.541493      0.479950      0.209250      0.418500
MI2258_Macquarie         19.95      5.18    0.67553      0.328482      0.034875      0.031466      0.062932
Population              mean_N    mean_k    mean_He    p_sign_TPM    p_stdv_TPM    p_W_1t_TPM    p_W_2t_TPM
137723_South_Shetlands      20.00      6.15    0.73414      0.445603      0.491964      0.242606      0.485211
SG28_South_Georgia       20.00      6.21    0.73144      0.207882      0.109678      0.065537      0.131075
A1085_Bouvetoya          19.74      5.72    0.70817      0.029820      0.065724      0.033776      0.067553
MIAGM13130_Marion_island      19.95      6.33    0.73584      0.093528      0.120107      0.006245      0.012491
CI5_Crozet               19.49      5.69    0.71244      0.095017      0.030506      0.003746      0.007492
KI796_Kergulen           19.49      5.18    0.69059      0.273648      0.125508      0.037504      0.075008
HI9_Heard                19.59      5.23    0.68142      0.447509      0.375078      0.229779      0.459558
MI2259_Macquarie         19.85      5.10    0.67662      0.161236      0.364657      0.321856      0.643713
Population              mean_N    mean_k    mean_He    p_sign_TPM    p_stdv_TPM    p_W_1t_TPM    p_W_2t_TPM
137712_South_Shetlands      19.59      6.15    0.73912      0.053438      0.005709      0.000499      0.000997
W6558                    19.85      5.92    0.72290      0.428704      0.349504      0.209250      0.418500
A1096_Bouvetoya          19.85      5.44    0.68110      0.528147      0.380930      0.268557      0.537113
MIAGM13114_Marion_island      20.00      6.18    0.73333      0.241163      0.026142      0.005720      0.011439
CI5_Crozet               19.74      5.90    0.72350      0.004983      0.004725      0.000583      0.001166
KI807_Kergulen           19.18      5.31    0.69506      0.034883      0.239715      0.042210      0.084421
HI9_Heard                19.90      5.26    0.68709      0.543165      0.252165      0.127569      0.255139
MI2255_Macquarie         19.90      5.44    0.68465      0.078003      0.177171      0.032211      0.064423
Population              mean_N    mean_k    mean_He    p_sign_TPM    p_stdv_TPM    p_W_1t_TPM    p_W_2t_TPM
137673_South_Shetlands      19.95      6.03    0.72107      0.169139      0.137263      0.092369      0.184738
W9138_mum                19.79      6.00    0.70615      0.417325      0.412305      0.491745      0.983491
BI24_Bouvetoya           19.85      5.82    0.71465      0.009240      0.004253      0.000734      0.001468
MIAGM13141_Marion_island      19.79      5.77    0.71431      0.208953      0.186291      0.049277      0.098554
CI5_Crozet               19.49      5.72    0.71510      0.052189      0.028931      0.004281      0.008562
KI813_Kergulen           19.69      5.13    0.66872      0.274165      0.466710      0.454357      0.908714
HI5_Heard                19.74      5.33    0.69700      0.106440      0.160848      0.087792      0.175584
MI2267_Macquarie         19.90      5.62    0.69448      0.497927      0.476276      0.263830      0.527660
Population              mean_N    mean_k    mean_He    p_sign_TPM    p_stdv_TPM    p_W_1t_TPM    p_W_2t_TPM
137691_South_Shetlands      19.74      6.08    0.72970      0.199733      0.079866      0.037504      0.075008
W6528/28_pup             19.85      6.13    0.71740      0.544157      0.486309      0.242606      0.485211
A1098_Bouvetoya          19.79      5.82    0.70922      0.113040      0.043589      0.021939      0.043879
MIAGM13124_Marion_island      19.95      5.69    0.72853      0.000711      0.003688      0.000490      0.000979
CI39_Crozet              19.54      5.82    0.72661      0.000400      0.002160      0.000027      0.000055
KI814_Kergulen           19.69      5.13    0.66799      0.207598      0.113749      0.094587      0.189174
HI7_Heard                19.74      5.26    0.69494      0.247357      0.068722      0.031466      0.062932
MI2260_Macquarie         19.95      5.54    0.69056      0.534219      0.295087      0.311248      0.622495
Population              mean_N    mean_k    mean_He    p_sign_TPM    p_stdv_TPM    p_W_1t_TPM    p_W_2t_TPM
137685_South_Shetlands      19.95      6.56    0.73705      0.069044      0.132148      0.026283      0.052567
W9170_pup                19.69      6.26    0.73161      0.509921      0.143942      0.094587      0.189174
BI5_Bouvetoya            19.79      5.67    0.71523      0.021176      0.006865      0.000342      0.000683
MIAGM13139_Marion_island      19.95      6.28    0.73109      0.026849      0.043392      0.029995      0.059991
CI40_Crozet              19.90      5.74    0.71872      0.057537      0.014425      0.001766      0.003531
KI806_Kergulen           19.38      5.03    0.67793      0.078456      0.065112      0.015356      0.030713
HI7_Heard                19.74      5.18    0.69269      0.203420      0.119991      0.079138      0.158277
MI2252_Macquarie         19.95      5.67    0.70341      0.073928      0.416839      0.124555      0.249111
Population              mean_N    mean_k    mean_He    p_sign_TPM    p_stdv_TPM    p_W_1t_TPM    p_W_2t_TPM
137718_South_Shetlands      19.85      6.13    0.71438      0.266466      0.280424      0.156918      0.313835
W9170_mum                19.54      6.00    0.72060      0.338391      0.099274      0.062607      0.125213
A1100_Bouvetoya          19.95      5.82    0.69849      0.473194      0.444465      0.312869      0.625738
MIAGM13055_Marion_island      19.95      6.31    0.72927      0.405510      0.461494      0.133745      0.267489
CI5_Crozet               19.64      5.69    0.71128      0.037318      0.016688      0.000733      0.001466
KI812_Kergulen           19.28      5.28    0.68968      0.086697      0.440548      0.167594      0.335188
HI7_Heard                19.85      5.38    0.68493      0.523507      0.309985      0.178715      0.357431
MI2260_Macquarie         20.00      5.36    0.66694      0.483987      0.284510      0.150049      0.300097
Population              mean_N    mean_k    mean_He    p_sign_TPM    p_stdv_TPM    p_W_1t_TPM    p_W_2t_TPM
137723_South_Shetlands      19.79      6.15    0.72500      0.516490      0.258494      0.064442      0.128884
W6552                    19.74      5.87    0.71704      0.563929      0.293607      0.229779      0.459558
BI24_Bouvetoya           19.64      5.79    0.71248      0.024776      0.005795      0.000414      0.000827
MIAGM13111_Marion_island      19.85      6.03    0.72943      0.004325      0.016908      0.000182      0.000365
CI40_Crozet              19.74      5.97    0.71936      0.229234      0.092952      0.004782      0.009564
KI807_Kergulen           19.08      5.10    0.68196      0.392484      0.165613      0.167989      0.335977
HI9_Heard                19.90      5.31    0.68066      0.401843      0.369148      0.336864      0.673729
MI1645_Macquarie         19.85      5.31    0.68557      0.388527      0.266828      0.034121      0.068242
Population              mean_N    mean_k    mean_He    p_sign_TPM    p_stdv_TPM    p_W_1t_TPM    p_W_2t_TPM
137723_South_Shetlands      19.74      6.46    0.75467      0.088916      0.184099      0.049277      0.098554
W6514/14_pup             19.79      6.26    0.74099      0.124050      0.031150      0.005554      0.011108
A1094_Bouvetoya          19.64      5.64    0.68714      0.291842      0.085335      0.032627      0.065254
MIAGM13130_Marion_island      19.90      6.26    0.73397      0.427170      0.158771      0.056962      0.113925
CI5_Crozet               19.59      5.64    0.71242      0.008095      0.001194      0.000033      0.000065
KI812_Kergulen           19.38      5.18    0.69418      0.295631      0.116106      0.021425      0.042850
HI9_Heard                19.64      5.00    0.68250      0.124730      0.062958      0.015544      0.031088
MI2269_Macquarie         19.90      5.54    0.69961      0.205970      0.455743      0.129284      0.258568
Population              mean_N    mean_k    mean_He    p_sign_TPM    p_stdv_TPM    p_W_1t_TPM    p_W_2t_TPM
137720_South_Shetlands      19.59      6.38    0.73204      0.118273      0.449651      0.123475      0.246950
W9168_pup                19.79      6.05    0.73362      0.035584      0.018572      0.000122      0.000245
A1091_Bouvetoya          19.64      5.69    0.70272      0.275403      0.022024      0.008296      0.016591
MIAGM13142_Marion_island      19.74      6.38    0.73392      0.172107      0.499945      0.171252      0.342503
CI5_Crozet               19.49      5.72    0.71214      0.027305      0.006256      0.000048      0.000097
KI801_Kergulen           19.79      5.28    0.68908      0.122244      0.075915      0.042425      0.084850
HI9_Heard                19.79      5.38    0.68593      0.510024      0.282424      0.210522      0.421045
MI2264_Macquarie         19.79      5.13    0.67312      0.536478      0.374718      0.254503      0.509007
Population              mean_N    mean_k    mean_He    p_sign_TPM    p_stdv_TPM    p_W_1t_TPM    p_W_2t_TPM
137699_South_Shetlands      19.90      6.10    0.72646      0.079069      0.106096      0.058604      0.117209
W6558                    19.95      5.92    0.70537      0.287310      0.405588      0.584673      0.841433
A1098_Bouvetoya          19.90      5.87    0.70845      0.056238      0.057515      0.024519      0.049038
MIAGM13120_Marion_island      19.95      6.13    0.72766      0.262042      0.174468      0.076320      0.152639
CI5_Crozet               19.64      5.85    0.70107      0.219151      0.254550      0.034770      0.069541
KI816_Kergulen           19.49      5.23    0.68173      0.534937      0.198355      0.123475      0.246950
HI9_Heard                19.90      5.23    0.68881      0.020401      0.084508      0.038347      0.076694
MI2258_Macquarie         19.95      5.51    0.69939      0.291702      0.328814      0.115100      0.230200
Population              mean_N    mean_k    mean_He    p_sign_TPM    p_stdv_TPM    p_W_1t_TPM    p_W_2t_TPM
137709_South_Shetlands      19.95      6.08    0.74625      0.133452      0.098954      0.009475      0.018950
W6515/15_pup             19.69      5.95    0.72842      0.006458      0.019750      0.002468      0.004935
A1089_Bouvetoya          19.74      6.10    0.71972      0.140767      0.088671      0.013156      0.026312
MIAGM13118_Marion_island      19.95      6.28    0.73161      0.176674      0.095004      0.014221      0.028441
CI5_Crozet               19.54      5.72    0.71302      0.026676      0.016021      0.001010      0.002021
KI814_Kergulen           19.44      5.13    0.68553      0.083292      0.014291      0.004169      0.008338
HI9_Heard                19.69      5.44    0.68977      0.213752      0.344353      0.225587      0.451174
MI2255_Macquarie         19.90      5.18    0.69586      0.073749      0.042410      0.024734      0.049468
Population              mean_N    mean_k    mean_He    p_sign_TPM    p_stdv_TPM    p_W_1t_TPM    p_W_2t_TPM
137722_South_Shetlands      19.90      6.41    0.72767      0.203483      0.320911      0.475250      0.950500
W6756                    19.79      5.87    0.72562      0.193472      0.059498      0.017965      0.035930
BI24_Bouvetoya           19.74      5.74    0.71430      0.189365      0.053198      0.014440      0.028879
MIAGM13127_Marion_island      19.95      6.23    0.72361      0.532177      0.150084      0.058604      0.117209
CI5_Crozet               19.59      5.46    0.70871      0.001872      0.002140      0.000007      0.000013
KI814_Kergulen           19.38      5.03    0.67937      0.089091      0.011831      0.001200      0.002399
HI7_Heard                19.64      5.31    0.67286      0.198885      0.231469      0.697717      0.614255
MI2258_Macquarie         19.95      5.62    0.70281      0.351024      0.226910      0.133745      0.267489
Population              mean_N    mean_k    mean_He    p_sign_TPM    p_stdv_TPM    p_W_1t_TPM    p_W_2t_TPM
137708_South_Shetlands      19.95      6.15    0.71376      0.459108      0.217783      0.273324      0.546649
W9135_pup                19.90      5.82    0.71710      0.084888      0.088825      0.020686      0.041373
A1066_Bouvetoya          19.95      5.59    0.70905      0.244521      0.037529      0.013680      0.027359
MIAGM13131_Marion_island      19.79      6.05    0.72918      0.053726      0.045194      0.006046      0.012092
CI39_Crozet              19.64      5.56    0.70012      0.058350      0.055618      0.013913      0.027825
KI814_Kergulen           19.44      5.28    0.68668      0.498897      0.233089      0.175083      0.350166
HI5_Heard                19.64      5.10    0.68606      0.053150      0.033079      0.006305      0.012611
MI2270_Macquarie         19.85      5.38    0.69727      0.197370      0.068385      0.030987      0.061974
Population              mean_N    mean_k    mean_He    p_sign_TPM    p_stdv_TPM    p_W_1t_TPM    p_W_2t_TPM
137702_South_Shetlands      19.79      5.82    0.72371      0.219554      0.420814      0.189818      0.379637
W9165_pup                19.64      6.08    0.72816      0.007073      0.017080      0.001735      0.003471
A1093_Bouvetoya          19.79      5.95    0.71990      0.219918      0.034052      0.005978      0.011955
MIAGM13125_Marion_island      19.79      6.13    0.72316      0.298514      0.219249      0.132257      0.264514
CI5_Crozet               19.64      5.92    0.72151      0.028928      0.037992      0.014983      0.029967
KI816_Kergulen           19.74      5.36    0.69798      0.012977      0.027771      0.015544      0.031088
HI7_Heard                19.74      5.33    0.69124      0.461437      0.292255      0.065537      0.131075
MI2269_Macquarie         19.95      5.23    0.67478      0.100230      0.419292      0.359994      0.719987
Population              mean_N    mean_k    mean_He    p_sign_TPM    p_stdv_TPM    p_W_1t_TPM    p_W_2t_TPM
137717_South_Shetlands      19.90      6.26    0.71742      0.305140      0.396733      0.283250      0.566500
W9163_pup                19.95      5.95    0.71794      0.138882      0.117764      0.076320      0.152639
BI22_Bouvetoya           19.74      5.77    0.72225      0.212859      0.178937      0.056962      0.113925
MIAGM13118_Marion_island      20.00      5.77    0.71822      0.029782      0.064556      0.005554      0.011108
CI5_Crozet               19.54      5.64    0.71441      0.007937      0.004773      0.000053      0.000106
KI816_Kergulen           19.59      5.13    0.68547      0.281607      0.063391      0.033049      0.066098
HI7_Heard                19.69      5.41    0.70344      0.536868      0.321311      0.171513      0.343026
MI2265_Macquarie         19.95      5.49    0.66777      0.169177      0.122922      0.832406      0.342503
Population              mean_N    mean_k    mean_He    p_sign_TPM    p_stdv_TPM    p_W_1t_TPM    p_W_2t_TPM
137716_South_Shetlands      19.74      6.26    0.73839      0.430963      0.386046      0.112398      0.224797
W6512/12                 19.54      5.79    0.72173      0.315387      0.140321      0.083383      0.166766
A1080_Bouvetoya          19.95      5.95    0.70838      0.311139      0.107732      0.033776      0.067553
MIAGM13065_Marion_island      19.85      5.85    0.70479      0.558000      0.221138      0.120638      0.241276
CI5_Crozet               19.44      5.67    0.71647      0.000136      0.000861      0.000011      0.000022
KI816_Kergulen           19.33      5.23    0.69592      0.041235      0.044515      0.015356      0.030713
HI7_Heard                19.54      5.10    0.67741      0.237024      0.476248      0.541204      0.928548
MI2252_Macquarie         19.85      5.56    0.70912      0.078625      0.063294      0.013680      0.027359
Population              mean_N    mean_k    mean_He    p_sign_TPM    p_stdv_TPM    p_W_1t_TPM    p_W_2t_TPM
137710_South_Shetlands      19.79      6.23    0.73327      0.297885      0.058536      0.022955      0.045909
W9166_pup                19.74      6.15    0.72014      0.223496      0.320458      0.078448      0.156895
A1061_Bouvetoya          19.85      5.72    0.70446      0.041849      0.096479      0.019229      0.038457
MIAGM13126_Marion_island      19.69      6.08    0.73129      0.351330      0.119744      0.030987      0.061974
CI38_Crozet              19.64      5.79    0.72829      0.000003      0.000747      0.000001      0.000002
KI812_Kergulen           19.69      5.21    0.68852      0.322827      0.143097      0.043564      0.087128
HI9_Heard                19.90      5.03    0.67345      0.467668      0.119633      0.075056      0.150111
MI2252_Macquarie         19.85      5.33    0.70671      0.004191      0.003055      0.000263      0.000526
Population              mean_N    mean_k    mean_He    p_sign_TPM    p_stdv_TPM    p_W_1t_TPM    p_W_2t_TPM
137709_South_Shetlands      19.79      6.03    0.72678      0.096940      0.037081      0.007423      0.014845
W9173_pup                19.64      6.05    0.71248      0.382121      0.446037      0.163985      0.327971
BI18_Bouvetoya           19.69      5.64    0.70890      0.024488      0.020761      0.006046      0.012092
MIAGM13140_Marion_island      19.85      6.05    0.72593      0.458683      0.129400      0.033049      0.066098
CI40_Crozet              19.49      5.69    0.71588      0.004536      0.010516      0.000053      0.000106
KI812_Kergulen           19.49      5.21    0.69667      0.000899      0.035863      0.000674      0.001348
HI7_Heard                19.69      5.05    0.67590      0.038939      0.273344      0.024734      0.049468
MI2265_Macquarie         19.90      5.62    0.69537      0.377524      0.291008      0.123475      0.246950
Population              mean_N    mean_k    mean_He    p_sign_TPM    p_stdv_TPM    p_W_1t_TPM    p_W_2t_TPM
137714_South_Shetlands      19.90      6.08    0.71244      0.281064      0.449875      0.297472      0.594945
W9137_mum                19.38      5.85    0.72392      0.006925      0.076493      0.012649      0.025299
A1083_Bouvetoya          19.90      5.64    0.70598      0.099043      0.036272      0.021131      0.042262
MIAGM13139_Marion_island      19.90      6.08    0.73449      0.423391      0.254017      0.087792      0.175584
CI5_Crozet               19.54      5.77    0.72391      0.000312      0.001921      0.000064      0.000129
KI816_Kergulen           19.54      5.26    0.68815      0.171391      0.104335      0.043731      0.087463
HI7_Heard                19.74      5.51    0.70229      0.305497      0.253446      0.132257      0.264514
MI2250_Macquarie         19.95      5.15    0.67618      0.038321      0.088756      0.030422      0.060845
Population              mean_N    mean_k    mean_He    p_sign_TPM    p_stdv_TPM    p_W_1t_TPM    p_W_2t_TPM
137696_South_Shetlands      19.90      6.26    0.73937      0.115244      0.058274      0.006853      0.013707
W6516/16                 19.95      5.92    0.71849      0.134851      0.089290      0.022179      0.044358
A1052_Bouvetoya          20.00      5.72    0.69906      0.393008      0.283234      0.251363      0.502726
MIAGM13110_Marion_island      19.95      5.95    0.72566      0.448422      0.079630      0.045069      0.090139
CI40_Crozet              19.74      5.95    0.73038      0.011440      0.006242      0.000375      0.000749
KI810_Kergulen           19.59      5.28    0.69639      0.427336      0.119650      0.056962      0.113925
HI4_Heard                19.64      5.28    0.69099      0.495745      0.163187      0.081240      0.162480
MI2264_Macquarie         20.00      5.33    0.67679      0.251274      0.281459      0.153458      0.306917
Population              mean_N    mean_k    mean_He    p_sign_TPM    p_stdv_TPM    p_W_1t_TPM    p_W_2t_TPM
137722_South_Shetlands      19.85      6.28    0.73438      0.191389      0.298852      0.073074      0.146148
W5737/38                 19.79      5.95    0.71780      0.132646      0.102248      0.019229      0.038457
BI12_Bouvetoya           19.95      5.97    0.70752      0.517164      0.344170      0.160427      0.320853
MIAGM13130_Marion_island      20.00      5.62    0.70918      0.146573      0.015784      0.001486      0.002971
CI39_Crozet              19.74      5.92    0.72765      0.015242      0.003426      0.000267      0.000534
KI812_Kergulen           19.38      5.38    0.70365      0.025343      0.026405      0.004586      0.009172
HI7_Heard                19.64      5.08    0.67854      0.112043      0.349600      0.104560      0.209119
MI2256_Macquarie         19.85      5.54    0.69310      0.526984      0.265961      0.178699      0.357397
Population              mean_N    mean_k    mean_He    p_sign_TPM    p_stdv_TPM    p_W_1t_TPM    p_W_2t_TPM
137712_South_Shetlands      19.79      6.21    0.72866      0.234974      0.375767      0.151057      0.302114
W6512/12                 19.69      6.00    0.71893      0.308257      0.348922      0.132257      0.264514
BI5_Bouvetoya            19.95      5.92    0.71761      0.210592      0.072415      0.046439      0.092879
MIAGM13134_Marion_island      19.90      6.18    0.72282      0.170230      0.148778      0.021449      0.042898
CI40_Crozet              19.69      6.00    0.72560      0.018933      0.041297      0.002998      0.005996
KI813_Kergulen           19.33      5.23    0.69974      0.040050      0.020649      0.003800      0.007599
HI7_Heard                19.85      4.95    0.67249      0.548852      0.330067      0.117847      0.235693
MI1662_Macquarie         19.95      4.95    0.68105      0.185826      0.149053      0.032627      0.065254
Population              mean_N    mean_k    mean_He    p_sign_TPM    p_stdv_TPM    p_W_1t_TPM    p_W_2t_TPM
137686_South_Shetlands      19.85      6.44    0.73790      0.434466      0.285178      0.050746      0.101491
W17                      19.59      6.26    0.72129      0.071629      0.192704      0.034770      0.069541
A1098_Bouvetoya          19.90      5.85    0.71183      0.192681      0.211734      0.143890      0.287781
MIAGM13135_Marion_island      19.79      5.92    0.72245      0.112252      0.068937      0.029995      0.059991
CI5_Crozet               19.64      5.62    0.71096      0.002106      0.001639      0.000046      0.000091
KI801_Kergulen           19.49      5.33    0.69231      0.448430      0.099863      0.074235      0.148469
HI5_Heard                19.59      5.13    0.67171      0.242976      0.233425      0.112398      0.224797
MI2264_Macquarie         20.00      5.49    0.69055      0.506022      0.423707      0.454357      0.908714
Population              mean_N    mean_k    mean_He    p_sign_TPM    p_stdv_TPM    p_W_1t_TPM    p_W_2t_TPM
137701_South_Shetlands      19.90      6.36    0.73747      0.218188      0.199930      0.081240      0.162480
W9138_pup                19.44      5.85    0.71734      0.360026      0.195682      0.070317      0.140633
BI22_Bouvetoya           19.74      5.59    0.70744      0.029689      0.100326      0.014440      0.028879
MIAGM13133_Marion_island      19.85      6.05    0.71707      0.483038      0.140314      0.078448      0.156895
CI5_Crozet               19.59      5.82    0.71721      0.004056      0.028644      0.001947      0.003894
KI812_Kergulen           19.54      5.18    0.68817      0.056818      0.007541      0.000715      0.001430
HI5_Heard                19.85      5.03    0.68555      0.173410      0.010086      0.003422      0.006844
MI2262_Macquarie         19.90      5.44    0.68865      0.462023      0.275955      0.112987      0.225975
Population              mean_N    mean_k    mean_He    p_sign_TPM    p_stdv_TPM    p_W_1t_TPM    p_W_2t_TPM
137723_South_Shetlands      19.95      6.21    0.72481      0.239118      0.177995      0.025616      0.051233
W9163_mum                20.00      6.23    0.71336      0.264363      0.349870      0.140118      0.280235
A1100_Bouvetoya          19.90      5.85    0.72083      0.001992      0.001092      0.000057      0.000114
MIAGM13143_Marion_island      19.90      6.33    0.73540      0.046690      0.156329      0.028419      0.056839
CI5_Crozet               19.64      5.64    0.71260      0.000701      0.010658      0.000114      0.000229
KI814_Kergulen           19.38      5.18    0.68996      0.217284      0.023803      0.009943      0.019885
HI9_Heard                19.95      5.21    0.68217      0.229890      0.090798      0.033639      0.067279
MI2267_Macquarie         19.90      5.23    0.68884      0.341879      0.106798      0.042210      0.084421
Population              mean_N    mean_k    mean_He    p_sign_TPM    p_stdv_TPM    p_W_1t_TPM    p_W_2t_TPM
137718_South_Shetlands      19.90      6.31    0.73984      0.427995      0.113037      0.058604      0.117209
W01                      19.74      5.92    0.72378      0.006420      0.018765      0.000194      0.000388
A1096_Bouvetoya          19.95      5.95    0.71818      0.073293      0.010828      0.001827      0.003653
MIAGM13139_Marion_island      19.90      6.08    0.71976      0.373630      0.253024      0.171252      0.342503
CI40_Crozet              19.69      5.82    0.71866      0.017831      0.024863      0.002998      0.005996
KI813_Kergulen           19.44      5.18    0.70042      0.108624      0.056918      0.022179      0.044358
HI9_Heard                19.69      5.33    0.69203      0.057698      0.105085      0.047842      0.095683
MI2250_Macquarie         19.85      5.28    0.67744      0.264868      0.271694      0.300759      0.601519
Population              mean_N    mean_k    mean_He    p_sign_TPM    p_stdv_TPM    p_W_1t_TPM    p_W_2t_TPM
137692_South_Shetlands      19.85      6.10    0.72809      0.169758      0.055153      0.019980      0.039961
ATP33                    19.85      6.00    0.70783      0.493974      0.264057      0.140118      0.280235
BI6_Bouvetoya            19.85      5.77    0.70352      0.519223      0.399342      0.160427      0.320853
MIAGM13124_Marion_island      20.00      6.23    0.73306      0.035492      0.071409      0.005554      0.011108
CI5_Crozet               19.74      5.64    0.71270      0.003611      0.004961      0.000471      0.000943
KI810_Kergulen           19.95      5.44    0.69835      0.100237      0.135052      0.043731      0.087463
HI9_Heard                19.69      5.49    0.69247      0.389531      0.354628      0.120638      0.241276
MI2265_Macquarie         19.79      5.49    0.68147      0.260338      0.181756      0.070317      0.140633
Population              mean_N    mean_k    mean_He    p_sign_TPM    p_stdv_TPM    p_W_1t_TPM    p_W_2t_TPM
137719_South_Shetlands      19.59      6.10    0.71018      0.554569      0.407662      0.331832      0.663664
W6754                    19.85      6.05    0.72586      0.076659      0.179608      0.049277      0.098554
A1074_Bouvetoya          19.95      5.62    0.71709      0.046359      0.016520      0.000775      0.001551
MIAGM13141_Marion_island      19.90      6.10    0.71212      0.312946      0.116262      0.055226      0.110452
CI40_Crozet              19.79      5.74    0.72033      0.004745      0.021114      0.001681      0.003361
KI816_Kergulen           19.44      5.59    0.70130      0.240092      0.463774      0.469759      0.939518
HI4_Heard                19.64      5.15    0.69215      0.545353      0.105882      0.039904      0.079809
MI2269_Macquarie         19.90      5.44    0.68372      0.389082      0.186694      0.137146      0.274291
