Population              mean_N    mean_k    mean_He    p_sign_TPM    p_stdv_TPM    p_W_1t_TPM    p_W_2t_TPM
137691_South_Shetlands      19.85      6.33    0.71745      0.213676      0.355527      0.475250      0.950500
W9170_pup                19.54      5.90    0.71959      0.099479      0.109335      0.016122      0.032244
A1089_Bouvetoya          19.90      6.10    0.71843      0.350515      0.450227      0.190280      0.380559
MIAGM13139_Marion_island      20.00      6.08    0.70891      0.474917      0.372004      0.184822      0.369645
CI5_Crozet               19.54      5.69    0.71965      0.136774      0.003568      0.000363      0.000726
KI812_Kergulen           19.23      5.10    0.68600      0.191814      0.056850      0.073074      0.146148
HI9_Heard                19.85      5.33    0.68575      0.331697      0.139114      0.070192      0.140385
MI2267_Macquarie         19.85      5.92    0.71500      0.056238      0.020679      0.002289      0.004578
Population              mean_N    mean_k    mean_He    p_sign_TPM    p_stdv_TPM    p_W_1t_TPM    p_W_2t_TPM
137700_South_Shetlands      19.90      6.18    0.72638      0.456745      0.387059      0.147809      0.295618
W9170_mum                19.69      6.03    0.72652      0.124034      0.071633      0.024734      0.049468
BI5_Bouvetoya            19.90      5.79    0.72692      0.003849      0.000971      0.000022      0.000044
MIAGM13131_Marion_island      20.00      5.79    0.73711      0.010909      0.003218      0.000263      0.000526
CI40_Crozet              19.64      5.87    0.72784      0.025602      0.013254      0.000279      0.000559
KI810_Kergulen           19.74      5.18    0.69226      0.041271      0.043285      0.015952      0.031905
HI9_Heard                19.74      5.05    0.67538      0.188221      0.111594      0.075056      0.150111
MI2264_Macquarie         20.00      5.56    0.69906      0.238104      0.370206      0.238288      0.476577
Population              mean_N    mean_k    mean_He    p_sign_TPM    p_stdv_TPM    p_W_1t_TPM    p_W_2t_TPM
137699_South_Shetlands      19.85      6.21    0.73057      0.220903      0.213532      0.047842      0.095683
W13                      19.64      5.69    0.70711      0.145906      0.245961      0.017857      0.035713
A1022_Bouvetoya          19.79      5.74    0.71419      0.205464      0.121507      0.047842      0.095683
MIAGM13134_Marion_island      19.95      6.00    0.71419      0.020053      0.074787      0.020686      0.041373
CI40_Crozet              19.54      5.74    0.71256      0.006466      0.015963      0.000490      0.000979
KI816_Kergulen           19.23      5.00    0.69062      0.007397      0.006772      0.001735      0.003471
HI9_Heard                19.85      5.05    0.66952      0.405031      0.142679      0.029365      0.058730
MI2269_Macquarie         20.00      5.59    0.69325      0.300566      0.420509      0.238288      0.476577
Population              mean_N    mean_k    mean_He    p_sign_TPM    p_stdv_TPM    p_W_1t_TPM    p_W_2t_TPM
137721_South_Shetlands      20.00      6.18    0.72051      0.333393      0.311642      0.205275      0.410550
W9174_pup                19.90      5.92    0.71044      0.550418      0.454756      0.251363      0.502726
BI18_Bouvetoya           19.79      5.87    0.71865      0.207395      0.207772      0.071132      0.142264
MIAGM13140_Marion_island      19.79      6.38    0.72852      0.340548      0.279480      0.129284      0.258568
CI40_Crozet              19.74      5.85    0.72202      0.104538      0.045834      0.009107      0.018213
KI813_Kergulen           19.33      5.05    0.70084      0.056397      0.011370      0.005795      0.011591
HI9_Heard                19.74      5.38    0.69084      0.528926      0.394749      0.186067      0.372133
MI1669_Macquarie         19.90      5.36    0.68276      0.469479      0.355756      0.153458      0.306917
Population              mean_N    mean_k    mean_He    p_sign_TPM    p_stdv_TPM    p_W_1t_TPM    p_W_2t_TPM
137712_South_Shetlands      19.79      6.28    0.73427      0.303074      0.203493      0.061997      0.123994
W9137_pup                19.90      5.90    0.72456      0.066333      0.045843      0.006575      0.013149
BI16_Bouvetoya           19.90      5.59    0.70575      0.076964      0.027374      0.008079      0.016159
MIAGM13140_Marion_island      19.64      6.13    0.72073      0.327898      0.194567      0.123475      0.246950
CI40_Crozet              19.79      5.82    0.72226      0.106230      0.019872      0.003917      0.007835
KI796_Kergulen           19.38      4.92    0.67782      0.168006      0.133404      0.015544      0.031088
HI9_Heard                19.74      5.00    0.66523      0.174765      0.152992      0.060283      0.120565
MI2267_Macquarie         19.95      5.54    0.68887      0.406905      0.384608      0.287868      0.575736
Population              mean_N    mean_k    mean_He    p_sign_TPM    p_stdv_TPM    p_W_1t_TPM    p_W_2t_TPM
137706_South_Shetlands      19.69      6.64    0.74064      0.565230      0.330012      0.189818      0.379637
SG9_South_Georgia        20.00      6.15    0.72078      0.404029      0.226851      0.094721      0.189442
A1078_Bouvetoya          19.69      5.64    0.71778      0.022064      0.017903      0.008079      0.016159
MIAGM13132_Marion_island      19.69      6.15    0.74323      0.392964      0.089100      0.050746      0.101491
CI5_Crozet               19.64      5.74    0.71516      0.101834      0.011416      0.000445      0.000891
KI814_Kergulen           19.59      5.21    0.69002      0.078202      0.129646      0.017857      0.035713
HI36_Heard               19.74      5.49    0.69151      0.459586      0.476195      0.420717      0.841433
MI2267_Macquarie         19.95      5.79    0.70337      0.076495      0.274518      0.019647      0.039295
Population              mean_N    mean_k    mean_He    p_sign_TPM    p_stdv_TPM    p_W_1t_TPM    p_W_2t_TPM
137714_South_Shetlands      19.95      6.15    0.73761      0.422676      0.411024      0.246964      0.493928
ATF24                    19.74      5.97    0.73060      0.002513      0.004522      0.000235      0.000470
A1053_Bouvetoya          19.79      5.82    0.70836      0.044082      0.074014      0.011685      0.023371
MIAGM13136_Marion_island      19.95      5.85    0.71792      0.003675      0.008515      0.000530      0.001059
CI40_Crozet              19.54      5.90    0.72154      0.085323      0.041447      0.000654      0.001308
KI816_Kergulen           19.54      5.38    0.69722      0.411290      0.141465      0.109741      0.219482
HI7_Heard                19.74      5.03    0.66305      0.327240      0.465525      0.357273      0.714546
MI1675_Macquarie         19.85      5.28    0.66337      0.079089      0.111391      0.642727      0.724881
Population              mean_N    mean_k    mean_He    p_sign_TPM    p_stdv_TPM    p_W_1t_TPM    p_W_2t_TPM
137718_South_Shetlands      19.79      6.38    0.74756      0.433779      0.309204      0.171513      0.343026
W9177_pup                19.85      6.21    0.72083      0.056697      0.061012      0.008665      0.017331
A1090_Bouvetoya          19.90      5.67    0.69714      0.375526      0.407244      0.231946      0.463892
MIAGM13143_Marion_island      20.00      5.90    0.72240      0.000550      0.000652      0.000061      0.000122
CI40_Crozet              19.59      5.92    0.72679      0.025857      0.006372      0.000056      0.000112
KI810_Kergulen           19.59      5.13    0.67999      0.029099      0.163636      0.061997      0.123994
HI7_Heard                19.85      5.13    0.67106      0.363666      0.207064      0.087400      0.174800
MI2253_Macquarie         19.74      5.64    0.71275      0.005964      0.035953      0.011685      0.023371
Population              mean_N    mean_k    mean_He    p_sign_TPM    p_stdv_TPM    p_W_1t_TPM    p_W_2t_TPM
137700_South_Shetlands      19.54      6.21    0.73029      0.430674      0.403586      0.269355      0.538709
W9173_mum                19.54      6.28    0.72630      0.539076      0.389684      0.209250      0.418500
A1053_Bouvetoya          19.74      5.49    0.68781      0.064606      0.091803      0.057339      0.114678
MIAGM13140_Marion_island      19.85      6.23    0.71036      0.342109      0.387109      0.453325      0.906650
CI40_Crozet              19.69      5.87    0.72788      0.000125      0.000912      0.000004      0.000009
KI816_Kergulen           19.38      5.46    0.69383      0.308730      0.290744      0.221438      0.442876
HI9_Heard                19.74      4.87    0.66417      0.061087      0.119794      0.022773      0.045547
MI2253_Macquarie         19.95      5.38    0.68841      0.152505      0.194601      0.070192      0.140385
Population              mean_N    mean_k    mean_He    p_sign_TPM    p_stdv_TPM    p_W_1t_TPM    p_W_2t_TPM
137701_South_Shetlands      20.00      6.36    0.75007      0.013083      0.012369      0.001121      0.002242
W9133_mum                19.74      6.05    0.73514      0.214331      0.234297      0.065537      0.131075
A1045_Bouvetoya          19.85      5.87    0.71176      0.222363      0.046009      0.009158      0.018315
MIAGM13137_Marion_island      20.00      6.00    0.72132      0.249563      0.026158      0.018879      0.037757
CI5_Crozet               19.54      5.72    0.70210      0.168623      0.062127      0.006348      0.012697
KI814_Kergulen           19.38      5.33    0.69528      0.252812      0.096282      0.021449      0.042898
HI7_Heard                19.64      5.51    0.70132      0.228601      0.344803      0.326829      0.653658
MI1666_Macquarie         19.90      5.59    0.70494      0.478703      0.155686      0.055661      0.111322
Population              mean_N    mean_k    mean_He    p_sign_TPM    p_stdv_TPM    p_W_1t_TPM    p_W_2t_TPM
137710_South_Shetlands      19.79      6.05    0.72046      0.077663      0.119248      0.039602      0.079205
W9164_mum                19.85      5.90    0.72896      0.136568      0.026916      0.001337      0.002675
A1069_Bouvetoya          19.69      5.67    0.70428      0.258813      0.077958      0.031466      0.062932
MIAGM13143_Marion_island      19.90      5.92    0.73130      0.057747      0.022520      0.004674      0.009348
CI5_Crozet               19.69      5.77    0.71924      0.005254      0.001370      0.000207      0.000414
KI807_Kergulen           19.38      5.10    0.68062      0.470010      0.136318      0.060811      0.121623
HI7_Heard                19.69      5.59    0.70050      0.484967      0.305057      0.210522      0.421045
MI2250_Macquarie         19.95      5.31    0.68015      0.411311      0.112621      0.080619      0.161239
Population              mean_N    mean_k    mean_He    p_sign_TPM    p_stdv_TPM    p_W_1t_TPM    p_W_2t_TPM
137701_South_Shetlands      19.79      6.15    0.74386      0.523891      0.193943      0.079138      0.158277
W9162_pup                19.79      6.10    0.71987      0.115836      0.217144      0.806385      0.394915
A1084_Bouvetoya          19.90      5.82    0.71586      0.095779      0.048684      0.003299      0.006598
MIAGM13123_Marion_island      19.95      6.03    0.72114      0.093858      0.032745      0.014221      0.028441
CI5_Crozet               19.64      5.72    0.71845      0.000645      0.001685      0.000017      0.000034
KI814_Kergulen           19.44      5.41    0.69976      0.104029      0.062267      0.032005      0.064009
HI9_Heard                19.85      5.26    0.68244      0.464840      0.342505      0.254503      0.509007
MI2269_Macquarie         19.90      5.44    0.70695      0.108909      0.029582      0.019289      0.038578
Population              mean_N    mean_k    mean_He    p_sign_TPM    p_stdv_TPM    p_W_1t_TPM    p_W_2t_TPM
137720_South_Shetlands      19.64      6.23    0.73133      0.423604      0.340106      0.157692      0.315383
W9134_mum                19.85      6.05    0.72429      0.240041      0.309885      0.182521      0.365043
A1084_Bouvetoya          19.90      5.87    0.69958      0.489688      0.247600      0.132409      0.264819
MIAGM13069_Marion_island      19.90      5.90    0.71282      0.309596      0.058913      0.014983      0.029967
CI5_Crozet               19.49      5.82    0.71900      0.022910      0.018209      0.000445      0.000891
KI816_Kergulen           19.64      5.13    0.68100      0.267000      0.111964      0.042425      0.084850
HI9_Heard                19.85      5.28    0.67873      0.456830      0.283693      0.194232      0.388464
MI1646_Macquarie         19.90      5.51    0.69745      0.080678      0.281160      0.092146      0.184292
Population              mean_N    mean_k    mean_He    p_sign_TPM    p_stdv_TPM    p_W_1t_TPM    p_W_2t_TPM
137695_South_Shetlands      19.54      6.38    0.74298      0.031919      0.139859      0.026283      0.052567
W2031/32                 19.69      6.00    0.71622      0.454153      0.459938      0.283250      0.566500
A1007_Bouvetoya          20.00      5.67    0.70175      0.288703      0.109373      0.048683      0.097367
MIAGM13117_Marion_island      19.90      6.03    0.72760      0.158168      0.093164      0.023876      0.047753
CI5_Crozet               19.49      5.74    0.71084      0.011769      0.017691      0.000695      0.001391
KI816_Kergulen           19.33      5.08    0.68923      0.050412      0.006377      0.002954      0.005908
HI9_Heard                19.74      5.31    0.68747      0.387117      0.447971      0.178715      0.357431
MI1680_Macquarie         19.95      5.36    0.68591      0.240016      0.424408      0.367633      0.735266
Population              mean_N    mean_k    mean_He    p_sign_TPM    p_stdv_TPM    p_W_1t_TPM    p_W_2t_TPM
137722_South_Shetlands      19.64      5.97    0.74105      0.131219      0.068091      0.030987      0.061974
W6513/13                 19.79      6.21    0.71760      0.155331      0.480218      0.182521      0.365043
A1099_Bouvetoya          19.64      5.79    0.70301      0.338864      0.474816      0.388632      0.777263
MIAGM13117_Marion_island      19.79      6.33    0.71583      0.095251      0.159201      0.655990      0.698618
CI5_Crozet               19.44      5.97    0.72817      0.001998      0.013279      0.001854      0.003708
KI812_Kergulen           19.44      5.00    0.68990      0.056722      0.053187      0.029030      0.058060
HI7_Heard                19.64      5.18    0.67441      0.314419      0.296725      0.201344      0.402688
MI2264_Macquarie         19.90      5.33    0.69262      0.105028      0.114104      0.028090      0.056179
Population              mean_N    mean_k    mean_He    p_sign_TPM    p_stdv_TPM    p_W_1t_TPM    p_W_2t_TPM
137722_South_Shetlands      19.79      6.28    0.72872      0.534080      0.359130      0.107493      0.214987
W6754                    19.74      6.10    0.72911      0.185767      0.051090      0.010658      0.021316
BI10_Bouvetoya           19.95      5.67    0.69246      0.079322      0.115947      0.004570      0.009139
MIAGM13140_Marion_island      19.69      6.36    0.72760      0.197751      0.197362      0.568462      0.873937
CI34_Crozet              19.74      5.54    0.71525      0.002043      0.001066      0.000001      0.000003
KI807_Kergulen           19.64      5.31    0.70077      0.125515      0.032705      0.002044      0.004087
HI5_Heard                19.85      5.44    0.67663      0.145312      0.458177      0.227569      0.455138
MI2248_Macquarie         19.90      5.08    0.67144      0.224113      0.481688      0.347014      0.694029
Population              mean_N    mean_k    mean_He    p_sign_TPM    p_stdv_TPM    p_W_1t_TPM    p_W_2t_TPM
137702_South_Shetlands      19.74      6.23    0.74375      0.109193      0.066191      0.014440      0.028879
W1_Wilson_Harbour        19.69      5.90    0.71658      0.310043      0.198028      0.161078      0.322156
A1080_Bouvetoya          19.74      6.03    0.71212      0.562522      0.370133      0.171513      0.343026
MIAGM13131_Marion_island      19.95      6.08    0.73192      0.205690      0.048077      0.008750      0.017501
CI5_Crozet               19.44      5.74    0.72753      0.000016      0.000267      0.000002      0.000003
KI816_Kergulen           19.44      5.31    0.70642      0.030123      0.038162      0.006575      0.013149
HI7_Heard                19.69      5.31    0.68777      0.511193      0.328861      0.214714      0.429428
MI2253_Macquarie         19.95      5.49    0.70326      0.047908      0.031029      0.001922      0.003844
Population              mean_N    mean_k    mean_He    p_sign_TPM    p_stdv_TPM    p_W_1t_TPM    p_W_2t_TPM
137716_South_Shetlands      19.74      6.05    0.72806      0.427678      0.397774      0.069229      0.138457
W6532/32                 19.74      6.08    0.72247      0.147704      0.041685      0.009943      0.019885
A1015_Bouvetoya          19.90      5.95    0.70546      0.272224      0.346302      0.471436      0.942872
MIAGM13143_Marion_island      19.90      5.95    0.72062      0.283537      0.157812      0.039904      0.079809
CI5_Crozet               19.49      5.64    0.71568      0.000141      0.001497      0.000018      0.000036
KI813_Kergulen           19.23      5.38    0.70059      0.509368      0.426412      0.197457      0.394915
HI7_Heard                19.59      5.00    0.67138      0.402331      0.175930      0.099554      0.199107
MI2256_Macquarie         19.69      5.38    0.71512      0.143958      0.051837      0.019946      0.039893
Population              mean_N    mean_k    mean_He    p_sign_TPM    p_stdv_TPM    p_W_1t_TPM    p_W_2t_TPM
137697_South_Shetlands      20.00      6.18    0.71930      0.536082      0.376753      0.312005      0.624010
W9178_pup                19.85      6.10    0.73344      0.067776      0.082826      0.034121      0.068242
2245_Bouvetoya           19.90      5.62    0.70936      0.102374      0.023765      0.010250      0.020501
MIAGM13134_Marion_island      20.00      6.08    0.71970      0.338347      0.339213      0.287955      0.575910
CI5_Crozet               19.64      5.85    0.72171      0.125187      0.010446      0.000386      0.000771
KI806_Kergulen           19.44      5.36    0.69783      0.456801      0.210438      0.053785      0.107569
HI5_Heard                19.54      5.18    0.68191      0.400039      0.303062      0.182360      0.364720
MI2267_Macquarie         20.00      5.72    0.70054      0.527505      0.473413      0.163985      0.327971
Population              mean_N    mean_k    mean_He    p_sign_TPM    p_stdv_TPM    p_W_1t_TPM    p_W_2t_TPM
137714_South_Shetlands      19.95      6.23    0.74137      0.062022      0.097099      0.010250      0.020501
W9175_pup                19.79      6.31    0.73466      0.203148      0.161370      0.077077      0.154154
A1045_Bouvetoya          19.95      5.77    0.71202      0.316627      0.056215      0.028090      0.056179
MIAGM13142_Marion_island      19.90      6.15    0.73413      0.214643      0.068779      0.020692      0.041384
CI40_Crozet              19.64      5.92    0.72293      0.013116      0.032437      0.003422      0.006844
KI806_Kergulen           19.44      5.05    0.68568      0.046409      0.007974      0.000654      0.001308
HI36_Heard               19.69      5.33    0.67987      0.503862      0.448988      0.388632      0.777263
MI1685_Macquarie         19.90      5.03    0.66029      0.172368      0.119784      0.078933      0.157866
Population              mean_N    mean_k    mean_He    p_sign_TPM    p_stdv_TPM    p_W_1t_TPM    p_W_2t_TPM
137701_South_Shetlands      19.90      6.10    0.73529      0.084328      0.056360      0.014221      0.028441
W9135_pup                19.79      5.97    0.72760      0.160846      0.037378      0.005003      0.010006
A1086_Bouvetoya          19.85      6.18    0.72288      0.221330      0.198279      0.118674      0.237349
MIAGM13126_Marion_island      19.85      6.15    0.72999      0.221295      0.171357      0.071132      0.142264
CI5_Crozet               19.64      5.69    0.72140      0.000817      0.001458      0.000001      0.000001
KI816_Kergulen           19.38      5.15    0.69399      0.006471      0.018386      0.001139      0.002279
HI4_Heard                19.69      5.05    0.68419      0.364447      0.042120      0.017965      0.035930
MI1680_Macquarie         19.79      5.38    0.68725      0.281515      0.370997      0.263830      0.527660
Population              mean_N    mean_k    mean_He    p_sign_TPM    p_stdv_TPM    p_W_1t_TPM    p_W_2t_TPM
137719_South_Shetlands      19.85      6.18    0.73119      0.058082      0.106169      0.030987      0.061974
ATP11                    19.69      6.03    0.72698      0.037888      0.037827      0.015356      0.030713
BI8_Bouvetoya            19.85      5.67    0.70523      0.003672      0.024677      0.002289      0.004578
MIAGM13120_Marion_island      20.00      5.87    0.71754      0.297819      0.217023      0.097116      0.194231
CI5_Crozet               19.44      5.49    0.71468      0.000005      0.000066      0.000000      0.000000
KI814_Kergulen           19.18      5.21    0.69020      0.062562      0.097257      0.015544      0.031088
HI9_Heard                19.54      5.21    0.68907      0.189774      0.225230      0.046439      0.092879
MI1688_Macquarie         19.95      5.33    0.68716      0.346402      0.219268      0.146689      0.293377
Population              mean_N    mean_k    mean_He    p_sign_TPM    p_stdv_TPM    p_W_1t_TPM    p_W_2t_TPM
137707_South_Shetlands      19.85      6.23    0.72973      0.525178      0.374129      0.238288      0.476577
AGP14170                 19.85      5.67    0.70896      0.325413      0.185526      0.070192      0.140385
2271_Bouvetoya           19.95      5.72    0.70019      0.185786      0.287496      0.042425      0.084850
MIAGM13105_Marion_island      20.00      6.08    0.71957      0.053283      0.002112      0.000264      0.000529
CI5_Crozet               19.54      5.77    0.69920      0.203146      0.201366      0.066318      0.132635
KI816_Kergulen           19.59      5.31    0.70223      0.029412      0.031015      0.005098      0.010195
HI5_Heard                19.90      5.15    0.68727      0.070429      0.048943      0.019229      0.038457
MI2253_Macquarie         19.90      5.67    0.68710      0.244669      0.307327      0.093325      0.186649
Population              mean_N    mean_k    mean_He    p_sign_TPM    p_stdv_TPM    p_W_1t_TPM    p_W_2t_TPM
137679_South_Shetlands      19.69      6.38    0.73564      0.414045      0.315328      0.186067      0.372133
W6530/30_pup             19.90      6.23    0.71332      0.484035      0.383881      0.275247      0.550494
A1075_Bouvetoya          19.90      5.92    0.72171      0.105777      0.056104      0.063749      0.127497
MIAGM13135_Marion_island      19.85      6.28    0.72154      0.559112      0.369051      0.370786      0.741572
CI5_Crozet               19.64      5.82    0.72146      0.138753      0.006341      0.000693      0.001385
KI816_Kergulen           19.59      5.13    0.68520      0.104599      0.071720      0.045069      0.090139
HI36_Heard               19.54      5.28    0.69568      0.187448      0.156745      0.053785      0.107569
MI2258_Macquarie         19.95      5.33    0.69767      0.141191      0.044565      0.012649      0.025299
Population              mean_N    mean_k    mean_He    p_sign_TPM    p_stdv_TPM    p_W_1t_TPM    p_W_2t_TPM
137716_South_Shetlands      19.95      6.00    0.72286      0.157344      0.021122      0.023043      0.046087
W6550                    19.90      6.13    0.71491      0.252850      0.131077      0.066318      0.132635
A1089_Bouvetoya          19.54      6.10    0.72166      0.525670      0.426481      0.278581      0.557162
MIAGM13124_Marion_island      19.90      5.87    0.72721      0.041623      0.012576      0.000194      0.000388
CI5_Crozet               19.59      5.87    0.71988      0.105022      0.034300      0.005795      0.011591
KI812_Kergulen           19.33      5.13    0.69182      0.046615      0.066864      0.004782      0.009564
HI7_Heard                19.59      5.31    0.68583      0.199331      0.176807      0.107128      0.214257
MI2256_Macquarie         19.74      5.28    0.69197      0.061557      0.136991      0.022955      0.045909
Population              mean_N    mean_k    mean_He    p_sign_TPM    p_stdv_TPM    p_W_1t_TPM    p_W_2t_TPM
137707_South_Shetlands      19.85      5.95    0.71375      0.064031      0.161061      0.003746      0.007492
W9135_mum                19.59      6.10    0.73150      0.306880      0.242505      0.112398      0.224797
A1085_Bouvetoya          19.85      5.77    0.71684      0.117213      0.062159      0.011964      0.023927
MIAGM13140_Marion_island      19.85      6.13    0.71995      0.123005      0.250544      0.063749      0.127497
CI5_Crozet               19.49      5.79    0.71793      0.020833      0.001744      0.000144      0.000288
KI814_Kergulen           19.18      5.23    0.69690      0.056128      0.046030      0.016718      0.033436
HI9_Heard                19.54      5.21    0.67830      0.468213      0.386202      0.442410      0.884820
MI2267_Macquarie         19.95      5.54    0.70487      0.182825      0.109994      0.049324      0.098649
Population              mean_N    mean_k    mean_He    p_sign_TPM    p_stdv_TPM    p_W_1t_TPM    p_W_2t_TPM
137690_South_Shetlands      19.54      6.00    0.73125      0.014523      0.022030      0.001447      0.002894
W9178_mum                19.69      5.95    0.71231      0.505931      0.256476      0.082835      0.165670
A1074_Bouvetoya          19.74      5.59    0.73577      0.015397      0.003007      0.000528      0.001055
MIAGM13135_Marion_island      19.95      6.08    0.71979      0.326798      0.290603      0.217332      0.434664
CI5_Crozet               19.64      5.77    0.72000      0.009985      0.005458      0.000623      0.001246
KI812_Kergulen           19.49      5.23    0.67588      0.505692      0.295476      0.362441      0.724881
HI7_Heard                19.64      5.49    0.69819      0.370817      0.277227      0.167594      0.335188
MI2270_Macquarie         19.90      5.44    0.70916      0.020424      0.016772      0.002592      0.005184
Population              mean_N    mean_k    mean_He    p_sign_TPM    p_stdv_TPM    p_W_1t_TPM    p_W_2t_TPM
137716_South_Shetlands      19.90      6.31    0.74761      0.124902      0.208819      0.102035      0.204070
W9167_mum                19.79      5.92    0.72332      0.149118      0.054430      0.016567      0.033135
A1062_Bouvetoya          19.95      5.72    0.68375      0.234334      0.325103      0.173061      0.346122
MIAGM13135_Marion_island      19.95      6.00    0.71647      0.176795      0.292844      0.178715      0.357431
CI5_Crozet               19.54      5.77    0.71831      0.057096      0.003201      0.000088      0.000175
KI810_Kergulen           19.69      5.49    0.70662      0.054155      0.154680      0.047842      0.095683
HI5_Heard                19.85      4.97    0.67014      0.478954      0.161799      0.090060      0.180119
MI2269_Macquarie         20.00      5.46    0.69933      0.349173      0.160750      0.038347      0.076694
Population              mean_N    mean_k    mean_He    p_sign_TPM    p_stdv_TPM    p_W_1t_TPM    p_W_2t_TPM
137686_South_Shetlands      20.00      6.33    0.73765      0.325105      0.076076      0.023752      0.047505
W6540/40_pup             19.74      6.18    0.72036      0.487461      0.234320      0.044952      0.089904
A1045_Bouvetoya          19.85      5.90    0.69950      0.082541      0.360659      0.130632      0.261265
MIAGM13061_Marion_island      20.00      6.28    0.73279      0.298817      0.122438      0.047842      0.095683
CI5_Crozet               19.64      5.85    0.71137      0.066437      0.061906      0.009543      0.019087
KI796_Kergulen           19.59      4.82    0.67966      0.169229      0.020483      0.001681      0.003361
HI7_Heard                19.44      5.08    0.67738      0.304828      0.297267      0.167989      0.335977
MI2249_Macquarie         19.95      5.49    0.69330      0.470336      0.334541      0.109426      0.218852
Population              mean_N    mean_k    mean_He    p_sign_TPM    p_stdv_TPM    p_W_1t_TPM    p_W_2t_TPM
137709_South_Shetlands      19.69      6.15    0.72799      0.030173      0.073989      0.009475      0.018950
W6537                    20.00      6.00    0.72537      0.120205      0.066557      0.028090      0.056179
BI17_Bouvetoya           19.54      5.79    0.71473      0.030762      0.023706      0.002173      0.004346
MIAGM13109_Marion_island      20.00      6.18    0.73293      0.116796      0.191316      0.075056      0.150111
CI40_Crozet              19.59      5.67    0.71218      0.019072      0.008881      0.000107      0.000214
KI810_Kergulen           19.54      5.36    0.71249      0.042980      0.014614      0.000107      0.000214
HI5_Heard                19.85      5.08    0.67812      0.279208      0.063619      0.032005      0.064009
MI2260_Macquarie         19.95      5.33    0.68898      0.365968      0.161765      0.043564      0.087128
Population              mean_N    mean_k    mean_He    p_sign_TPM    p_stdv_TPM    p_W_1t_TPM    p_W_2t_TPM
137722_South_Shetlands      20.00      6.00    0.72159      0.554437      0.211292      0.099554      0.199107
W6528/28_pup             20.00      5.90    0.70661      0.274236      0.477863      0.349309      0.698618
BI21_Bouvetoya           19.69      5.77    0.70600      0.529336      0.367535      0.197457      0.394915
MIAGM13125_Marion_island      19.85      6.18    0.71669      0.305723      0.065910      0.008296      0.016591
CI5_Crozet               19.49      5.90    0.71319      0.138564      0.049511      0.001410      0.002819
KI806_Kergulen           19.59      5.08    0.68877      0.193582      0.052927      0.025416      0.050833
HI5_Heard                19.79      5.38    0.67855      0.195253      0.469572      0.447863      0.895725
MI2251_Macquarie         19.95      5.23    0.69773      0.016970      0.023379      0.005720      0.011439
Population              mean_N    mean_k    mean_He    p_sign_TPM    p_stdv_TPM    p_W_1t_TPM    p_W_2t_TPM
137706_South_Shetlands      19.85      6.33    0.72742      0.529062      0.427481      0.209250      0.418500
W6514/14_pup             19.90      6.03    0.71650      0.104201      0.212712      0.075056      0.150111
BI23_Bouvetoya           19.90      5.72    0.72007      0.018569      0.014319      0.001410      0.002819
MIAGF13147_Marion_island      20.00      5.77    0.71012      0.060041      0.071614      0.028090      0.056179
CI40_Crozet              19.69      5.95    0.72066      0.038916      0.028540      0.001565      0.003130
KI802_Kergulen           19.44      5.18    0.68702      0.134694      0.140810      0.020686      0.041373
HI9_Heard                19.69      5.21    0.67396      0.355779      0.304579      0.070192      0.140385
MI2262_Macquarie         19.85      5.33    0.68835      0.520189      0.279490      0.221438      0.442876
Population              mean_N    mean_k    mean_He    p_sign_TPM    p_stdv_TPM    p_W_1t_TPM    p_W_2t_TPM
137718_South_Shetlands      20.00      6.26    0.73333      0.493183      0.103069      0.026525      0.053049
W9177_mum                19.69      6.15    0.71470      0.304127      0.369921      0.178699      0.357397
A1066_Bouvetoya          20.00      5.59    0.69636      0.053322      0.104476      0.016779      0.033559
MIAGM13134_Marion_island      19.90      6.26    0.71361      0.513184      0.398645      0.263830      0.527660
CI38_Crozet              19.79      5.79    0.72824      0.012315      0.001157      0.000084      0.000168
KI801_Kergulen           19.54      5.13    0.69823      0.014228      0.017180      0.003581      0.007162
HI9_Heard                19.69      5.23    0.68463      0.232945      0.301533      0.182521      0.365043
MI2265_Macquarie         20.00      5.77    0.69447      0.086058      0.429456      0.393934      0.787868
Population              mean_N    mean_k    mean_He    p_sign_TPM    p_stdv_TPM    p_W_1t_TPM    p_W_2t_TPM
137721_South_Shetlands      19.64      6.26    0.73835      0.136390      0.092576      0.041149      0.082299
W9178_mum                19.79      6.23    0.72500      0.343514      0.194646      0.054021      0.108042
A1063_Bouvetoya          19.74      5.82    0.71662      0.424664      0.341669      0.269355      0.538709
MIAGM13134_Marion_island      20.00      5.95    0.71849      0.054303      0.069487      0.007442      0.014884
CI5_Crozet               19.59      5.85    0.71318      0.297986      0.134931      0.050746      0.101491
KI810_Kergulen           19.49      5.31    0.69940      0.235668      0.135777      0.017857      0.035713
HI5_Heard                19.79      5.13    0.67534      0.229711      0.185501      0.028419      0.056839
MI2260_Macquarie         19.90      4.97    0.67116      0.006006      0.007100      0.000820      0.001640
Population              mean_N    mean_k    mean_He    p_sign_TPM    p_stdv_TPM    p_W_1t_TPM    p_W_2t_TPM
137718_South_Shetlands      19.95      6.33    0.73615      0.005248      0.150682      0.016718      0.033436
W9171_mum                19.69      5.97    0.71893      0.564299      0.397112      0.129284      0.258568
A1068_Bouvetoya          19.85      5.79    0.71919      0.062040      0.086400      0.008750      0.017501
MIAGM13106_Marion_island      19.90      6.23    0.73759      0.334134      0.248143      0.117847      0.235693
CI5_Crozet               19.64      5.92    0.71859      0.370451      0.053529      0.011964      0.023927
KI813_Kergulen           19.54      5.08    0.69393      0.104507      0.017748      0.005322      0.010643
HI9_Heard                19.79      5.33    0.67847      0.532829      0.468483      0.331832      0.663664
MI2264_Macquarie         19.95      5.33    0.68174      0.400398      0.434787      0.273949      0.547898
Population              mean_N    mean_k    mean_He    p_sign_TPM    p_stdv_TPM    p_W_1t_TPM    p_W_2t_TPM
137692_South_Shetlands      19.79      6.13    0.72893      0.432805      0.424886      0.378088      0.756177
W6542/42                 19.74      5.72    0.70343      0.254828      0.166152      0.042210      0.084421
A1073_Bouvetoya          19.79      5.62    0.70233      0.568063      0.158579      0.104560      0.209119
MIAGM13143_Marion_island      19.85      5.85    0.72088      0.127708      0.067246      0.034121      0.068242
CI5_Crozet               19.44      5.72    0.71600      0.007720      0.015940      0.000140      0.000280
KI816_Kergulen           19.44      5.26    0.68983      0.438152      0.229066      0.109741      0.219482
HI9_Heard                19.85      5.26    0.68603      0.420009      0.144906      0.079138      0.158277
MI1688_Macquarie         19.90      5.41    0.69707      0.467040      0.452650      0.347014      0.694029
Population              mean_N    mean_k    mean_He    p_sign_TPM    p_stdv_TPM    p_W_1t_TPM    p_W_2t_TPM
137721_South_Shetlands      20.00      6.44    0.73617      0.208267      0.326732      0.234013      0.468025
W9165_mum                19.74      6.08    0.72751      0.135384      0.222873      0.065537      0.131075
A1100_Bouvetoya          19.95      5.82    0.72205      0.060647      0.065790      0.011964      0.023927
MIAGM13117_Marion_island      20.00      5.97    0.71849      0.545989      0.225362      0.069229      0.138457
CI5_Crozet               19.64      5.79    0.71845      0.050584      0.005157      0.000041      0.000083
KI812_Kergulen           19.18      4.97    0.67672      0.062584      0.046804      0.006065      0.012131
HI9_Heard                19.69      5.13    0.68949      0.183455      0.069044      0.045069      0.090139
MI2264_Macquarie         19.95      5.36    0.68558      0.229554      0.188288      0.027459      0.054917
Population              mean_N    mean_k    mean_He    p_sign_TPM    p_stdv_TPM    p_W_1t_TPM    p_W_2t_TPM
137693_South_Shetlands      19.85      5.97    0.71137      0.452000      0.192931      0.069229      0.138457
W6528/28_pup             19.49      6.03    0.73341      0.045031      0.015648      0.000618      0.001236
BI23_Bouvetoya           19.69      6.00    0.72328      0.057768      0.100677      0.020347      0.040694
MIAGM13142_Marion_island      19.85      6.10    0.70848      0.193634      0.217233      0.627151      0.756177
CI5_Crozet               19.38      5.54    0.70279      0.001507      0.007809      0.000017      0.000034
KI814_Kergulen           19.74      5.33    0.69417      0.118258      0.094052      0.029995      0.059991
HI9_Heard                19.79      5.41    0.68871      0.445561      0.482473      0.480745      0.961490
MI2270_Macquarie         19.85      5.18    0.67567      0.329089      0.247689      0.107493      0.214987
Population              mean_N    mean_k    mean_He    p_sign_TPM    p_stdv_TPM    p_W_1t_TPM    p_W_2t_TPM
137639_South_Shetlands      19.85      6.44    0.72947      0.033706      0.100273      0.879362      0.246950
W9169_mum                19.85      6.18    0.74114      0.072808      0.011680      0.001376      0.002752
A1024_Bouvetoya          20.00      5.95    0.71377      0.078729      0.011415      0.004082      0.008164
MIAGM13130_Marion_island      19.79      6.10    0.72992      0.190428      0.083724      0.011964      0.023927
CI5_Crozet               19.44      5.62    0.72282      0.000051      0.000027      0.000000      0.000000
KI802_Kergulen           19.33      5.15    0.68323      0.474528      0.281331      0.164510      0.329021
HI9_Heard                19.85      5.08    0.68086      0.107150      0.106148      0.046439      0.092879
MI2256_Macquarie         19.95      5.56    0.68785      0.325407      0.429266      0.311248      0.622495
Population              mean_N    mean_k    mean_He    p_sign_TPM    p_stdv_TPM    p_W_1t_TPM    p_W_2t_TPM
137722_South_Shetlands      19.74      6.33    0.72311      0.310337      0.071667      0.647870      0.714546
W9162_pup                19.85      6.10    0.70933      0.407424      0.197103      0.349309      0.698618
A1070_Bouvetoya          19.79      5.74    0.69180      0.224599      0.490557      0.349103      0.698206
MIAGM13135_Marion_island      19.95      5.79    0.72614      0.007973      0.003497      0.000081      0.000162
CI5_Crozet               19.54      5.87    0.72209      0.001959      0.004112      0.000302      0.000604
KI816_Kergulen           19.64      5.41    0.69689      0.458374      0.135155      0.034770      0.069541
HI7_Heard                19.79      5.38    0.68302      0.468023      0.392718      0.249904      0.499808
MI1675_Macquarie         19.85      5.59    0.70153      0.053987      0.036018      0.005532      0.011064
Population              mean_N    mean_k    mean_He    p_sign_TPM    p_stdv_TPM    p_W_1t_TPM    p_W_2t_TPM
137712_South_Shetlands      19.54      6.15    0.71351      0.117628      0.274986      0.595404      0.819906
W9132_mum                19.79      6.21    0.73718      0.064703      0.084568      0.005795      0.011591
A1073_Bouvetoya          19.85      5.74    0.70949      0.053785      0.074787      0.007266      0.014532
MIAGM13138_Marion_island      19.90      5.97    0.71868      0.249372      0.081064      0.015544      0.031088
CI5_Crozet               19.49      5.69    0.71530      0.001820      0.001994      0.000042      0.000085
KI813_Kergulen           19.38      5.21    0.69405      0.504732      0.199958      0.087400      0.174800
HI5_Heard                19.59      5.15    0.67810      0.527514      0.291343      0.229779      0.459558
MI2261_Macquarie         19.95      5.41    0.68872      0.051341      0.102324      0.007596      0.015193
Population              mean_N    mean_k    mean_He    p_sign_TPM    p_stdv_TPM    p_W_1t_TPM    p_W_2t_TPM
137718_South_Shetlands      19.95      6.49    0.73783      0.130783      0.039050      0.011514      0.023028
W9174_pup                19.69      6.21    0.73581      0.432826      0.389467      0.287955      0.575910
BI19_Bouvetoya           19.85      5.67    0.70454      0.565044      0.211976      0.088306      0.176611
MIAGM13120_Marion_island      20.00      5.90    0.72146      0.039281      0.021799      0.000733      0.001466
CI40_Crozet              19.79      5.87    0.71010      0.238178      0.127989      0.020686      0.041373
KI814_Kergulen           19.38      5.21    0.67712      0.453875      0.088628      0.057339      0.114678
HI9_Heard                19.85      5.18    0.67670      0.511337      0.301323      0.240836      0.481672
MI2253_Macquarie         19.95      5.49    0.68580      0.402297      0.456362      0.387160      0.774320
Population              mean_N    mean_k    mean_He    p_sign_TPM    p_stdv_TPM    p_W_1t_TPM    p_W_2t_TPM
137719_South_Shetlands      19.74      6.49    0.73144      0.449450      0.402789      0.221438      0.442876
W9135_mum                19.85      6.15    0.72228      0.021089      0.078975      0.023043      0.046087
BI22_Bouvetoya           19.85      5.62    0.70730      0.184442      0.031647      0.005793      0.011587
MIAGM13143_Marion_island      20.00      6.00    0.71835      0.298474      0.195090      0.016122      0.032244
CI40_Crozet              19.69      5.97    0.73156      0.005086      0.007491      0.000032      0.000064
KI813_Kergulen           19.69      5.44    0.69400      0.247030      0.177341      0.102190      0.204380
HI9_Heard                19.69      5.21    0.69657      0.038238      0.037596      0.006812      0.013624
MI2260_Macquarie         19.95      5.31    0.70751      0.060145      0.029312      0.007143      0.014285
Population              mean_N    mean_k    mean_He    p_sign_TPM    p_stdv_TPM    p_W_1t_TPM    p_W_2t_TPM
137723_South_Shetlands      19.59      6.03    0.72459      0.119405      0.109933      0.112398      0.224797
W9138_mum                19.74      5.92    0.72506      0.090800      0.060080      0.004365      0.008731
A1093_Bouvetoya          19.74      5.69    0.70101      0.257813      0.301973      0.194232      0.388464
MIAGM13135_Marion_island      20.00      6.31    0.73779      0.553257      0.047777      0.018617      0.037235
CI40_Crozet              19.59      5.79    0.71857      0.000589      0.004525      0.000011      0.000022
KI813_Kergulen           19.44      5.33    0.69433      0.532332      0.266703      0.126357      0.252714
HI4_Heard                19.69      5.08    0.68578      0.395613      0.098605      0.061997      0.123994
MI1666_Macquarie         19.90      5.31    0.67995      0.226929      0.268269      0.115807      0.231613
Population              mean_N    mean_k    mean_He    p_sign_TPM    p_stdv_TPM    p_W_1t_TPM    p_W_2t_TPM
137721_South_Shetlands      19.85      6.03    0.72371      0.225977      0.444369      0.115100      0.230200
W2031/32_pup             20.00      6.03    0.72848      0.012464      0.101470      0.027174      0.054348
BI16_Bouvetoya           19.90      5.95    0.71007      0.322792      0.087738      0.031466      0.062932
MIAGM13140_Marion_island      19.79      6.18    0.72526      0.247465      0.192892      0.037124      0.074247
CI40_Crozet              19.64      5.74    0.70661      0.002171      0.062434      0.001139      0.002279
KI814_Kergulen           19.49      5.36    0.70232      0.039273      0.011532      0.003299      0.006598
HI9_Heard                19.59      5.28    0.69045      0.299011      0.166329      0.052248      0.104496
MI2269_Macquarie         19.79      5.64    0.69071      0.373354      0.385512      0.263830      0.527660
Population              mean_N    mean_k    mean_He    p_sign_TPM    p_stdv_TPM    p_W_1t_TPM    p_W_2t_TPM
137715_South_Shetlands      19.95      6.41    0.74043      0.181848      0.086037      0.017965      0.035930
W9175_pup                19.85      6.13    0.72261      0.192480      0.165249      0.090060      0.180119
A1100_Bouvetoya          20.00      5.72    0.70297      0.413486      0.108022      0.064332      0.128663
MIAGM13144_Marion_island      19.85      5.87    0.70988      0.044429      0.031985      0.006643      0.013285
CI5_Crozet               19.54      5.82    0.71670      0.188635      0.024087      0.004882      0.009763
KI810_Kergulen           19.59      5.10    0.69420      0.016539      0.003791      0.000140      0.000280
HI9_Heard                19.79      4.90    0.65818      0.088384      0.052436      0.004168      0.008336
MI1613_Macquarie         19.95      5.28    0.67534      0.053613      0.062419      0.011192      0.022383
Population              mean_N    mean_k    mean_He    p_sign_TPM    p_stdv_TPM    p_W_1t_TPM    p_W_2t_TPM
137723_South_Shetlands      19.95      6.56    0.73410      0.522034      0.168123      0.595404      0.819906
W9173_pup                19.95      5.77    0.71714      0.025156      0.029474      0.003123      0.006247
BI2_Bouvetoya            19.90      5.95    0.70919      0.384888      0.485529      0.420717      0.841433
MIAGM13144_Marion_island      19.69      5.85    0.70624      0.128643      0.200156      0.064442      0.128884
CI5_Crozet               19.44      5.92    0.72903      0.017077      0.001607      0.000057      0.000114
KI812_Kergulen           19.69      5.21    0.69877      0.017674      0.016737      0.003981      0.007961
HI7_Heard                19.64      5.31    0.69526      0.131829      0.093658      0.017857      0.035713
MI2259_Macquarie         19.95      5.26    0.67603      0.480933      0.058869      0.048898      0.097796
Population              mean_N    mean_k    mean_He    p_sign_TPM    p_stdv_TPM    p_W_1t_TPM    p_W_2t_TPM
137704_South_Shetlands      19.74      6.26    0.72905      0.478556      0.197824      0.083383      0.166766
W9175_pup                19.95      6.13    0.73915      0.112498      0.087734      0.018617      0.037235
A1018_Bouvetoya          19.95      5.92    0.70962      0.075941      0.040785      0.023043      0.046087
MIAGM13126_Marion_island      19.90      6.03    0.71388      0.124378      0.124770      0.050259      0.100519
CI40_Crozet              19.64      5.69    0.71259      0.157112      0.046215      0.009158      0.018315
KI814_Kergulen           19.59      5.44    0.69925      0.039142      0.105324      0.046374      0.092749
HI9_Heard                19.69      5.23    0.67528      0.382039      0.474821      0.231946      0.463892
MI2262_Macquarie         19.95      5.44    0.68368      0.331572      0.255908      0.110216      0.220433
Population              mean_N    mean_k    mean_He    p_sign_TPM    p_stdv_TPM    p_W_1t_TPM    p_W_2t_TPM
137691_South_Shetlands      19.95      6.23    0.72422      0.186441      0.406451      0.238288      0.476577
W9174_pup                19.69      6.10    0.72948      0.027247      0.047119      0.003917      0.007835
A1082_Bouvetoya          19.74      5.62    0.71218      0.006502      0.037012      0.006245      0.012491
MIAGM13117_Marion_island      19.90      5.79    0.71809      0.065082      0.043814      0.037504      0.075008
CI5_Crozet               19.54      5.97    0.73069      0.078144      0.003988      0.000070      0.000141
KI801_Kergulen           19.44      5.13    0.66544      0.218878      0.180596      0.080619      0.161239
HI9_Heard                19.74      5.36    0.68093      0.441129      0.338644      0.255802      0.511604
MI2265_Macquarie         19.90      5.18    0.66284      0.287045      0.337020      0.133854      0.267707
Population              mean_N    mean_k    mean_He    p_sign_TPM    p_stdv_TPM    p_W_1t_TPM    p_W_2t_TPM
137674_South_Shetlands      19.85      6.33    0.73162      0.449950      0.468198      0.278581      0.557162
W6525/25                 19.95      5.87    0.72308      0.205178      0.061986      0.016122      0.032244
A1043_Bouvetoya          19.95      5.74    0.71879      0.021460      0.009138      0.000435      0.000870
MIAGM13142_Marion_island      19.95      6.15    0.71606      0.293929      0.250806      0.045069      0.090139
CI5_Crozet               19.69      5.85    0.71238      0.092155      0.092427      0.024573      0.049146
KI812_Kergulen           19.74      5.21    0.68116      0.501416      0.244360      0.153458      0.306917
HI7_Heard                19.79      5.18    0.67491      0.303341      0.486338      0.388632      0.777263
MI2246_Macquarie         19.74      5.18    0.68190      0.241854      0.186928      0.050853      0.101706
