Population              mean_N    mean_k    mean_He    p_sign_TPM    p_stdv_TPM    p_W_1t_TPM    p_W_2t_TPM
137715_South_Shetlands      19.64      6.10    0.73113      0.219092      0.313008      0.094721      0.189442
W6530/30_pup             19.64      6.08    0.73340      0.002374      0.016440      0.001410      0.002819
BI19_Bouvetoya           19.95      5.74    0.70217      0.191806      0.052673      0.002670      0.005340
MIAGM13122_Marion_island      19.90      6.10    0.71447      0.194247      0.103194      0.042425      0.084850
CI5_Crozet               19.44      5.72    0.70641      0.042093      0.082903      0.002468      0.004935
KI816_Kergulen           19.44      5.31    0.68953      0.492333      0.309729      0.163985      0.327971
HI9_Heard                19.64      5.26    0.70014      0.115064      0.072641      0.017965      0.035930
MI2261_Macquarie         19.95      5.44    0.68782      0.161077      0.140547      0.062425      0.124850
Population              mean_N    mean_k    mean_He    p_sign_TPM    p_stdv_TPM    p_W_1t_TPM    p_W_2t_TPM
137711_South_Shetlands      19.90      6.10    0.72705      0.425826      0.311443      0.144607      0.289213
W9167_mum                19.85      6.21    0.72892      0.191178      0.217950      0.029995      0.059991
A1080_Bouvetoya          19.95      5.90    0.71187      0.048084      0.044181      0.007596      0.015193
MIAGM13144_Marion_island      19.85      6.21    0.71525      0.432603      0.279031      0.167989      0.335977
CI40_Crozet              19.64      5.87    0.71519      0.006041      0.041224      0.001735      0.003471
KI805_Kergulen           19.49      4.90    0.67597      0.110106      0.097544      0.107128      0.214257
HI7_Heard                19.64      5.10    0.68620      0.201604      0.147483      0.061997      0.123994
MI1654_Macquarie         19.90      5.31    0.66813      0.251856      0.256632      0.106608      0.213216
Population              mean_N    mean_k    mean_He    p_sign_TPM    p_stdv_TPM    p_W_1t_TPM    p_W_2t_TPM
137620_South_Shetlands      19.79      5.95    0.73447      0.037824      0.080605      0.008406      0.016812
W9166_pup                19.64      6.13    0.72921      0.362620      0.147755      0.060811      0.121623
BI1_Bouvetoya            19.85      5.82    0.72099      0.207468      0.080626      0.050746      0.101491
MIAGM13139_Marion_island      19.90      6.10    0.72659      0.550931      0.280237      0.123475      0.246950
CI5_Crozet               19.69      5.85    0.72015      0.009474      0.029549      0.006305      0.012611
KI806_Kergulen           19.44      5.05    0.70122      0.018365      0.003405      0.000654      0.001308
HI36_Heard               19.59      5.59    0.69843      0.442002      0.409809      0.312005      0.624010
MI2259_Macquarie         19.85      5.36    0.68559      0.136870      0.051027      0.023043      0.046087
Population              mean_N    mean_k    mean_He    p_sign_TPM    p_stdv_TPM    p_W_1t_TPM    p_W_2t_TPM
137704_South_Shetlands      19.79      6.26    0.74903      0.419791      0.040898      0.011964      0.023927
W6541/41_pup             19.85      6.33    0.72671      0.196838      0.299452      0.115100      0.230200
BI12_Bouvetoya           19.79      5.79    0.70475      0.153945      0.096304      0.039602      0.079205
MIAGM13128_Marion_island      19.79      6.13    0.72973      0.241834      0.176695      0.055661      0.111322
CI5_Crozet               19.49      5.92    0.72621      0.001967      0.001349      0.000049      0.000098
KI816_Kergulen           19.28      5.26    0.69849      0.345230      0.070448      0.050853      0.101706
HI7_Heard                19.64      5.28    0.68900      0.443581      0.446346      0.255802      0.511604
MI2260_Macquarie         20.00      5.38    0.69150      0.282900      0.219817      0.120638      0.241276
Population              mean_N    mean_k    mean_He    p_sign_TPM    p_stdv_TPM    p_W_1t_TPM    p_W_2t_TPM
137716_South_Shetlands      19.95      6.28    0.71425      0.558786      0.135057      0.590047      0.830654
W9161_mum                19.69      5.74    0.69817      0.342205      0.440090      0.218952      0.437905
BI10_Bouvetoya           19.95      5.82    0.71165      0.058891      0.006902      0.001268      0.002537
MIAGM13126_Marion_island      19.74      5.85    0.71213      0.554049      0.168836      0.099554      0.199107
CI39_Crozet              19.64      5.82    0.72476      0.000567      0.005298      0.000031      0.000063
KI814_Kergulen           19.33      5.26    0.69448      0.031274      0.013491      0.006812      0.013624
HI9_Heard                19.79      5.00    0.67076      0.127499      0.142615      0.026525      0.053049
MI2262_Macquarie         19.90      5.49    0.70911      0.266421      0.122835      0.069229      0.138457
Population              mean_N    mean_k    mean_He    p_sign_TPM    p_stdv_TPM    p_W_1t_TPM    p_W_2t_TPM
137723_South_Shetlands      19.95      6.38    0.73625      0.422266      0.217065      0.069229      0.138457
Y/B144/45                19.54      6.08    0.72925      0.455957      0.282589      0.120638      0.241276
BI16_Bouvetoya           19.79      5.56    0.71023      0.203569      0.111273      0.021425      0.042850
MIAGM13143_Marion_island      20.00      6.03    0.72632      0.148038      0.056403      0.017857      0.035713
CI5_Crozet               19.54      5.72    0.71199      0.000019      0.005484      0.000037      0.000073
KI807_Kergulen           19.44      5.26    0.70972      0.024000      0.005388      0.000695      0.001391
HI9_Heard                19.69      4.95    0.68089      0.285841      0.072764      0.027174      0.054348
MI2252_Macquarie         19.90      5.62    0.70941      0.394712      0.150595      0.049277      0.098554
Population              mean_N    mean_k    mean_He    p_sign_TPM    p_stdv_TPM    p_W_1t_TPM    p_W_2t_TPM
137708_South_Shetlands      19.74      6.51    0.75444      0.418574      0.318441      0.144607      0.289213
W9168_pup                19.59      5.95    0.72786      0.106451      0.099585      0.022179      0.044358
BI1_Bouvetoya            19.74      5.72    0.71465      0.135975      0.041056      0.008426      0.016852
MIAGM13135_Marion_island      19.85      6.13    0.73845      0.035133      0.035448      0.006046      0.012092
CI39_Crozet              19.64      5.67    0.70037      0.079317      0.063701      0.012159      0.024319
KI814_Kergulen           19.59      5.18    0.69114      0.133633      0.063811      0.013156      0.026312
HI5_Heard                19.74      5.10    0.66585      0.552561      0.455363      0.246964      0.493928
MI2264_Macquarie         19.85      5.54    0.69495      0.245591      0.218678      0.089750      0.179501
Population              mean_N    mean_k    mean_He    p_sign_TPM    p_stdv_TPM    p_W_1t_TPM    p_W_2t_TPM
137701_South_Shetlands      19.74      6.23    0.74657      0.077786      0.320030      0.050746      0.101491
W01                      19.59      6.10    0.72088      0.114439      0.067680      0.006348      0.012697
A1063_Bouvetoya          19.69      5.90    0.70354      0.469977      0.401756      0.254503      0.509007
MIAGM13113_Marion_island      20.00      6.03    0.72065      0.278588      0.118408      0.015544      0.031088
CI5_Crozet               19.44      5.82    0.72860      0.000027      0.000323      0.000001      0.000003
KI807_Kergulen           18.92      5.08    0.67635      0.275194      0.022264      0.012162      0.024323
HI4_Heard                19.74      5.41    0.69131      0.041865      0.085710      0.011227      0.022454
MI2265_Macquarie         19.95      5.59    0.70245      0.385220      0.305416      0.221438      0.442876
Population              mean_N    mean_k    mean_He    p_sign_TPM    p_stdv_TPM    p_W_1t_TPM    p_W_2t_TPM
137712_South_Shetlands      19.49      5.97    0.72767      0.404139      0.410571      0.229779      0.459558
W9163_mum                19.79      5.97    0.70921      0.426817      0.341583      0.307127      0.614255
A1064_Bouvetoya          20.00      5.69    0.70175      0.511961      0.228397      0.138340      0.276680
MIAGM13069_Marion_island      19.90      5.87    0.72034      0.297656      0.147740      0.049277      0.098554
CI5_Crozet               19.69      5.72    0.70541      0.009237      0.010540      0.000342      0.000684
KI812_Kergulen           19.49      5.41    0.70489      0.226725      0.092927      0.017202      0.034404
HI5_Heard                19.85      5.05    0.66980      0.065547      0.078813      0.025616      0.051233
MI2260_Macquarie         19.95      5.33    0.68894      0.354289      0.446039      0.268557      0.537113
Population              mean_N    mean_k    mean_He    p_sign_TPM    p_stdv_TPM    p_W_1t_TPM    p_W_2t_TPM
137700_South_Shetlands      19.85      6.05    0.73078      0.397015      0.118559      0.047842      0.095683
W9175_pup                19.95      6.05    0.71857      0.477276      0.140676      0.066318      0.132635
A1097_Bouvetoya          19.90      5.79    0.72163      0.007070      0.005233      0.000284      0.000568
MIAGM13115_Marion_island      19.79      6.00    0.72929      0.346766      0.025447      0.002998      0.005996
CI5_Crozet               19.49      5.67    0.71662      0.012162      0.004666      0.000233      0.000466
KI802_Kergulen           19.38      5.13    0.68186      0.524495      0.219204      0.147809      0.295618
HI7_Heard                19.54      5.05    0.68062      0.209626      0.223818      0.132257      0.264514
MI1666_Macquarie         19.85      5.64    0.70187      0.554189      0.378855      0.112398      0.224797
Population              mean_N    mean_k    mean_He    p_sign_TPM    p_stdv_TPM    p_W_1t_TPM    p_W_2t_TPM
137659_South_Shetlands      19.95      6.10    0.73565      0.071688      0.221538      0.047842      0.095683
W06                      19.59      6.15    0.72482      0.413879      0.076440      0.028090      0.056179
BI2_Bouvetoya            19.74      5.82    0.69824      0.547472      0.464290      0.246076      0.492152
MIAGM13130_Marion_island      20.00      6.26    0.73603      0.342265      0.078247      0.019229      0.038457
CI5_Crozet               19.64      5.59    0.70724      0.010749      0.010546      0.002044      0.004087
KI816_Kergulen           19.64      5.31    0.68819      0.102453      0.160989      0.030987      0.061974
HI9_Heard                19.79      5.08    0.67568      0.148904      0.074319      0.037124      0.074247
MI2254_Macquarie         19.79      5.62    0.70219      0.315521      0.151458      0.126357      0.252714
Population              mean_N    mean_k    mean_He    p_sign_TPM    p_stdv_TPM    p_W_1t_TPM    p_W_2t_TPM
137716_South_Shetlands      20.00      6.23    0.74575      0.057879      0.005945      0.000695      0.001391
W9175_pup                19.74      6.26    0.73805      0.034298      0.117263      0.037504      0.075008
A1085_Bouvetoya          19.95      6.05    0.71580      0.559580      0.185157      0.048683      0.097367
MIAGM13125_Marion_island      19.85      6.08    0.73237      0.008266      0.037939      0.002998      0.005996
CI5_Crozet               19.54      5.92    0.70620      0.015091      0.144490      0.020686      0.041373
KI810_Kergulen           19.33      5.26    0.70768      0.016606      0.008197      0.001648      0.003296
HI9_Heard                19.59      4.95    0.67477      0.539850      0.320686      0.102035      0.204070
MI2259_Macquarie         19.90      5.33    0.69417      0.038271      0.020204      0.013680      0.027359
Population              mean_N    mean_k    mean_He    p_sign_TPM    p_stdv_TPM    p_W_1t_TPM    p_W_2t_TPM
137720_South_Shetlands      19.90      6.33    0.73771      0.438142      0.360394      0.209250      0.418500
W6701/01                 19.79      5.92    0.73188      0.392458      0.071725      0.023752      0.047505
BI19_Bouvetoya           19.95      5.64    0.70532      0.014084      0.039036      0.001766      0.003531
MIAGM13121_Marion_island      19.95      5.95    0.72603      0.298382      0.055324      0.029995      0.059991
CI40_Crozet              19.64      5.72    0.71289      0.015736      0.009551      0.000182      0.000364
KI813_Kergulen           19.54      5.15    0.68385      0.210968      0.075940      0.027174      0.054348
HI5_Heard                19.79      5.31    0.68096      0.477540      0.274715      0.078448      0.156895
MI2259_Macquarie         19.85      5.36    0.69640      0.087443      0.019000      0.000817      0.001635
Population              mean_N    mean_k    mean_He    p_sign_TPM    p_stdv_TPM    p_W_1t_TPM    p_W_2t_TPM
137712_South_Shetlands      19.74      6.38    0.74600      0.232573      0.061633      0.006305      0.012611
W6537/37_FWB_pup         19.85      6.18    0.72732      0.150434      0.119525      0.034770      0.069541
A1049_Bouvetoya          20.00      5.74    0.72389      0.000817      0.021548      0.001410      0.002819
MIAGM13128_Marion_island      20.00      6.15    0.71633      0.118612      0.218151      0.065537      0.131075
CI40_Crozet              19.69      5.79    0.71834      0.001204      0.007689      0.000117      0.000234
KI812_Kergulen           19.13      5.28    0.68964      0.207138      0.223343      0.112398      0.224797
HI5_Heard                19.74      5.21    0.67691      0.360287      0.409368      0.273949      0.547898
MI1680_Macquarie         19.90      5.44    0.68032      0.483197      0.499657      0.178715      0.357431
Population              mean_N    mean_k    mean_He    p_sign_TPM    p_stdv_TPM    p_W_1t_TPM    p_W_2t_TPM
137721_South_Shetlands      19.79      6.18    0.73087      0.430597      0.359498      0.164510      0.329021
W6548                    19.90      5.74    0.71824      0.181347      0.047642      0.012428      0.024856
A1073_Bouvetoya          19.69      5.56    0.68675      0.402379      0.257361      0.151057      0.302114
MIAGM13059_Marion_island      19.74      6.00    0.71186      0.129309      0.060505      0.043564      0.087128
CI40_Crozet              19.79      5.97    0.71669      0.137155      0.047809      0.006523      0.013047
KI814_Kergulen           19.44      5.36    0.68979      0.162084      0.059565      0.018851      0.037703
HI7_Heard                19.79      4.90    0.66790      0.214116      0.080398      0.024734      0.049468
MI2253_Macquarie         19.90      5.46    0.68180      0.324316      0.221509      0.124555      0.249111
Population              mean_N    mean_k    mean_He    p_sign_TPM    p_stdv_TPM    p_W_1t_TPM    p_W_2t_TPM
137723_South_Shetlands      19.79      5.87    0.72480      0.197472      0.043815      0.012907      0.025814
W6550                    19.74      6.03    0.71555      0.479527      0.400962      0.273324      0.546649
A1002_Bouvetoya          19.69      5.79    0.70330      0.322110      0.144383      0.088306      0.176611
MIAGM13114_Marion_island      19.90      6.13    0.72281      0.310793      0.209526      0.107128      0.214257
CI40_Crozet              19.74      5.95    0.71255      0.401894      0.151036      0.094721      0.189442
KI813_Kergulen           19.44      5.21    0.67929      0.395365      0.430075      0.260280      0.520561
HI9_Heard                19.64      5.33    0.69077      0.214161      0.088745      0.014779      0.029559
MI2254_Macquarie         19.90      5.31    0.68459      0.021414      0.118541      0.024519      0.049038
Population              mean_N    mean_k    mean_He    p_sign_TPM    p_stdv_TPM    p_W_1t_TPM    p_W_2t_TPM
137723_South_Shetlands      19.79      6.13    0.72336      0.439597      0.191536      0.081240      0.162480
W9169_pup                20.00      6.10    0.71795      0.468101      0.311361      0.221438      0.442876
2207_Bouvetoya           19.95      5.95    0.72309      0.036383      0.044231      0.002022      0.004043
MIAGM13128_Marion_island      19.90      6.31    0.74090      0.122385      0.094456      0.019980      0.039961
CI5_Crozet               19.59      5.72    0.70892      0.102020      0.028965      0.003265      0.006529
KI805_Kergulen           19.33      5.10    0.68821      0.166549      0.043185      0.022234      0.044469
HI9_Heard                19.74      5.08    0.66401      0.466627      0.460658      0.447863      0.895725
MI2262_Macquarie         19.95      5.59    0.69287      0.068883      0.042683      0.013156      0.026312
Population              mean_N    mean_k    mean_He    p_sign_TPM    p_stdv_TPM    p_W_1t_TPM    p_W_2t_TPM
137697_South_Shetlands      19.90      6.33    0.72636      0.425310      0.216941      0.090060      0.180119
W6754                    19.74      5.95    0.72371      0.044590      0.071480      0.033639      0.067279
BI21_Bouvetoya           19.85      5.56    0.70100      0.057916      0.100299      0.036173      0.072347
MIAGM13117_Marion_island      20.00      6.21    0.71795      0.406329      0.166320      0.475250      0.950500
CI5_Crozet               19.49      5.87    0.71936      0.029217      0.047965      0.009856      0.019713
KI813_Kergulen           19.49      5.03    0.66922      0.533835      0.243797      0.146689      0.293377
HI9_Heard                19.74      5.28    0.67904      0.507125      0.297447      0.143378      0.286757
MI2248_Macquarie         19.85      5.38    0.69281      0.474630      0.340882      0.194232      0.388464
Population              mean_N    mean_k    mean_He    p_sign_TPM    p_stdv_TPM    p_W_1t_TPM    p_W_2t_TPM
137705_South_Shetlands      19.90      6.21    0.72794      0.425919      0.437969      0.297472      0.594945
W6755                    19.69      6.05    0.71474      0.488309      0.368424      0.205275      0.410550
A1085_Bouvetoya          19.90      5.79    0.69141      0.542578      0.455191      0.448681      0.897361
MIAGM13117_Marion_island      19.90      5.79    0.72848      0.379627      0.020508      0.002022      0.004043
CI40_Crozet              19.69      5.92    0.72575      0.031164      0.022489      0.002594      0.005187
KI813_Kergulen           19.49      5.18    0.68997      0.013084      0.105898      0.022179      0.044358
HI7_Heard                19.79      5.15    0.68492      0.359506      0.185258      0.085095      0.170191
MI2264_Macquarie         19.90      5.51    0.69236      0.350714      0.435654      0.336864      0.673729
Population              mean_N    mean_k    mean_He    p_sign_TPM    p_stdv_TPM    p_W_1t_TPM    p_W_2t_TPM
137703_South_Shetlands      19.79      6.44    0.73845      0.416730      0.339664      0.316915      0.633830
W9134_mum                19.74      5.97    0.71726      0.242118      0.293617      0.050853      0.101706
A1079_Bouvetoya          19.90      5.69    0.72809      0.029528      0.019445      0.013402      0.026804
MIAGM13134_Marion_island      19.64      5.49    0.70827      0.165642      0.034488      0.006046      0.012092
CI40_Crozet              19.64      5.90    0.71956      0.052145      0.045191      0.002983      0.005966
KI816_Kergulen           19.49      4.97    0.67187      0.275131      0.060398      0.019289      0.038578
HI9_Heard                19.74      5.05    0.66473      0.394072      0.202772      0.160427      0.320853
MI2265_Macquarie         19.90      5.41    0.68897      0.124947      0.225802      0.115100      0.230200
Population              mean_N    mean_k    mean_He    p_sign_TPM    p_stdv_TPM    p_W_1t_TPM    p_W_2t_TPM
137697_South_Shetlands      19.64      6.41    0.73889      0.464699      0.465410      0.135276      0.270551
W9166_pup                19.74      5.97    0.71714      0.209832      0.177482      0.067364      0.134728
A1011_Bouvetoya          19.79      6.03    0.71326      0.350227      0.420210      0.198233      0.396465
MIAGM13140_Marion_island      19.90      5.95    0.72051      0.119146      0.075262      0.023752      0.047505
CI38_Crozet              19.54      5.64    0.71681      0.003960      0.004228      0.000074      0.000147
KI807_Kergulen           19.54      5.44    0.70046      0.097371      0.153946      0.104560      0.209119
HI9_Heard                19.69      5.31    0.68593      0.266859      0.241626      0.138340      0.276680
MI2259_Macquarie         19.95      5.41    0.67017      0.230092      0.033909      0.770221      0.468025
Population              mean_N    mean_k    mean_He    p_sign_TPM    p_stdv_TPM    p_W_1t_TPM    p_W_2t_TPM
137723_South_Shetlands      20.00      6.13    0.71430      0.461023      0.426295      0.347014      0.694029
ATF04                    19.90      6.08    0.73345      0.148190      0.008712      0.000618      0.001236
A1098_Bouvetoya          19.74      5.87    0.70754      0.367646      0.139457      0.057339      0.114678
MIAGM13120_Marion_island      20.00      5.97    0.71849      0.331458      0.067915      0.028419      0.056839
CI40_Crozet              19.74      5.87    0.71892      0.029785      0.006329      0.002250      0.004500
KI814_Kergulen           19.49      5.18    0.67559      0.205841      0.119763      0.064442      0.128884
HI9_Heard                19.74      5.31    0.67201      0.476621      0.271014      0.381678      0.763357
MI2256_Macquarie         20.00      5.31    0.68691      0.138348      0.025699      0.008376      0.016753
Population              mean_N    mean_k    mean_He    p_sign_TPM    p_stdv_TPM    p_W_1t_TPM    p_W_2t_TPM
137714_South_Shetlands      19.74      6.21    0.72755      0.312234      0.210370      0.120638      0.241276
Y/B132/33                19.59      5.72    0.71733      0.509474      0.086316      0.036348      0.072695
A1021_Bouvetoya          19.69      5.82    0.72345      0.136279      0.041254      0.006812      0.013624
MIAGM13144_Marion_island      19.79      5.87    0.71144      0.209733      0.121987      0.047832      0.095663
CI5_Crozet               19.74      5.79    0.73030      0.001193      0.001057      0.000042      0.000085
KI810_Kergulen           19.28      5.18    0.70134      0.070910      0.010196      0.005795      0.011591
HI7_Heard                19.79      5.21    0.67464      0.285734      0.488038      0.147809      0.295618
MI2254_Macquarie         19.90      5.13    0.67638      0.337189      0.303514      0.130632      0.261265
Population              mean_N    mean_k    mean_He    p_sign_TPM    p_stdv_TPM    p_W_1t_TPM    p_W_2t_TPM
137714_South_Shetlands      19.69      6.26    0.72981      0.202671      0.305358      0.535726      0.939518
W9172_pup                19.90      6.13    0.70882      0.225628      0.102014      0.486244      0.972488
BI23_Bouvetoya           19.85      5.85    0.71132      0.129136      0.053625      0.028338      0.056677
MIAGM13144_Marion_island      19.85      6.00    0.72186      0.158692      0.028564      0.003626      0.007252
CI5_Crozet               19.54      5.97    0.71679      0.035829      0.026988      0.007112      0.014224
KI812_Kergulen           19.38      5.15    0.68540      0.241186      0.209437      0.193615      0.387231
HI9_Heard                19.95      5.31    0.69165      0.074648      0.062014      0.025616      0.051233
MI2267_Macquarie         19.90      5.56    0.69543      0.189630      0.164468      0.034958      0.069917
Population              mean_N    mean_k    mean_He    p_sign_TPM    p_stdv_TPM    p_W_1t_TPM    p_W_2t_TPM
137722_South_Shetlands      19.79      6.31    0.72284      0.562552      0.217749      0.663136      0.683851
W9136_pup                19.49      6.21    0.74440      0.000464      0.007424      0.000079      0.000158
BI21_Bouvetoya           19.95      5.95    0.71712      0.475256      0.234184      0.132257      0.264514
MIAGM13143_Marion_island      20.00      5.97    0.72335      0.029933      0.055794      0.010250      0.020501
CI39_Crozet              19.64      5.64    0.70827      0.017773      0.011653      0.000342      0.000683
KI816_Kergulen           19.69      5.31    0.69476      0.153560      0.092661      0.062607      0.125213
HI9_Heard                19.54      5.28    0.67318      0.353878      0.141814      0.563032      0.884820
MI1654_Macquarie         19.90      5.36    0.68599      0.192702      0.216102      0.028090      0.056179
Population              mean_N    mean_k    mean_He    p_sign_TPM    p_stdv_TPM    p_W_1t_TPM    p_W_2t_TPM
137684_South_Shetlands      19.95      6.18    0.72189      0.197300      0.053941      0.016567      0.033135
W9170_pup                19.54      6.18    0.73792      0.097167      0.115127      0.011685      0.023371
BI3_Bouvetoya            19.95      5.59    0.71462      0.132528      0.045995      0.009107      0.018213
MIAGM13127_Marion_island      20.00      6.41    0.73549      0.217553      0.014200      0.003459      0.006918
CI5_Crozet               19.64      5.90    0.71301      0.138655      0.052472      0.009158      0.018315
KI812_Kergulen           19.54      5.10    0.69092      0.067745      0.021635      0.004674      0.009348
HI7_Heard                19.74      5.28    0.68033      0.375984      0.445809      0.089750      0.179501
MI2267_Macquarie         19.90      5.74    0.71828      0.136378      0.220192      0.042425      0.084850
Population              mean_N    mean_k    mean_He    p_sign_TPM    p_stdv_TPM    p_W_1t_TPM    p_W_2t_TPM
137717_South_Shetlands      19.85      6.26    0.72781      0.331595      0.497009      0.178699      0.357397
ATP21                    19.79      6.13    0.72479      0.120774      0.196105      0.077077      0.154154
A1098_Bouvetoya          19.79      5.92    0.71200      0.395886      0.159932      0.109426      0.218852
MIAGM13113_Marion_island      20.00      5.90    0.70337      0.075554      0.123983      0.040890      0.081780
CI5_Crozet               19.49      5.92    0.72116      0.148084      0.017921      0.001735      0.003471
KI805_Kergulen           19.74      5.26    0.68996      0.239643      0.098918      0.127569      0.255139
HI7_Heard                19.79      5.13    0.69640      0.032689      0.040889      0.002044      0.004087
MI2260_Macquarie         19.95      5.21    0.69597      0.143188      0.054736      0.026525      0.053049
Population              mean_N    mean_k    mean_He    p_sign_TPM    p_stdv_TPM    p_W_1t_TPM    p_W_2t_TPM
137666_South_Shetlands      19.85      5.92    0.70370      0.149271      0.361951      0.584673      0.841433
W9163_pup                19.69      5.95    0.72903      0.083988      0.106684      0.005720      0.011439
A1061_Bouvetoya          19.95      5.56    0.71608      0.017128      0.003792      0.000321      0.000643
MIAGM13139_Marion_island      19.79      6.18    0.72919      0.146493      0.042963      0.021449      0.042898
CI40_Crozet              19.59      5.87    0.72145      0.000594      0.018085      0.000519      0.001038
KI816_Kergulen           19.49      4.85    0.65990      0.190302      0.053013      0.042761      0.085522
HI7_Heard                19.64      5.21    0.69588      0.018422      0.051235      0.007423      0.014845
MI2265_Macquarie         19.85      5.62    0.70546      0.297234      0.160174      0.047842      0.095683
Population              mean_N    mean_k    mean_He    p_sign_TPM    p_stdv_TPM    p_W_1t_TPM    p_W_2t_TPM
137720_South_Shetlands      19.79      6.26    0.72857      0.439105      0.486979      0.213269      0.426539
Y/B132/33                19.69      5.87    0.71890      0.473999      0.308824      0.076320      0.152639
A1083_Bouvetoya          19.95      5.74    0.71253      0.301860      0.024485      0.002289      0.004578
MIAGM13065_Marion_island      19.69      6.08    0.72492      0.458688      0.412637      0.415327      0.830654
CI5_Crozet               19.49      5.74    0.70795      0.022375      0.014511      0.000468      0.000937
KI816_Kergulen           19.74      5.36    0.69927      0.207423      0.085972      0.107128      0.214257
HI9_Heard                19.85      5.33    0.68268      0.143189      0.200518      0.094587      0.189174
MI2269_Macquarie         19.85      5.41    0.69412      0.007821      0.097734      0.030422      0.060843
Population              mean_N    mean_k    mean_He    p_sign_TPM    p_stdv_TPM    p_W_1t_TPM    p_W_2t_TPM
137708_South_Shetlands      19.85      6.05    0.73120      0.434346      0.333532      0.053785      0.107569
W9137_mum                19.74      6.15    0.72162      0.202488      0.197933      0.046439      0.092879
A1081_Bouvetoya          19.85      5.64    0.70684      0.051208      0.030766      0.012428      0.024856
MIAGM13123_Marion_island      20.00      5.95    0.71673      0.089431      0.049010      0.015952      0.031905
CI40_Crozet              19.69      5.72    0.71451      0.007933      0.011836      0.000490      0.000979
KI816_Kergulen           19.38      5.26    0.68702      0.395945      0.246481      0.141450      0.282901
HI7_Heard                19.54      5.05    0.69187      0.122710      0.055374      0.018617      0.037235
MI1685_Macquarie         19.90      5.33    0.68156      0.198774      0.030217      0.006644      0.013288
Population              mean_N    mean_k    mean_He    p_sign_TPM    p_stdv_TPM    p_W_1t_TPM    p_W_2t_TPM
137691_South_Shetlands      19.69      6.38    0.73090      0.286258      0.329547      0.126357      0.252714
W9170_mum                19.85      6.05    0.71293      0.265163      0.280679      0.178699      0.357397
A1035_Bouvetoya          19.85      5.69    0.71344      0.227849      0.022888      0.008079      0.016159
MIAGM13125_Marion_island      19.95      6.15    0.72781      0.266539      0.169874      0.062607      0.125213
CI5_Crozet               19.79      5.82    0.71815      0.004720      0.007418      0.004474      0.008947
KI816_Kergulen           19.79      4.85    0.65669      0.020207      0.043179      0.020347      0.040694
HI9_Heard                19.59      5.33    0.68546      0.418497      0.319419      0.420717      0.841433
MI2269_Macquarie         19.95      5.33    0.67799      0.415436      0.398114      0.393934      0.787868
Population              mean_N    mean_k    mean_He    p_sign_TPM    p_stdv_TPM    p_W_1t_TPM    p_W_2t_TPM
137693_South_Shetlands      20.00      6.13    0.72551      0.554558      0.270484      0.151057      0.302114
W6527/27                 19.85      6.18    0.73636      0.313565      0.104288      0.037504      0.075008
A1075_Bouvetoya          19.90      5.54    0.72357      0.030369      0.019385      0.006853      0.013707
MIAGM13138_Marion_island      19.85      6.05    0.72291      0.405410      0.104685      0.073074      0.146148
CI5_Crozet               19.54      5.64    0.71064      0.005970      0.015071      0.001202      0.002405
KI813_Kergulen           19.69      5.21    0.68380      0.280749      0.195662      0.097116      0.194231
HI7_Heard                19.74      5.31    0.69169      0.238835      0.113899      0.070192      0.140385
MI2270_Macquarie         19.90      5.36    0.68807      0.405269      0.127333      0.041373      0.082746
Population              mean_N    mean_k    mean_He    p_sign_TPM    p_stdv_TPM    p_W_1t_TPM    p_W_2t_TPM
137686_South_Shetlands      20.00      6.56    0.73374      0.502583      0.155944      0.068234      0.136468
W14                      19.79      6.03    0.72276      0.209651      0.124970      0.067364      0.134728
BI1_Bouvetoya            19.90      6.10    0.71050      0.191868      0.487599      0.392663      0.785327
MIAGM13135_Marion_island      19.95      5.90    0.70909      0.071573      0.089261      0.028419      0.056839
CI40_Crozet              19.69      5.85    0.71305      0.170759      0.021312      0.012907      0.025814
KI795_Kergulen           19.49      5.18    0.69075      0.282254      0.134804      0.085567      0.171134
HI9_Heard                19.74      5.18    0.66317      0.235379      0.236941      0.118674      0.237349
MI2259_Macquarie         20.00      5.31    0.67706      0.383596      0.485762      0.302283      0.604566
Population              mean_N    mean_k    mean_He    p_sign_TPM    p_stdv_TPM    p_W_1t_TPM    p_W_2t_TPM
137717_South_Shetlands      19.79      6.13    0.72952      0.160567      0.182458      0.046374      0.092749
Y/B142/43                19.74      6.26    0.73805      0.545591      0.379272      0.189818      0.379637
A1097_Bouvetoya          19.90      6.00    0.70980      0.489615      0.460506      0.378088      0.756177
MIAGM13140_Marion_island      19.79      6.18    0.72064      0.445298      0.273625      0.151057      0.302114
CI5_Crozet               19.54      5.62    0.71432      0.041310      0.010170      0.000093      0.000186
KI807_Kergulen           19.64      5.18    0.67351      0.228680      0.404435      0.469759      0.939518
HI9_Heard                19.90      5.49    0.70040      0.283659      0.117626      0.060811      0.121623
MI2254_Macquarie         20.00      5.64    0.71309      0.331207      0.260393      0.082835      0.165670
Population              mean_N    mean_k    mean_He    p_sign_TPM    p_stdv_TPM    p_W_1t_TPM    p_W_2t_TPM
137716_South_Shetlands      19.90      6.08    0.72544      0.180112      0.104995      0.028090      0.056179
W9137_mum                19.90      5.95    0.71206      0.528128      0.247055      0.068234      0.136468
A1089_Bouvetoya          19.85      5.77    0.71065      0.003942      0.039958      0.000903      0.001807
MIAGM13136_Marion_island      19.90      5.85    0.72169      0.355124      0.104632      0.040890      0.081780
CI40_Crozet              19.54      5.72    0.72131      0.064222      0.005917      0.000421      0.000841
KI802_Kergulen           19.38      5.18    0.69505      0.012396      0.046918      0.026283      0.052567
HI9_Heard                19.64      5.26    0.68540      0.437232      0.440412      0.399256      0.798511
MI2249_Macquarie         20.00      5.46    0.70297      0.346182      0.097313      0.040890      0.081780
Population              mean_N    mean_k    mean_He    p_sign_TPM    p_stdv_TPM    p_W_1t_TPM    p_W_2t_TPM
137693_South_Shetlands      19.95      6.31    0.73522      0.157260      0.160742      0.034770      0.069541
W9175_pup                19.79      5.92    0.72086      0.013679      0.085887      0.029030      0.058060
A1098_Bouvetoya          19.90      5.59    0.69748      0.078635      0.028448      0.006337      0.012674
MIAGM13135_Marion_island      20.00      6.15    0.72186      0.397918      0.405409      0.135276      0.270551
CI40_Crozet              19.64      5.79    0.70791      0.014372      0.103185      0.009475      0.018950
KI812_Kergulen           19.33      4.87    0.65884      0.175205      0.407368      0.161078      0.322156
HI9_Heard                19.74      5.33    0.67951      0.547076      0.468942      0.326829      0.653658
MI2258_Macquarie         19.79      5.56    0.70440      0.216014      0.295145      0.129284      0.258568
Population              mean_N    mean_k    mean_He    p_sign_TPM    p_stdv_TPM    p_W_1t_TPM    p_W_2t_TPM
137723_South_Shetlands      19.79      6.23    0.73712      0.336558      0.252820      0.060283      0.120565
W9165_mum                19.54      5.82    0.73733      0.011779      0.002053      0.000045      0.000091
A1012_Bouvetoya          19.85      5.95    0.72861      0.267951      0.014457      0.004674      0.009348
MIAGM13133_Marion_island      19.85      6.03    0.72518      0.032084      0.165746      0.046439      0.092879
CI5_Crozet               19.54      5.79    0.71415      0.046432      0.032487      0.005233      0.010465
KI813_Kergulen           19.59      5.21    0.68784      0.173806      0.232792      0.069229      0.138457
HI9_Heard                19.74      5.18    0.67490      0.372950      0.147763      0.056962      0.113925
MI2265_Macquarie         19.85      5.21    0.68048      0.073062      0.048858      0.013156      0.026312
Population              mean_N    mean_k    mean_He    p_sign_TPM    p_stdv_TPM    p_W_1t_TPM    p_W_2t_TPM
137695_South_Shetlands      19.90      6.38    0.74617      0.211148      0.080239      0.011514      0.023028
W9170_mum                19.85      6.05    0.73053      0.140609      0.257211      0.058604      0.117209
A1093_Bouvetoya          19.74      5.87    0.71702      0.459996      0.258950      0.154351      0.308703
MIAGM13134_Marion_island      19.95      6.26    0.72215      0.430813      0.141834      0.063749      0.127497
CI5_Crozet               19.69      5.85    0.71560      0.102367      0.015573      0.000759      0.001517
KI812_Kergulen           19.64      5.26    0.69612      0.188144      0.053919      0.021425      0.042850
HI7_Heard                19.69      5.38    0.68199      0.558966      0.388360      0.321856      0.643713
MI2252_Macquarie         20.00      5.31    0.70148      0.332911      0.107939      0.024734      0.049468
Population              mean_N    mean_k    mean_He    p_sign_TPM    p_stdv_TPM    p_W_1t_TPM    p_W_2t_TPM
137705_South_Shetlands      20.00      6.31    0.73104      0.560051      0.215265      0.077077      0.154154
W9138_mum                19.79      6.41    0.73447      0.322594      0.445527      0.186067      0.372133
A1055_Bouvetoya          19.95      5.92    0.69995      0.330894      0.154833      0.047832      0.095663
MIAGM13142_Marion_island      19.90      6.13    0.73218      0.132341      0.040762      0.021425      0.042850
CI5_Crozet               19.54      5.95    0.71841      0.055145      0.184615      0.055356      0.110712
KI814_Kergulen           19.59      5.49    0.70765      0.299529      0.206398      0.087792      0.175584
HI7_Heard                19.74      5.33    0.68809      0.257416      0.218199      0.078448      0.156895
MI2269_Macquarie         19.90      5.56    0.68855      0.498884      0.388676      0.167594      0.335188
Population              mean_N    mean_k    mean_He    p_sign_TPM    p_stdv_TPM    p_W_1t_TPM    p_W_2t_TPM
137709_South_Shetlands      19.69      6.18    0.70514      0.153813      0.159639      0.687995      0.633830
W6528/28_pup             19.90      6.13    0.72373      0.074082      0.346857      0.135276      0.270551
A1086_Bouvetoya          19.85      5.74    0.70888      0.435566      0.220620      0.154351      0.308703
MIAGM13142_Marion_island      19.85      6.03    0.72274      0.115915      0.052130      0.010658      0.021316
CI40_Crozet              19.74      6.00    0.73109      0.052557      0.013750      0.001181      0.002361
KI813_Kergulen           19.44      5.15    0.70738      0.035264      0.016710      0.001376      0.002752
HI7_Heard                19.69      5.41    0.69983      0.506955      0.298568      0.178715      0.357431
MI2251_Macquarie         19.90      5.54    0.70879      0.018289      0.047896      0.001565      0.003130
Population              mean_N    mean_k    mean_He    p_sign_TPM    p_stdv_TPM    p_W_1t_TPM    p_W_2t_TPM
137718_South_Shetlands      20.00      6.44    0.73887      0.521930      0.393077      0.221438      0.442876
W6545                    19.74      6.28    0.72857      0.163071      0.198098      0.124555      0.249111
A1098_Bouvetoya          19.69      5.74    0.71859      0.019087      0.018428      0.000820      0.001640
MIAGM13128_Marion_island      19.95      6.18    0.73487      0.092223      0.011573      0.000734      0.001468
CI5_Crozet               19.49      5.59    0.70828      0.037980      0.010231      0.000093      0.000186
KI816_Kergulen           19.49      5.18    0.69600      0.125142      0.095365      0.041149      0.082299
HI36_Heard               19.74      5.33    0.69964      0.417688      0.080962      0.023043      0.046087
MI2264_Macquarie         19.95      5.33    0.69391      0.121218      0.235347      0.138340      0.276680
Population              mean_N    mean_k    mean_He    p_sign_TPM    p_stdv_TPM    p_W_1t_TPM    p_W_2t_TPM
137702_South_Shetlands      19.85      5.95    0.71716      0.533358      0.199946      0.055356      0.110712
W9137_pup                19.79      6.23    0.72902      0.174192      0.116325      0.046374      0.092749
A1093_Bouvetoya          19.90      5.79    0.71667      0.404105      0.152101      0.085567      0.171134
MIAGM13125_Marion_island      19.90      5.82    0.71228      0.262547      0.179969      0.072192      0.144384
CI5_Crozet               19.69      5.82    0.71863      0.015547      0.023476      0.001827      0.003653
KI816_Kergulen           19.64      5.26    0.69426      0.009684      0.011650      0.000695      0.001391
HI9_Heard                19.85      5.33    0.68703      0.411374      0.403690      0.328294      0.656587
MI2264_Macquarie         19.90      5.38    0.69641      0.224747      0.317701      0.068234      0.136468
Population              mean_N    mean_k    mean_He    p_sign_TPM    p_stdv_TPM    p_W_1t_TPM    p_W_2t_TPM
137718_South_Shetlands      19.64      6.41    0.73477      0.197134      0.248968      0.154351      0.308703
W6530/30                 19.79      5.92    0.73396      0.381105      0.028425      0.005003      0.010006
BI6_Bouvetoya            19.90      5.69    0.70968      0.529329      0.185366      0.112987      0.225975
MIAGM13124_Marion_island      19.90      5.85    0.71554      0.146280      0.060975      0.023876      0.047753
CI38_Crozet              19.69      6.00    0.73018      0.035955      0.002523      0.000029      0.000058
KI802_Kergulen           19.59      5.18    0.69723      0.111924      0.052195      0.012428      0.024856
HI9_Heard                19.69      5.33    0.68712      0.534922      0.464078      0.144607      0.289213
MI2251_Macquarie         19.90      5.13    0.67621      0.079973      0.198572      0.028419      0.056839
Population              mean_N    mean_k    mean_He    p_sign_TPM    p_stdv_TPM    p_W_1t_TPM    p_W_2t_TPM
137703_South_Shetlands      19.79      6.05    0.71970      0.554574      0.282563      0.120638      0.241276
W6520/20_pup             19.90      5.97    0.73375      0.003943      0.023003      0.001854      0.003708
2269_Bouvetoya           19.90      5.92    0.70920      0.398915      0.173253      0.102190      0.204380
MIAGM13110_Marion_island      19.95      6.00    0.71718      0.312665      0.241840      0.092369      0.184738
CI5_Crozet               19.49      5.64    0.71643      0.000726      0.001253      0.000016      0.000031
KI805_Kergulen           19.23      5.21    0.69147      0.117423      0.100031      0.099609      0.199218
HI9_Heard                19.74      5.54    0.69031      0.503893      0.453405      0.431718      0.863436
MI2249_Macquarie         19.90      5.13    0.67337      0.272720      0.082477      0.013201      0.026403
Population              mean_N    mean_k    mean_He    p_sign_TPM    p_stdv_TPM    p_W_1t_TPM    p_W_2t_TPM
137716_South_Shetlands      19.95      6.26    0.72107      0.039805      0.353635      0.062607      0.125213
W08                      19.74      6.13    0.71306      0.212154      0.106033      0.025616      0.051233
A1094_Bouvetoya          19.69      5.95    0.70392      0.348643      0.262345      0.124555      0.249111
MIAGM13142_Marion_island      19.90      6.44    0.73463      0.313723      0.284567      0.144607      0.289213
CI5_Crozet               19.59      5.92    0.72240      0.030386      0.018147      0.001080      0.002159
KI798_Kergulen           19.54      5.21    0.69449      0.270847      0.046304      0.009475      0.018950
HI9_Heard                19.69      5.28    0.66699      0.237686      0.425034      0.178715      0.357431
MI2264_Macquarie         19.90      5.41    0.67728      0.409374      0.402747      0.140118      0.280235
Population              mean_N    mean_k    mean_He    p_sign_TPM    p_stdv_TPM    p_W_1t_TPM    p_W_2t_TPM
137722_South_Shetlands      19.90      6.44    0.72088      0.234782      0.237177      0.606066      0.798511
SG29_South_Georgia       19.64      5.95    0.71415      0.180538      0.063414      0.014901      0.029801
A1093_Bouvetoya          19.79      5.82    0.72735      0.002339      0.002053      0.000182      0.000364
MIAGM13137_Marion_island      19.95      6.03    0.73645      0.012512      0.021734      0.001766      0.003531
CI40_Crozet              19.69      5.87    0.71726      0.006338      0.025870      0.001521      0.003043
KI814_Kergulen           19.59      5.21    0.69535      0.374467      0.012603      0.010784      0.021568
HI7_Heard                19.74      5.15    0.68516      0.418561      0.355814      0.209250      0.418500
MI2270_Macquarie         20.00      5.46    0.70229      0.496888      0.091186      0.040890      0.081780
Population              mean_N    mean_k    mean_He    p_sign_TPM    p_stdv_TPM    p_W_1t_TPM    p_W_2t_TPM
137712_South_Shetlands      19.64      5.87    0.71725      0.220470      0.069203      0.011227      0.022454
Y/B144/45                19.74      5.97    0.71442      0.472492      0.449717      0.209250      0.418500
BI5_Bouvetoya            19.79      6.00    0.71911      0.061368      0.139098      0.029365      0.058730
MIAGM13134_Marion_island      19.95      6.15    0.72065      0.506681      0.227466      0.121590      0.243181
CI5_Crozet               19.54      5.92    0.73148      0.002726      0.000937      0.000013      0.000026
KI814_Kergulen           19.18      5.44    0.69647      0.236457      0.196507      0.099609      0.199218
HI9_Heard                19.79      5.26    0.67966      0.204126      0.349972      0.255802      0.511604
MI2260_Macquarie         19.90      5.21    0.67469      0.144988      0.291894      0.127569      0.255139
Population              mean_N    mean_k    mean_He    p_sign_TPM    p_stdv_TPM    p_W_1t_TPM    p_W_2t_TPM
137716_South_Shetlands      19.90      6.26    0.72212      0.311606      0.359647      0.234013      0.468025
W9134_mum                19.64      6.18    0.72783      0.216460      0.407872      0.287955      0.575910
A1098_Bouvetoya          19.90      6.03    0.72772      0.024720      0.004958      0.000598      0.001196
MIAGM13137_Marion_island      19.90      6.05    0.72341      0.089982      0.137777      0.027459      0.054917
CI39_Crozet              19.74      5.79    0.72775      0.002010      0.001765      0.000016      0.000031
KI798_Kergulen           19.38      5.31    0.69033      0.364750      0.151975      0.034770      0.069541
HI5_Heard                19.79      5.46    0.68374      0.484692      0.312126      0.150049      0.300097
MI2248_Macquarie         19.79      5.38    0.68659      0.291513      0.473421      0.189818      0.379637
Population              mean_N    mean_k    mean_He    p_sign_TPM    p_stdv_TPM    p_W_1t_TPM    p_W_2t_TPM
137721_South_Shetlands      19.90      6.03    0.72693      0.315041      0.131002      0.024573      0.049146
W9170_pup                19.85      5.95    0.71457      0.509522      0.182667      0.121590      0.243181
A1072_Bouvetoya          19.90      5.72    0.71799      0.044846      0.031245      0.007745      0.015490
MIAGM13140_Marion_island      19.85      6.26    0.73220      0.466091      0.090408      0.023752      0.047505
CI39_Crozet              19.69      5.79    0.72684      0.000094      0.001410      0.000005      0.000010
KI813_Kergulen           19.54      5.08    0.68373      0.297270      0.119671      0.120638      0.241276
HI7_Heard                19.59      5.21    0.67330      0.086904      0.234538      0.415327      0.830654
MI2252_Macquarie         19.79      5.38    0.69232      0.159120      0.282505      0.059056      0.118111
Population              mean_N    mean_k    mean_He    p_sign_TPM    p_stdv_TPM    p_W_1t_TPM    p_W_2t_TPM
137708_South_Shetlands      19.95      6.18    0.72485      0.489222      0.451709      0.221438      0.442876
Y/B134/35                19.79      6.03    0.72934      0.059641      0.034116      0.000445      0.000891
BI22_Bouvetoya           19.90      5.67    0.69686      0.385586      0.295960      0.085095      0.170191
MIAGM13133_Marion_island      19.95      6.18    0.73045      0.439161      0.088593      0.029030      0.058060
CI40_Crozet              19.59      5.69    0.70569      0.059024      0.085593      0.012907      0.025814
KI816_Kergulen           19.33      5.03    0.67902      0.073494      0.029848      0.019946      0.039893
HI9_Heard                19.74      5.26    0.68242      0.535298      0.443288      0.367633      0.735266
MI2253_Macquarie         19.90      5.33    0.68082      0.086428      0.304603      0.107493      0.214987
