Population              mean_N    mean_k    mean_He    p_sign_TPM    p_stdv_TPM    p_W_1t_TPM    p_W_2t_TPM
137712_South_Shetlands      19.64      6.44    0.74004      0.225192      0.289367      0.045069      0.090139
W9135_mum                19.85      6.31    0.73495      0.487878      0.140215      0.094587      0.189174
A1086_Bouvetoya          19.90      5.72    0.70124      0.131126      0.143415      0.010784      0.021568
MIAGM13134_Marion_island      20.00      6.44    0.73495      0.431226      0.449939      0.341925      0.683851
CI40_Crozet              19.64      5.74    0.71464      0.001946      0.009695      0.000087      0.000174
KI816_Kergulen           19.23      5.13    0.67411      0.527361      0.462437      0.297472      0.594945
HI5_Heard                19.74      5.33    0.68606      0.516260      0.262072      0.163985      0.327971
MI2270_Macquarie         19.90      5.41    0.70268      0.134063      0.049598      0.008426      0.016852
Population              mean_N    mean_k    mean_He    p_sign_TPM    p_stdv_TPM    p_W_1t_TPM    p_W_2t_TPM
137720_South_Shetlands      19.85      6.23    0.72768      0.512994      0.457609      0.242606      0.485211
W9169_mum                19.95      6.08    0.71744      0.190975      0.464994      0.513756      0.983491
BI23_Bouvetoya           20.00      5.85    0.71916      0.361415      0.147252      0.092146      0.184292
MIAGM13142_Marion_island      19.85      6.03    0.71718      0.061242      0.121754      0.043731      0.087463
CI40_Crozet              19.64      5.90    0.72903      0.040616      0.001742      0.000016      0.000031
KI813_Kergulen           19.54      5.15    0.68375      0.150296      0.134676      0.038347      0.076694
HI9_Heard                19.74      5.33    0.67919      0.516138      0.495484      0.307796      0.615592
MI1685_Macquarie         19.95      5.62    0.70673      0.550516      0.177946      0.064442      0.128884
Population              mean_N    mean_k    mean_He    p_sign_TPM    p_stdv_TPM    p_W_1t_TPM    p_W_2t_TPM
137719_South_Shetlands      20.00      6.31    0.73252      0.140089      0.329343      0.065537      0.131075
W9134_mum                19.90      5.85    0.70658      0.305112      0.139246      0.037422      0.074843
A1066_Bouvetoya          19.95      6.03    0.73120      0.064814      0.053585      0.002145      0.004289
MIAGM13127_Marion_island      19.95      5.92    0.71525      0.140308      0.041275      0.013156      0.026312
CI40_Crozet              19.79      5.90    0.71175      0.422262      0.087822      0.021425      0.042850
KI810_Kergulen           19.44      5.18    0.70067      0.123210      0.032305      0.002983      0.005966
HI9_Heard                19.69      5.28    0.68619      0.038723      0.030647      0.003299      0.006598
MI2254_Macquarie         19.90      5.28    0.68058      0.406607      0.314384      0.238288      0.476577
Population              mean_N    mean_k    mean_He    p_sign_TPM    p_stdv_TPM    p_W_1t_TPM    p_W_2t_TPM
137702_South_Shetlands      19.69      5.92    0.72018      0.443229      0.167417      0.025416      0.050833
W6539                    19.90      5.85    0.71367      0.303282      0.326581      0.083383      0.166766
A1008_Bouvetoya          19.90      5.44    0.71029      0.040429      0.005532      0.000207      0.000414
MIAGM13131_Marion_island      19.95      6.08    0.73094      0.118190      0.121594      0.024573      0.049146
CI39_Crozet              19.85      5.79    0.72218      0.002118      0.001064      0.000081      0.000162
KI807_Kergulen           19.38      5.23    0.70613      0.124666      0.008248      0.002474      0.004949
HI9_Heard                19.69      5.44    0.67658      0.216347      0.258492      0.687995      0.633830
MI2265_Macquarie         20.00      5.51    0.69217      0.113207      0.281169      0.104560      0.209119
Population              mean_N    mean_k    mean_He    p_sign_TPM    p_stdv_TPM    p_W_1t_TPM    p_W_2t_TPM
137716_South_Shetlands      19.95      6.18    0.72352      0.197834      0.346863      0.458796      0.917591
W9164_pup                19.90      6.05    0.72337      0.053618      0.367147      0.043564      0.087128
2234_Bouvetoya           19.85      5.69    0.70712      0.185911      0.123351      0.068277      0.136554
MIAGM13128_Marion_island      20.00      6.31    0.72200      0.111693      0.043280      0.007939      0.015879
CI38_Crozet              19.74      5.82    0.72011      0.004516      0.011578      0.000818      0.001635
KI810_Kergulen           19.28      5.00    0.69631      0.002239      0.003437      0.000583      0.001166
HI27_Heard               19.74      5.31    0.69021      0.332923      0.097508      0.023876      0.047753
MI2269_Macquarie         20.00      5.59    0.70364      0.422850      0.204468      0.141450      0.282901
Population              mean_N    mean_k    mean_He    p_sign_TPM    p_stdv_TPM    p_W_1t_TPM    p_W_2t_TPM
137696_South_Shetlands      19.69      6.26    0.72743      0.124775      0.481098      0.362441      0.724881
W6504                    19.85      5.90    0.71414      0.068031      0.074545      0.018532      0.037064
BI21_Bouvetoya           19.90      5.74    0.69887      0.220687      0.239139      0.099609      0.199218
MIAGM13139_Marion_island      19.95      6.08    0.72667      0.458965      0.175465      0.061997      0.123994
CI40_Crozet              19.59      5.72    0.71696      0.052771      0.020804      0.001766      0.003531
KI801_Kergulen           19.44      5.15    0.68550      0.151537      0.164201      0.099609      0.199218
HI9_Heard                19.74      5.28    0.68079      0.535589      0.325203      0.269355      0.538709
MI2267_Macquarie         20.00      5.67    0.70418      0.098440      0.153144      0.033639      0.067279
Population              mean_N    mean_k    mean_He    p_sign_TPM    p_stdv_TPM    p_W_1t_TPM    p_W_2t_TPM
137718_South_Shetlands      19.69      6.36    0.73366      0.552460      0.240664      0.393934      0.787868
W9171_mum                19.85      6.28    0.73637      0.101303      0.100584      0.016567      0.033135
A1100_Bouvetoya          19.85      5.92    0.72536      0.070238      0.027759      0.005720      0.011439
MIAGM13144_Marion_island      19.74      5.90    0.71968      0.047063      0.016980      0.001022      0.002045
CI5_Crozet               19.44      5.92    0.72252      0.063014      0.079367      0.017965      0.035930
KI816_Kergulen           19.38      5.13    0.69585      0.040012      0.023330      0.001202      0.002405
HI9_Heard                19.74      5.28    0.67802      0.078302      0.147482      0.022234      0.044469
MI2254_Macquarie         19.90      5.46    0.68886      0.023046      0.066345      0.002537      0.005074
Population              mean_N    mean_k    mean_He    p_sign_TPM    p_stdv_TPM    p_W_1t_TPM    p_W_2t_TPM
137722_South_Shetlands      19.64      6.08    0.72912      0.131076      0.118887      0.016122      0.032244
W9164_pup                19.95      6.05    0.72462      0.068886      0.125809      0.047842      0.095683
A1092_Bouvetoya          19.69      5.62    0.70970      0.073455      0.038131      0.028419      0.056839
MIAGM13127_Marion_island      19.90      5.95    0.71560      0.054121      0.028713      0.001855      0.003711
CI5_Crozet               19.49      5.77    0.71624      0.003671      0.009863      0.000658      0.001317
KI816_Kergulen           19.28      5.26    0.68179      0.305322      0.093856      0.021449      0.042898
HI9_Heard                19.79      5.23    0.68289      0.465370      0.160700      0.110216      0.220433
MI2253_Macquarie         19.90      5.41    0.68663      0.122676      0.165353      0.085890      0.171780
Population              mean_N    mean_k    mean_He    p_sign_TPM    p_stdv_TPM    p_W_1t_TPM    p_W_2t_TPM
137690_South_Shetlands      19.69      6.00    0.73061      0.280102      0.163680      0.046439      0.092879
W9177_mum                19.54      6.10    0.72463      0.211613      0.037182      0.005532      0.011064
BI21_Bouvetoya           19.90      5.56    0.72229      0.216854      0.004115      0.001376      0.002752
MIAGM13125_Marion_island      19.90      5.90    0.70839      0.138631      0.152314      0.087400      0.174800
CI5_Crozet               19.38      5.79    0.72000      0.001870      0.003912      0.000070      0.000141
KI816_Kergulen           19.59      5.15    0.68538      0.038709      0.062113      0.022234      0.044469
HI9_Heard                19.74      5.26    0.68204      0.333634      0.237057      0.099554      0.199107
MI2254_Macquarie         19.90      5.31    0.68573      0.480833      0.481133      0.218952      0.437905
Population              mean_N    mean_k    mean_He    p_sign_TPM    p_stdv_TPM    p_W_1t_TPM    p_W_2t_TPM
137708_South_Shetlands      19.95      6.49    0.73109      0.297760      0.065143      0.535726      0.939518
W6552                    20.00      6.15    0.73077      0.332766      0.191067      0.052419      0.104837
A1037_Bouvetoya          20.00      5.79    0.71835      0.368133      0.470592      0.130632      0.261265
MIAGM13051_Marion_island      19.95      6.31    0.71162      0.260858      0.366927      0.522858      0.965705
CI5_Crozet               19.49      5.69    0.71955      0.000497      0.000764      0.000001      0.000003
KI810_Kergulen           19.38      5.18    0.67593      0.485372      0.470578      0.377098      0.754195
HI7_Heard                19.69      5.33    0.69431      0.089812      0.058364      0.014221      0.028441
MI2264_Macquarie         19.85      5.31    0.68993      0.380847      0.446971      0.225587      0.451174
