Population              mean_N    mean_k    mean_He    p_sign_TPM    p_stdv_TPM    p_W_1t_TPM    p_W_2t_TPM
137709_South_Shetlands      19.74      5.97    0.72184      0.533717      0.203367      0.112398      0.224797
W6542/42_pup             19.95      5.95    0.71105      0.288997      0.368421      0.151057      0.302114
2272_Bouvetoya           19.95      5.67    0.71193      0.143488      0.071181      0.039602      0.079205
MIAGM13109_Marion_island      19.95      5.97    0.72005      0.338138      0.078128      0.028419      0.056839
CI5_Crozet               19.49      5.77    0.71557      0.000511      0.003036      0.000114      0.000229
KI816_Kergulen           19.69      5.26    0.68663      0.106558      0.138879      0.058604      0.117209
HI9_Heard                19.85      5.18    0.67667      0.281189      0.086516      0.019587      0.039175
MI2269_Macquarie         19.90      5.46    0.69542      0.006279      0.130024      0.017202      0.034404
Population              mean_N    mean_k    mean_He    p_sign_TPM    p_stdv_TPM    p_W_1t_TPM    p_W_2t_TPM
137709_South_Shetlands      19.95      6.21    0.72336      0.549597      0.369553      0.123475      0.246950
W6186/T3_pup             19.69      6.03    0.71149      0.555753      0.115208      0.044186      0.088371
A1034_Bouvetoya          19.90      5.92    0.71552      0.335700      0.032243      0.012159      0.024319
MIAGM13130_Marion_island      19.95      6.08    0.72819      0.188011      0.208514      0.055356      0.110712
CI39_Crozet              19.74      5.62    0.71255      0.000778      0.001235      0.000005      0.000009
KI816_Kergulen           19.44      5.33    0.70712      0.023606      0.034696      0.006305      0.012611
HI9_Heard                19.85      4.97    0.64935      0.381572      0.393070      0.292794      0.585588
MI2261_Macquarie         19.95      5.62    0.68358      0.260304      0.266013      0.205552      0.411105
Population              mean_N    mean_k    mean_He    p_sign_TPM    p_stdv_TPM    p_W_1t_TPM    p_W_2t_TPM
137711_South_Shetlands      19.49      6.41    0.73599      0.227041      0.219286      0.047842      0.095683
W6536                    19.85      6.00    0.74362      0.016470      0.019371      0.000959      0.001917
2271_Bouvetoya           19.95      5.54    0.71259      0.007687      0.002463      0.000150      0.000299
MIAGM13128_Marion_island      19.95      6.08    0.73834      0.139504      0.046743      0.014440      0.028879
CI40_Crozet              19.59      5.97    0.71763      0.128865      0.034671      0.001337      0.002675
KI812_Kergulen           19.28      5.13    0.67006      0.342350      0.466885      0.568462      0.873937
HI3_Heard                19.69      5.26    0.68865      0.525533      0.178039      0.107128      0.214257
MI2255_Macquarie         19.90      5.13    0.67818      0.102221      0.144444      0.044186      0.088371
Population              mean_N    mean_k    mean_He    p_sign_TPM    p_stdv_TPM    p_W_1t_TPM    p_W_2t_TPM
137716_South_Shetlands      19.64      6.31    0.71767      0.247098      0.445803      0.341925      0.683851
W6537                    19.95      5.77    0.71851      0.007502      0.053929      0.007112      0.014224
A1016_Bouvetoya          19.95      5.97    0.71146      0.152608      0.134166      0.049324      0.098649
MIAGM13137_Marion_island      19.85      6.23    0.72671      0.207823      0.101917      0.028338      0.056677
CI40_Crozet              19.64      5.85    0.71155      0.051776      0.117460      0.003270      0.006540
KI807_Kergulen           19.13      4.95    0.68193      0.088785      0.023424      0.005471      0.010943
HI28_Heard               19.64      5.33    0.68664      0.357323      0.254027      0.110216      0.220433
MI2265_Macquarie         19.95      5.41    0.67499      0.433988      0.252977      0.494054      0.988109
Population              mean_N    mean_k    mean_He    p_sign_TPM    p_stdv_TPM    p_W_1t_TPM    p_W_2t_TPM
137716_South_Shetlands      19.64      6.13    0.73967      0.207152      0.118817      0.038689      0.077379
W9164_mum                19.90      5.79    0.71226      0.400051      0.262233      0.109741      0.219482
A1082_Bouvetoya          19.64      5.90    0.71159      0.020950      0.352928      0.050853      0.101706
MIAGM13144_Marion_island      19.64      5.87    0.71028      0.341825      0.443462      0.341925      0.683851
CI40_Crozet              19.59      5.82    0.71940      0.008684      0.011297      0.000354      0.000707
KI816_Kergulen           19.59      5.18    0.68514      0.078118      0.041920      0.008079      0.016159
HI7_Heard                19.69      5.03    0.68292      0.242524      0.074850      0.025616      0.051233
MI2270_Macquarie         19.85      5.56    0.69910      0.183520      0.390391      0.117847      0.235693
Population              mean_N    mean_k    mean_He    p_sign_TPM    p_stdv_TPM    p_W_1t_TPM    p_W_2t_TPM
137692_South_Shetlands      19.90      6.56    0.74488      0.542108      0.452610      0.164510      0.329021
W6516/16_pup             19.85      6.03    0.72284      0.550173      0.062513      0.016122      0.032244
BI18_Bouvetoya           19.95      5.64    0.70811      0.037489      0.003223      0.000869      0.001737
MIAGM13123_Marion_island      19.85      6.05    0.72381      0.540626      0.217938      0.129284      0.258568
CI5_Crozet               19.44      5.92    0.73224      0.004644      0.000437      0.000006      0.000012
KI812_Kergulen           19.54      5.26    0.69575      0.023738      0.062468      0.017332      0.034665
HI5_Heard                19.74      5.36    0.68777      0.499651      0.277240      0.156918      0.313835
MI1646_Macquarie         19.85      5.33    0.68205      0.172685      0.298721      0.083383      0.166766
Population              mean_N    mean_k    mean_He    p_sign_TPM    p_stdv_TPM    p_W_1t_TPM    p_W_2t_TPM
137716_South_Shetlands      19.85      6.54    0.74256      0.423325      0.315348      0.164510      0.329021
W9163_mum                19.64      5.85    0.69561      0.260851      0.282165      0.618322      0.774320
A1090_Bouvetoya          19.85      5.59    0.70534      0.076094      0.020527      0.003299      0.006598
MIAGM13109_Marion_island      19.95      6.03    0.74568      0.068538      0.149150      0.019980      0.039961
CI5_Crozet               19.69      5.64    0.70729      0.003008      0.003802      0.000020      0.000040
KI806_Kergulen           19.33      5.23    0.69778      0.396787      0.112528      0.097116      0.194231
HI9_Heard                19.79      4.90    0.66623      0.378577      0.105231      0.069229      0.138457
MI2269_Macquarie         19.79      5.49    0.70105      0.558514      0.407078      0.120638      0.241276
Population              mean_N    mean_k    mean_He    p_sign_TPM    p_stdv_TPM    p_W_1t_TPM    p_W_2t_TPM
137715_South_Shetlands      19.79      6.21    0.73600      0.024072      0.119350      0.034121      0.068242
W9175_pup                19.85      5.97    0.71771      0.017234      0.036168      0.001565      0.003130
A1075_Bouvetoya          19.69      6.21    0.73627      0.009051      0.030568      0.000968      0.001936
MIAGM13125_Marion_island      19.95      6.13    0.72590      0.076523      0.043852      0.007423      0.014845
CI5_Crozet               19.69      5.97    0.72773      0.015663      0.016578      0.000490      0.000979
KI816_Kergulen           19.23      5.26    0.68203      0.091573      0.095985      0.050259      0.100519
HI7_Heard                19.64      5.23    0.68385      0.358834      0.376258      0.206378      0.412756
MI2250_Macquarie         19.85      5.46    0.69057      0.257086      0.231302      0.078448      0.156895
Population              mean_N    mean_k    mean_He    p_sign_TPM    p_stdv_TPM    p_W_1t_TPM    p_W_2t_TPM
137684_South_Shetlands      19.79      6.26    0.72251      0.151473      0.469364      0.078448      0.156895
W6701_pup                19.74      6.15    0.72289      0.305169      0.452225      0.278581      0.557162
BI10_Bouvetoya           19.90      6.00    0.72841      0.064547      0.047524      0.022955      0.045909
MIAGM13138_Marion_island      19.90      5.87    0.70833      0.057253      0.005004      0.000957      0.001913
CI40_Crozet              19.54      5.85    0.72179      0.013074      0.017374      0.001121      0.002242
KI810_Kergulen           19.44      5.31    0.69529      0.171504      0.249129      0.045069      0.090139
HI9_Heard                19.64      5.15    0.67700      0.502033      0.459672      0.227569      0.455138
MI2267_Macquarie         19.95      5.41    0.70903      0.155788      0.052010      0.006812      0.013624
Population              mean_N    mean_k    mean_He    p_sign_TPM    p_stdv_TPM    p_W_1t_TPM    p_W_2t_TPM
137715_South_Shetlands      19.79      6.36    0.74060      0.110381      0.086859      0.029995      0.059991
W5737/38_FWB_pup         19.85      6.13    0.73698      0.066526      0.023442      0.001376      0.002752
BI2_Bouvetoya            19.69      5.54    0.70440      0.179927      0.036089      0.006348      0.012697
MIAGM13122_Marion_island      20.00      6.08    0.70108      0.389979      0.402797      0.316549      0.633098
CI5_Crozet               19.38      5.77    0.71549      0.010334      0.016108      0.000734      0.001468
KI807_Kergulen           19.28      5.23    0.70135      0.168688      0.174416      0.126357      0.252714
HI5_Heard                19.79      5.15    0.67803      0.420522      0.246888      0.205275      0.410550
MI2251_Macquarie         19.95      5.56    0.70897      0.176522      0.104344      0.019980      0.039961
