Population              mean_N    mean_k    mean_He    p_sign_TPM    p_stdv_TPM    p_W_1t_TPM    p_W_2t_TPM
137664_South_Shetlands      19.95      6.31    0.71313      0.405367      0.252900      0.475250      0.950500
W9132_pup                19.79      6.26    0.73821      0.211897      0.207273      0.092369      0.184738
BI1_Bouvetoya            19.90      5.72    0.70096      0.332384      0.373397      0.077077      0.154154
MIAGM13125_Marion_island      19.79      6.28    0.72041      0.287067      0.464891      0.349309      0.698618
CI5_Crozet               19.49      5.77    0.72357      0.000027      0.000732      0.000003      0.000007
KI814_Kergulen           19.79      5.26    0.67750      0.296331      0.116461      0.106608      0.213216
HI9_Heard                19.79      5.10    0.67952      0.354094      0.219546      0.094587      0.189174
MI2260_Macquarie         19.79      5.36    0.69076      0.221575      0.170620      0.064442      0.128884
Population              mean_N    mean_k    mean_He    p_sign_TPM    p_stdv_TPM    p_W_1t_TPM    p_W_2t_TPM
137712_South_Shetlands      19.69      6.08    0.73886      0.015607      0.016033      0.002594      0.005187
W9166_mum                19.85      6.05    0.71534      0.233244      0.308740      0.189818      0.379637
A1090_Bouvetoya          19.85      5.85    0.70779      0.247761      0.235262      0.040890      0.081780
MIAGM13141_Marion_island      19.85      6.03    0.72041      0.379925      0.192618      0.104818      0.209636
CI5_Crozet               19.44      5.72    0.71729      0.005817      0.003325      0.000007      0.000015
KI814_Kergulen           19.33      5.10    0.70071      0.004412      0.002755      0.001681      0.003361
HI9_Heard                19.74      5.03    0.67328      0.530276      0.238290      0.140118      0.280235
MI2269_Macquarie         19.90      5.44    0.69026      0.258982      0.161177      0.047832      0.095663
Population              mean_N    mean_k    mean_He    p_sign_TPM    p_stdv_TPM    p_W_1t_TPM    p_W_2t_TPM
137627_South_Shetlands      19.95      6.23    0.71093      0.206398      0.302633      0.573911      0.863436
W6531/31                 19.74      5.82    0.72264      0.148615      0.020296      0.002468      0.004935
BI23_Bouvetoya           19.69      5.72    0.71456      0.115693      0.013554      0.001341      0.002681
MIAGM13133_Marion_island      19.95      6.03    0.72336      0.433040      0.264699      0.141450      0.282901
CI5_Crozet               19.54      5.74    0.72773      0.004352      0.001387      0.000084      0.000168
KI814_Kergulen           19.38      5.00    0.69528      0.093584      0.009314      0.002998      0.005996
HI9_Heard                19.64      5.31    0.67950      0.074721      0.481204      0.388632      0.777263
MI2252_Macquarie         19.85      5.28    0.67107      0.267574      0.422167      0.556985      0.897361
Population              mean_N    mean_k    mean_He    p_sign_TPM    p_stdv_TPM    p_W_1t_TPM    p_W_2t_TPM
137717_South_Shetlands      19.85      6.10    0.71660      0.464951      0.275801      0.094721      0.189442
W6754                    19.90      6.05    0.72603      0.067457      0.022667      0.009158      0.018315
A1062_Bouvetoya          19.85      5.82    0.71209      0.201430      0.019835      0.003430      0.006860
MIAGM13130_Marion_island      20.00      5.92    0.72699      0.072355      0.041522      0.035220      0.070440
CI40_Crozet              19.64      5.82    0.72874      0.000152      0.000214      0.000001      0.000002
KI794_Kergulen           19.49      5.13    0.68508      0.305761      0.334012      0.197457      0.394915
HI7_Heard                19.74      5.41    0.68463      0.472121      0.281989      0.153458      0.306917
MI2260_Macquarie         19.85      5.13    0.67695      0.500401      0.100348      0.032627      0.065254
Population              mean_N    mean_k    mean_He    p_sign_TPM    p_stdv_TPM    p_W_1t_TPM    p_W_2t_TPM
137722_South_Shetlands      19.74      6.21    0.72752      0.275936      0.345087      0.065537      0.131075
W9173_mum                19.85      6.03    0.73431      0.371948      0.047956      0.012907      0.025814
A1094_Bouvetoya          19.90      5.62    0.69866      0.122389      0.031011      0.007596      0.015193
MIAGM13041_Marion_island      19.95      6.21    0.71014      0.512526      0.327367      0.328294      0.656587
CI40_Crozet              19.69      5.97    0.72498      0.033075      0.005781      0.000302      0.000604
KI816_Kergulen           19.54      5.21    0.68425      0.405246      0.203212      0.221438      0.442876
HI7_Heard                19.79      5.33    0.70507      0.235401      0.072133      0.014779      0.029559
MI2254_Macquarie         19.85      5.33    0.68664      0.101648      0.109150      0.071132      0.142264
Population              mean_N    mean_k    mean_He    p_sign_TPM    p_stdv_TPM    p_W_1t_TPM    p_W_2t_TPM
137694_South_Shetlands      19.90      6.18    0.69487      0.062098      0.284277      0.717019      0.575736
W9170_pup                19.95      5.92    0.73843      0.002441      0.001237      0.000057      0.000114
A1075_Bouvetoya          19.85      6.05    0.72207      0.298707      0.383425      0.117847      0.235693
MIAGM13141_Marion_island      19.95      6.44    0.72909      0.310028      0.307668      0.283250      0.566500
CI40_Crozet              19.74      5.87    0.72340      0.027461      0.025838      0.003422      0.006844
KI806_Kergulen           19.38      5.18    0.69520      0.141172      0.058171      0.026525      0.053049
HI7_Heard                19.64      5.41    0.71004      0.160799      0.051659      0.013156      0.026312
MI2255_Macquarie         19.95      5.46    0.68885      0.545006      0.390751      0.167594      0.335188
Population              mean_N    mean_k    mean_He    p_sign_TPM    p_stdv_TPM    p_W_1t_TPM    p_W_2t_TPM
137644_South_Shetlands      19.74      6.41    0.74428      0.204140      0.238729      0.067364      0.134728
W9167_mum                19.69      6.23    0.73200      0.031352      0.182527      0.046439      0.092879
A1053_Bouvetoya          19.90      5.85    0.71521      0.042115      0.113110      0.055356      0.110712
MIAGM13123_Marion_island      20.00      6.08    0.71377      0.515447      0.259479      0.078448      0.156895
CI5_Crozet               19.49      5.85    0.71885      0.041754      0.009109      0.001139      0.002279
KI816_Kergulen           19.13      5.18    0.69586      0.254157      0.040024      0.043564      0.087128
HI4_Heard                19.59      5.33    0.69133      0.287128      0.221127      0.090060      0.180119
MI2270_Macquarie         19.85      5.36    0.67812      0.193455      0.122040      0.545643      0.920085
Population              mean_N    mean_k    mean_He    p_sign_TPM    p_stdv_TPM    p_W_1t_TPM    p_W_2t_TPM
137723_South_Shetlands      20.00      6.13    0.72362      0.308843      0.395649      0.167989      0.335977
W6538/38_FWB_pup         19.69      6.15    0.72878      0.059589      0.094334      0.023752      0.047505
A1084_Bouvetoya          19.59      5.82    0.70796      0.075217      0.038222      0.004511      0.009023
MIAGM13116_Marion_island      19.74      5.90    0.72841      0.006817      0.002414      0.000039      0.000079
CI40_Crozet              19.79      5.92    0.73011      0.025171      0.005420      0.000695      0.001391
KI816_Kergulen           19.64      5.21    0.68945      0.484534      0.089798      0.064442      0.128884
HI9_Heard                19.69      5.38    0.68004      0.128360      0.317368      0.524750      0.961490
MI2251_Macquarie         19.90      5.33    0.67958      0.177603      0.226336      0.083523      0.167046
Population              mean_N    mean_k    mean_He    p_sign_TPM    p_stdv_TPM    p_W_1t_TPM    p_W_2t_TPM
137717_South_Shetlands      19.90      5.95    0.73462      0.148201      0.032129      0.015952      0.031905
W9173_mum                19.90      6.03    0.72057      0.136968      0.196235      0.079138      0.158277
A1065_Bouvetoya          20.00      5.56    0.71835      0.009393      0.000948      0.000088      0.000175
MIAGM13142_Marion_island      19.74      6.15    0.73268      0.197068      0.042244      0.042425      0.084850
CI5_Crozet               19.59      5.69    0.71524      0.072051      0.001207      0.000140      0.000280
KI813_Kergulen           19.49      5.31    0.69525      0.385962      0.241964      0.144607      0.289213
HI4_Heard                19.79      5.15    0.68420      0.039718      0.032429      0.008785      0.017571
MI2258_Macquarie         19.79      5.56    0.68477      0.237590      0.074203      0.895440      0.214257
Population              mean_N    mean_k    mean_He    p_sign_TPM    p_stdv_TPM    p_W_1t_TPM    p_W_2t_TPM
137711_South_Shetlands      19.64      6.44    0.74376      0.187417      0.490153      0.321856      0.643713
W9132_mum                19.85      5.79    0.72294      0.216770      0.155280      0.047842      0.095683
BI14_Bouvetoya           19.85      5.85    0.72117      0.249289      0.035648      0.015356      0.030713
MIAGM13128_Marion_island      19.90      6.05    0.71036      0.531966      0.332384      0.080619      0.161239
CI5_Crozet               19.49      5.87    0.73312      0.000001      0.000145      0.000000      0.000000
KI816_Kergulen           19.49      5.21    0.68930      0.096732      0.050547      0.019289      0.038578
HI9_Heard                19.74      5.18    0.67851      0.392627      0.204796      0.132257      0.264514
MI2264_Macquarie         19.95      5.44    0.68518      0.312707      0.355650      0.270272      0.540545
Population              mean_N    mean_k    mean_He    p_sign_TPM    p_stdv_TPM    p_W_1t_TPM    p_W_2t_TPM
137721_South_Shetlands      19.74      6.08    0.71759      0.287167      0.250465      0.052248      0.104496
W9165_mum                19.90      5.87    0.72316      0.032891      0.055461      0.010250      0.020501
BI12_Bouvetoya           20.00      5.59    0.70715      0.022314      0.001864      0.000101      0.000203
MIAGM13142_Marion_island      19.79      6.23    0.72647      0.446560      0.257799      0.178699      0.357397
CI40_Crozet              19.59      5.82    0.71105      0.034407      0.028027      0.002349      0.004697
KI810_Kergulen           19.54      5.28    0.67565      0.395823      0.378808      0.460042      0.920085
HI9_Heard                19.90      5.10    0.67157      0.391321      0.245284      0.206378      0.412756
MI2259_Macquarie         19.95      5.46    0.69293      0.151286      0.155783      0.022234      0.044469
Population              mean_N    mean_k    mean_He    p_sign_TPM    p_stdv_TPM    p_W_1t_TPM    p_W_2t_TPM
137720_South_Shetlands      19.85      6.18    0.73497      0.306846      0.161834      0.050746      0.101491
W9167_mum                19.85      5.92    0.71249      0.103173      0.053472      0.027341      0.054682
BI5_Bouvetoya            19.95      5.79    0.71000      0.556731      0.096775      0.032005      0.064009
MIAGM13143_Marion_island      19.90      5.90    0.73136      0.031729      0.028138      0.001599      0.003198
CI40_Crozet              19.54      5.95    0.72805      0.004028      0.007925      0.000248      0.000495
KI812_Kergulen           19.44      5.00    0.68748      0.031748      0.008214      0.008406      0.016812
HI9_Heard                19.59      5.05    0.66439      0.326631      0.486013      0.497248      0.994497
MI2249_Macquarie         19.79      5.33    0.68913      0.241580      0.181771      0.068234      0.136468
Population              mean_N    mean_k    mean_He    p_sign_TPM    p_stdv_TPM    p_W_1t_TPM    p_W_2t_TPM
137704_South_Shetlands      19.90      5.90    0.71877      0.061198      0.111488      0.008750      0.017501
W6551                    19.74      5.87    0.71201      0.494647      0.120031      0.064442      0.128884
BI3_Bouvetoya            19.90      5.82    0.71806      0.162102      0.048589      0.017857      0.035713
MIAGM13128_Marion_island      19.79      6.31    0.72755      0.043261      0.216490      0.062607      0.125213
CI39_Crozet              19.74      5.79    0.71911      0.027876      0.011782      0.001064      0.002129
KI814_Kergulen           19.38      5.31    0.69246      0.034278      0.038785      0.010784      0.021568
HI7_Heard                19.54      5.05    0.67308      0.398167      0.280082      0.107128      0.214257
MI2259_Macquarie         19.90      5.31    0.69304      0.232248      0.156746      0.052419      0.104837
Population              mean_N    mean_k    mean_He    p_sign_TPM    p_stdv_TPM    p_W_1t_TPM    p_W_2t_TPM
137715_South_Shetlands      19.90      6.15    0.71731      0.439498      0.386169      0.213269      0.426539
W6546                    19.74      5.87    0.71933      0.486152      0.258732      0.143378      0.286757
A1068_Bouvetoya          19.74      5.62    0.70740      0.010932      0.025947      0.002809      0.005618
MIAGM13140_Marion_island      19.85      5.95    0.71228      0.533979      0.394358      0.141450      0.282901
CI5_Crozet               19.54      6.00    0.72043      0.081512      0.034807      0.007423      0.014845
KI812_Kergulen           19.44      5.15    0.68183      0.300206      0.157722      0.126357      0.252714
HI9_Heard                19.59      5.38    0.69271      0.404551      0.200355      0.151057      0.302114
MI2251_Macquarie         20.00      5.41    0.68435      0.130036      0.469250      0.182521      0.365043
Population              mean_N    mean_k    mean_He    p_sign_TPM    p_stdv_TPM    p_W_1t_TPM    p_W_2t_TPM
137671_South_Shetlands      19.85      6.44    0.72570      0.371982      0.245605      0.551319      0.908714
W9134_mum                19.85      6.41    0.73055      0.371738      0.136348      0.038347      0.076694
2243_Bouvetoya           19.85      5.67    0.70047      0.033627      0.073523      0.029995      0.059991
MIAGM13133_Marion_island      19.64      6.26    0.73801      0.094123      0.028161      0.013680      0.027359
CI40_Crozet              19.85      5.72    0.71303      0.006233      0.024628      0.000235      0.000470
KI802_Kergulen           19.28      5.31    0.68947      0.138868      0.191885      0.037124      0.074247
HI7_Heard                19.85      5.41    0.69944      0.039759      0.066733      0.016567      0.033135
MI1688_Macquarie         19.95      5.38    0.69767      0.489858      0.309368      0.282981      0.565961
Population              mean_N    mean_k    mean_He    p_sign_TPM    p_stdv_TPM    p_W_1t_TPM    p_W_2t_TPM
137719_South_Shetlands      19.85      6.13    0.73847      0.324484      0.155928      0.081240      0.162480
W9174_pup                19.74      6.05    0.71401      0.146299      0.231390      0.023876      0.047753
A1057_Bouvetoya          19.74      5.74    0.71213      0.202374      0.087192      0.024519      0.049038
MIAGM13142_Marion_island      20.00      6.21    0.72672      0.016747      0.040441      0.009943      0.019885
CI5_Crozet               19.54      5.82    0.70828      0.077607      0.040858      0.009943      0.019885
KI812_Kergulen           19.64      4.92    0.66889      0.128175      0.020242      0.013680      0.027359
HI9_Heard                19.85      4.95    0.65898      0.344512      0.383323      0.130632      0.261265
MI2270_Macquarie         19.95      5.31    0.68598      0.378039      0.216128      0.069229      0.138457
Population              mean_N    mean_k    mean_He    p_sign_TPM    p_stdv_TPM    p_W_1t_TPM    p_W_2t_TPM
137671_South_Shetlands      19.85      6.03    0.72086      0.202692      0.401241      0.197457      0.394915
W6530/30_pup             19.85      6.03    0.71386      0.400150      0.459987      0.403732      0.807465
A1015_Bouvetoya          19.95      5.38    0.68320      0.487321      0.147492      0.062607      0.125213
MIAGM13140_Marion_island      19.69      6.28    0.72319      0.196161      0.220976      0.117847      0.235693
CI40_Crozet              19.64      5.77    0.71303      0.072382      0.017741      0.001486      0.002971
KI812_Kergulen           19.38      5.05    0.67285      0.461544      0.381110      0.151057      0.302114
HI7_Heard                19.64      5.05    0.67035      0.430916      0.446717      0.283250      0.566500
MI2262_Macquarie         19.74      5.33    0.69965      0.404891      0.142528      0.046439      0.092879
Population              mean_N    mean_k    mean_He    p_sign_TPM    p_stdv_TPM    p_W_1t_TPM    p_W_2t_TPM
137715_South_Shetlands      19.90      6.38    0.73029      0.330946      0.439984      0.292696      0.585392
W6548                    20.00      6.21    0.72901      0.135735      0.400902      0.112398      0.224797
BI24_Bouvetoya           19.74      6.10    0.73044      0.554640      0.281378      0.147809      0.295618
MIAGM13115_Marion_island      19.79      5.85    0.71523      0.160525      0.085974      0.022234      0.044469
CI5_Crozet               19.49      5.85    0.70554      0.087719      0.039450      0.002809      0.005618
KI5_Kergulen             19.38      5.51    0.69429      0.543160      0.184413      0.138340      0.276680
HI5_Heard                19.79      5.21    0.68581      0.362685      0.125810      0.076320      0.152639
MI2260_Macquarie         19.90      5.54    0.70160      0.035148      0.127297      0.038347      0.076694
Population              mean_N    mean_k    mean_He    p_sign_TPM    p_stdv_TPM    p_W_1t_TPM    p_W_2t_TPM
137717_South_Shetlands      19.90      6.26    0.72770      0.020165      0.173575      0.014779      0.029559
W6545                    19.49      6.28    0.73693      0.453619      0.480263      0.316915      0.633830
BI8_Bouvetoya            20.00      5.79    0.71727      0.115629      0.022951      0.004882      0.009763
MIAGM13141_Marion_island      19.85      6.13    0.71008      0.419582      0.249553      0.118191      0.236383
CI40_Crozet              19.59      5.85    0.71037      0.017479      0.081354      0.008426      0.016852
KI810_Kergulen           19.49      5.49    0.70995      0.023242      0.061741      0.011964      0.023927
HI9_Heard                19.79      4.97    0.66704      0.096225      0.028033      0.007266      0.014532
MI2262_Macquarie         19.95      5.74    0.70428      0.270736      0.386819      0.431718      0.863436
Population              mean_N    mean_k    mean_He    p_sign_TPM    p_stdv_TPM    p_W_1t_TPM    p_W_2t_TPM
137714_South_Shetlands      19.69      5.90    0.72091      0.416372      0.263527      0.083383      0.166766
W9165_pup                19.69      5.77    0.70161      0.420604      0.420044      0.336864      0.673729
A1057_Bouvetoya          19.90      5.62    0.70931      0.097747      0.033086      0.008079      0.016159
MIAGM13136_Marion_island      19.90      6.10    0.72981      0.342881      0.121859      0.070192      0.140385
CI5_Crozet               19.59      5.62    0.71009      0.000222      0.001289      0.000001      0.000002
KI795_Kergulen           19.33      5.46    0.69105      0.343175      0.381473      0.118674      0.237349
HI7_Heard                19.59      5.10    0.68163      0.248338      0.210392      0.050853      0.101706
MI2264_Macquarie         19.79      5.59    0.70476      0.290569      0.227513      0.032005      0.064009
Population              mean_N    mean_k    mean_He    p_sign_TPM    p_stdv_TPM    p_W_1t_TPM    p_W_2t_TPM
137712_South_Shetlands      19.74      6.26    0.73809      0.332816      0.162707      0.071132      0.142264
W9161_pup                19.79      6.26    0.71829      0.538459      0.488770      0.383349      0.766699
A1087_Bouvetoya          19.74      6.00    0.72207      0.040803      0.017746      0.001735      0.003471
MIAGM13142_Marion_island      19.95      6.00    0.71867      0.541915      0.311125      0.099554      0.199107
CI5_Crozet               19.59      5.92    0.71758      0.069995      0.023390      0.005233      0.010465
KI795_Kergulen           19.54      5.03    0.66831      0.325706      0.327183      0.292696      0.585392
HI9_Heard                19.59      4.79    0.66837      0.390251      0.114805      0.052248      0.104496
MI1667_Macquarie         19.95      5.62    0.70283      0.228241      0.148073      0.020686      0.041373
Population              mean_N    mean_k    mean_He    p_sign_TPM    p_stdv_TPM    p_W_1t_TPM    p_W_2t_TPM
137704_South_Shetlands      19.69      5.87    0.72558      0.357751      0.196301      0.120638      0.241276
W9132_mum                19.79      5.74    0.71582      0.105470      0.066914      0.046439      0.092879
2242_Bouvetoya           19.90      5.87    0.70109      0.538063      0.468018      0.178715      0.357431
MIAGM13125_Marion_island      19.90      5.92    0.72088      0.105625      0.034448      0.002809      0.005618
CI39_Crozet              19.49      5.62    0.70816      0.000579      0.006176      0.000013      0.000026
KI816_Kergulen           19.59      5.23    0.70471      0.000030      0.004751      0.000066      0.000131
HI7_Heard                19.69      5.23    0.69018      0.451284      0.394809      0.201344      0.402688
MI2262_Macquarie         19.69      5.56    0.70863      0.043678      0.074199      0.014221      0.028441
Population              mean_N    mean_k    mean_He    p_sign_TPM    p_stdv_TPM    p_W_1t_TPM    p_W_2t_TPM
137707_South_Shetlands      19.90      6.05    0.72308      0.541521      0.442647      0.085567      0.171134
W9165_mum                19.95      6.26    0.72971      0.283390      0.157315      0.061997      0.123994
BI25_Bouvetoya           19.79      5.64    0.69610      0.235757      0.089283      0.043564      0.087128
MIAGM13138_Marion_island      19.79      6.03    0.71597      0.356532      0.313559      0.190280      0.380559
CI5_Crozet               19.49      5.87    0.72425      0.046737      0.008731      0.000421      0.000841
KI812_Kergulen           19.18      5.49    0.70840      0.110012      0.097542      0.019980      0.039961
HI9_Heard                19.59      5.13    0.68111      0.539647      0.211092      0.087400      0.174800
MI1666_Macquarie         19.95      5.49    0.69709      0.538707      0.205918      0.109741      0.219482
Population              mean_N    mean_k    mean_He    p_sign_TPM    p_stdv_TPM    p_W_1t_TPM    p_W_2t_TPM
137700_South_Shetlands      19.95      5.97    0.71679      0.433013      0.156516      0.035220      0.070440
W6530/30_pup             19.90      6.03    0.73922      0.071366      0.051936      0.003123      0.006247
A1050_Bouvetoya          19.90      5.54    0.70942      0.102280      0.023414      0.008079      0.016159
MIAGM13135_Marion_island      19.95      5.97    0.71725      0.002070      0.029584      0.001922      0.003844
CI5_Crozet               19.59      5.64    0.72608      0.000016      0.000332      0.000001      0.000003
KI812_Kergulen           19.59      5.08    0.68444      0.268007      0.024280      0.003265      0.006529
HI9_Heard                19.85      5.05    0.66804      0.127446      0.072992      0.033639      0.067279
MI2254_Macquarie         19.85      5.51    0.70029      0.473036      0.163836      0.059056      0.118111
Population              mean_N    mean_k    mean_He    p_sign_TPM    p_stdv_TPM    p_W_1t_TPM    p_W_2t_TPM
137712_South_Shetlands      19.69      6.28    0.72962      0.320791      0.338064      0.135276      0.270551
W6756                    19.74      5.85    0.71189      0.365425      0.064300      0.011227      0.022454
A1020_Bouvetoya          19.85      5.85    0.69102      0.213951      0.228507      0.529703      0.952460
MIAGM13143_Marion_island      19.90      5.77    0.71101      0.100521      0.066867      0.043731      0.087463
CI40_Crozet              19.69      5.74    0.71239      0.103889      0.037630      0.003581      0.007162
KI807_Kergulen           19.85      5.26    0.68475      0.250531      0.101200      0.044952      0.089904
HI9_Heard                19.54      5.21    0.67084      0.319626      0.311292      0.268557      0.537113
MI2258_Macquarie         20.00      5.59    0.70013      0.143633      0.100533      0.046374      0.092749
Population              mean_N    mean_k    mean_He    p_sign_TPM    p_stdv_TPM    p_W_1t_TPM    p_W_2t_TPM
137708_South_Shetlands      19.79      6.49    0.74634      0.464984      0.320435      0.164510      0.329021
W6547                    19.79      6.28    0.73699      0.060601      0.038896      0.004096      0.008191
A1059_Bouvetoya          19.95      5.95    0.72536      0.041587      0.012662      0.001080      0.002159
MIAGM13130_Marion_island      20.00      6.21    0.72942      0.345512      0.136498      0.046374      0.092749
CI5_Crozet               19.38      5.69    0.71483      0.003639      0.005097      0.000219      0.000439
KI812_Kergulen           19.33      5.10    0.68968      0.015713      0.010027      0.005471      0.010943
HI9_Heard                19.85      5.18    0.67288      0.387599      0.254096      0.147343      0.294686
MI2260_Macquarie         19.90      5.36    0.67410      0.221322      0.207642      0.078408      0.156816
Population              mean_N    mean_k    mean_He    p_sign_TPM    p_stdv_TPM    p_W_1t_TPM    p_W_2t_TPM
137678_South_Shetlands      19.79      6.36    0.73030      0.239262      0.432747      0.307796      0.615592
W6517/17                 19.79      6.05    0.71478      0.237474      0.204230      0.102190      0.204380
A1098_Bouvetoya          19.85      5.85    0.71721      0.083979      0.053035      0.009943      0.019885
MIAGM13138_Marion_island      20.00      5.85    0.71754      0.071425      0.031816      0.008750      0.017501
CI40_Crozet              19.74      5.87    0.72228      0.072514      0.040399      0.007442      0.014884
KI801_Kergulen           19.64      5.28    0.68476      0.340764      0.378574      0.283250      0.566500
HI9_Heard                19.69      5.08    0.67020      0.363249      0.158899      0.055356      0.110712
MI2270_Macquarie         19.95      5.41    0.69439      0.054217      0.196572      0.029995      0.059991
Population              mean_N    mean_k    mean_He    p_sign_TPM    p_stdv_TPM    p_W_1t_TPM    p_W_2t_TPM
137711_South_Shetlands      20.00      6.03    0.72416      0.446475      0.211678      0.102035      0.204070
W6756                    19.69      5.95    0.72713      0.032829      0.010895      0.000217      0.000434
A1083_Bouvetoya          19.79      5.79    0.72256      0.025126      0.005271      0.001072      0.002144
MIAGM13119_Marion_island      19.90      6.00    0.72782      0.059251      0.118301      0.029995      0.059991
CI38_Crozet              19.64      5.87    0.72594      0.000957      0.003696      0.000171      0.000343
KI807_Kergulen           19.49      5.23    0.68169      0.136840      0.222423      0.099609      0.199218
HI9_Heard                19.85      5.31    0.68904      0.180675      0.202131      0.075056      0.150111
MI2252_Macquarie         19.85      5.36    0.68425      0.415920      0.164721      0.062425      0.124850
Population              mean_N    mean_k    mean_He    p_sign_TPM    p_stdv_TPM    p_W_1t_TPM    p_W_2t_TPM
137719_South_Shetlands      19.74      6.10    0.72064      0.421815      0.159684      0.090060      0.180119
W6515/15_pup             19.74      5.92    0.71443      0.124152      0.151613      0.046374      0.092749
A1068_Bouvetoya          19.85      5.82    0.70874      0.286990      0.306356      0.144607      0.289213
MIAGM13140_Marion_island      19.85      6.15    0.73388      0.190712      0.098923      0.029995      0.059991
CI5_Crozet               19.54      5.87    0.72265      0.000586      0.002478      0.000034      0.000068
KI810_Kergulen           19.33      5.36    0.70154      0.057925      0.051986      0.007939      0.015879
HI28_Heard               19.79      5.18    0.68134      0.080714      0.043907      0.012649      0.025299
MI2259_Macquarie         19.85      5.44    0.68781      0.531068      0.324179      0.245348      0.490696
Population              mean_N    mean_k    mean_He    p_sign_TPM    p_stdv_TPM    p_W_1t_TPM    p_W_2t_TPM
137714_South_Shetlands      19.85      6.00    0.72221      0.428806      0.217599      0.046439      0.092879
SG7_South_Georgia        19.85      6.03    0.71828      0.474234      0.389213      0.223238      0.446475
BI21_Bouvetoya           19.95      5.59    0.70512      0.006564      0.010543      0.001139      0.002279
MIAGM13141_Marion_island      19.95      6.00    0.71881      0.433362      0.315584      0.138340      0.276680
CI5_Crozet               19.59      5.69    0.70797      0.240299      0.023538      0.002722      0.005443
KI7_Kergulen             19.59      5.31    0.68804      0.504376      0.292053      0.209250      0.418500
HI7_Heard                19.69      5.31    0.68775      0.560298      0.388158      0.144607      0.289213
MI2261_Macquarie         19.85      5.18    0.67619      0.288011      0.077210      0.048683      0.097367
Population              mean_N    mean_k    mean_He    p_sign_TPM    p_stdv_TPM    p_W_1t_TPM    p_W_2t_TPM
137698_South_Shetlands      19.90      6.26    0.71224      0.337971      0.356486      0.404596      0.809191
W6525/25                 19.85      5.87    0.71918      0.461319      0.154242      0.058604      0.117209
A1081_Bouvetoya          20.00      5.62    0.68556      0.513716      0.436121      0.349309      0.698618
MIAGM13054_Marion_island      19.85      5.95    0.71689      0.366937      0.165654      0.037124      0.074247
CI38_Crozet              19.79      5.72    0.71685      0.058855      0.011234      0.006853      0.013707
KI814_Kergulen           19.28      5.36    0.69659      0.137947      0.146173      0.057339      0.114678
HI9_Heard                19.59      5.28    0.68572      0.432696      0.330704      0.120638      0.241276
MI2270_Macquarie         19.85      5.36    0.70038      0.116557      0.050855      0.017965      0.035930
Population              mean_N    mean_k    mean_He    p_sign_TPM    p_stdv_TPM    p_W_1t_TPM    p_W_2t_TPM
137712_South_Shetlands      19.59      5.97    0.71226      0.439865      0.411706      0.357273      0.714546
W9172_pup                19.74      6.00    0.73476      0.053887      0.047829      0.038689      0.077379
A1069_Bouvetoya          19.95      5.74    0.69246      0.209741      0.495678      0.440755      0.881509
MIAGM13143_Marion_island      20.00      6.10    0.72794      0.457294      0.123215      0.075056      0.150111
CI39_Crozet              19.69      5.87    0.72362      0.000355      0.002517      0.000003      0.000006
KI801_Kergulen           19.33      5.05    0.67148      0.097069      0.250147      0.140491      0.280982
HI9_Heard                19.90      4.95    0.66390      0.081567      0.127004      0.037124      0.074247
MI2265_Macquarie         19.90      5.51    0.69377      0.014650      0.035725      0.011685      0.023371
Population              mean_N    mean_k    mean_He    p_sign_TPM    p_stdv_TPM    p_W_1t_TPM    p_W_2t_TPM
137694_South_Shetlands      19.85      6.03    0.71156      0.297652      0.307522      0.129284      0.258568
W6518/18                 19.69      6.03    0.73990      0.211167      0.162482      0.013402      0.026804
BI12_Bouvetoya           19.79      5.79    0.71760      0.042790      0.089312      0.008426      0.016852
MIAGM13124_Marion_island      19.85      5.95    0.72646      0.174450      0.110193      0.036348      0.072695
CI5_Crozet               19.44      5.85    0.71845      0.005417      0.014028      0.001922      0.003844
KI816_Kergulen           19.64      5.13    0.68218      0.407563      0.126100      0.077077      0.154154
HI9_Heard                19.74      5.13    0.67257      0.470106      0.335475      0.115807      0.231613
MI2260_Macquarie         19.95      5.44    0.68400      0.110575      0.310789      0.287868      0.575736
Population              mean_N    mean_k    mean_He    p_sign_TPM    p_stdv_TPM    p_W_1t_TPM    p_W_2t_TPM
137697_South_Shetlands      19.79      6.15    0.73058      0.490959      0.387993      0.178699      0.357397
W9169_pup                19.69      6.21    0.72696      0.084415      0.049574      0.004782      0.009564
A1072_Bouvetoya          19.74      5.92    0.71298      0.394509      0.262878      0.072192      0.144384
MIAGM13137_Marion_island      19.74      6.15    0.71974      0.123219      0.093784      0.077077      0.154154
CI5_Crozet               19.59      5.64    0.70109      0.127647      0.148300      0.024734      0.049468
KI801_Kergulen           19.64      5.18    0.69855      0.030388      0.024929      0.004096      0.008191
HI7_Heard                19.79      5.26    0.68653      0.383933      0.151221      0.055661      0.111322
MI2259_Macquarie         19.95      5.38    0.68406      0.535022      0.298760      0.214714      0.429428
Population              mean_N    mean_k    mean_He    p_sign_TPM    p_stdv_TPM    p_W_1t_TPM    p_W_2t_TPM
137701_South_Shetlands      19.69      6.21    0.73844      0.469390      0.139890      0.061997      0.123994
W6537/37_FWB_pup         19.79      6.18    0.71296      0.275857      0.320318      0.687131      0.635953
A1056_Bouvetoya          19.85      5.67    0.71248      0.114871      0.048700      0.011514      0.023028
MIAGM13139_Marion_island      19.90      6.41    0.73672      0.521298      0.191024      0.092146      0.184292
CI38_Crozet              19.64      5.85    0.72187      0.026109      0.007218      0.000064      0.000129
KI806_Kergulen           19.54      5.10    0.68573      0.144953      0.146316      0.094587      0.189174
HI5_Heard                19.74      5.23    0.67687      0.434948      0.220886      0.089750      0.179501
MI1688_Macquarie         19.79      5.03    0.66903      0.279689      0.237421      0.238288      0.476577
Population              mean_N    mean_k    mean_He    p_sign_TPM    p_stdv_TPM    p_W_1t_TPM    p_W_2t_TPM
137721_South_Shetlands      20.00      6.41    0.73171      0.061299      0.351713      0.132257      0.264514
W2031/32                 19.90      5.95    0.71837      0.183090      0.288937      0.079138      0.158277
A1055_Bouvetoya          19.95      5.79    0.70184      0.441058      0.151242      0.062607      0.125213
MIAGM13051_Marion_island      19.95      6.23    0.73639      0.546282      0.095029      0.027174      0.054348
CI40_Crozet              19.69      6.00    0.72425      0.025969      0.021778      0.003746      0.007492
KI814_Kergulen           19.59      5.44    0.70240      0.031281      0.053900      0.016718      0.033436
HI9_Heard                19.69      5.13    0.67702      0.073200      0.337482      0.089750      0.179501
MI2264_Macquarie         19.74      5.62    0.70946      0.204802      0.238647      0.071132      0.142264
Population              mean_N    mean_k    mean_He    p_sign_TPM    p_stdv_TPM    p_W_1t_TPM    p_W_2t_TPM
137709_South_Shetlands      19.74      6.15    0.72798      0.441488      0.217939      0.144607      0.289213
W6550                    19.85      6.26    0.72906      0.208022      0.085638      0.013749      0.027497
A1086_Bouvetoya          19.90      5.90    0.72473      0.320736      0.088919      0.056962      0.113925
MIAGM13139_Marion_island      19.85      6.10    0.72267      0.259287      0.099708      0.011685      0.023371
CI5_Crozet               19.74      5.85    0.72424      0.005890      0.002359      0.000057      0.000114
KI806_Kergulen           19.23      5.15    0.70337      0.001696      0.008121      0.001181      0.002361
HI9_Heard                19.44      5.10    0.67127      0.273960      0.297536      0.189818      0.379637
MI2267_Macquarie         19.95      5.59    0.69509      0.129398      0.273837      0.469759      0.939518
Population              mean_N    mean_k    mean_He    p_sign_TPM    p_stdv_TPM    p_W_1t_TPM    p_W_2t_TPM
137688_South_Shetlands      19.95      6.15    0.73513      0.007296      0.011242      0.001486      0.002971
ATP39                    19.79      6.03    0.72953      0.044544      0.017738      0.000733      0.001466
A1018_Bouvetoya          19.79      5.82    0.71388      0.026421      0.036037      0.003971      0.007943
MIAGM13143_Marion_island      19.85      6.00    0.73171      0.032376      0.022820      0.007143      0.014285
CI5_Crozet               19.54      5.87    0.71134      0.394669      0.171070      0.115100      0.230200
KI812_Kergulen           19.59      5.15    0.67270      0.478739      0.229998      0.078448      0.156895
HI7_Heard                19.49      5.15    0.69074      0.314497      0.104949      0.039904      0.079809
MI1680_Macquarie         19.79      5.36    0.68389      0.528041      0.229651      0.242606      0.485211
Population              mean_N    mean_k    mean_He    p_sign_TPM    p_stdv_TPM    p_W_1t_TPM    p_W_2t_TPM
137633_South_Shetlands      19.90      6.03    0.71384      0.553113      0.402556      0.388632      0.777263
W6527/27                 19.69      6.00    0.73728      0.185007      0.027213      0.008406      0.016812
A1092_Bouvetoya          19.79      5.97    0.72107      0.534777      0.096886      0.054021      0.108042
MIAGM13139_Marion_island      19.95      6.08    0.72667      0.061189      0.022150      0.009107      0.018213
CI5_Crozet               19.64      5.85    0.72134      0.006535      0.008369      0.000221      0.000442
KI812_Kergulen           19.18      5.00    0.68463      0.064850      0.029378      0.032005      0.064009
HI9_Heard                19.90      5.13    0.67271      0.333790      0.292962      0.198233      0.396465
MI1664_Macquarie         19.90      5.28    0.67417      0.139325      0.113237      0.044202      0.088404
Population              mean_N    mean_k    mean_He    p_sign_TPM    p_stdv_TPM    p_W_1t_TPM    p_W_2t_TPM
137718_South_Shetlands      19.90      6.36    0.73468      0.120444      0.153981      0.045069      0.090139
W9176_pup                19.79      6.31    0.72245      0.044381      0.114950      0.023876      0.047753
BI1_Bouvetoya            20.00      5.67    0.72132      0.070818      0.015855      0.000909      0.001819
MIAGM13136_Marion_island      19.90      6.03    0.72581      0.021376      0.062554      0.005720      0.011439
CI5_Crozet               19.54      5.62    0.71065      0.001561      0.005114      0.000125      0.000250
KI812_Kergulen           19.38      5.21    0.69664      0.140134      0.046950      0.009543      0.019087
HI7_Heard                19.74      4.92    0.67588      0.002094      0.024120      0.000867      0.001734
MI2261_Macquarie         19.95      5.26    0.68769      0.022679      0.033488      0.000440      0.000881
Population              mean_N    mean_k    mean_He    p_sign_TPM    p_stdv_TPM    p_W_1t_TPM    p_W_2t_TPM
137671_South_Shetlands      19.85      6.10    0.70743      0.463264      0.127724      0.519255      0.972488
W9166_pup                19.85      5.87    0.71853      0.206371      0.045192      0.005281      0.010562
BI21_Bouvetoya           19.95      5.87    0.69834      0.512505      0.377653      0.287868      0.575736
MIAGM13109_Marion_island      19.79      6.08    0.72317      0.522050      0.183748      0.078448      0.156895
CI5_Crozet               19.54      5.92    0.72401      0.000746      0.001505      0.000003      0.000006
KI812_Kergulen           19.49      5.23    0.68858      0.192490      0.149472      0.061997      0.123994
HI28_Heard               19.69      5.46    0.69327      0.321082      0.206795      0.143378      0.286757
MI2261_Macquarie         19.95      5.49    0.69773      0.477396      0.110747      0.082835      0.165670
Population              mean_N    mean_k    mean_He    p_sign_TPM    p_stdv_TPM    p_W_1t_TPM    p_W_2t_TPM
137715_South_Shetlands      19.59      6.03    0.71615      0.407703      0.401850      0.178699      0.357397
W6531/31_pup             19.90      6.36    0.73928      0.212823      0.104997      0.011514      0.023028
A1094_Bouvetoya          19.79      5.92    0.71044      0.298499      0.168082      0.133745      0.267489
MIAGM13132_Marion_island      19.79      6.23    0.74093      0.425662      0.091635      0.055356      0.110712
CI40_Crozet              19.79      5.90    0.71687      0.115130      0.030163      0.006575      0.013149
KI810_Kergulen           19.59      5.18    0.70562      0.052907      0.041488      0.012907      0.025814
HI7_Heard                19.59      5.28    0.68745      0.548833      0.488015      0.302283      0.604566
MI2261_Macquarie         19.74      5.44    0.68272      0.231589      0.251345      0.045726      0.091453
Population              mean_N    mean_k    mean_He    p_sign_TPM    p_stdv_TPM    p_W_1t_TPM    p_W_2t_TPM
137716_South_Shetlands      20.00      6.54    0.75020      0.034841      0.153452      0.034121      0.068242
W9163_pup                19.85      6.05    0.71558      0.441882      0.303257      0.064442      0.128884
BI1_Bouvetoya            19.85      6.03    0.73075      0.529956      0.214724      0.135276      0.270551
MIAGM13136_Marion_island      19.85      6.18    0.73455      0.063829      0.011117      0.000154      0.000309
CI5_Crozet               19.49      5.59    0.71530      0.003874      0.000568      0.000004      0.000009
KI816_Kergulen           19.38      5.05    0.68841      0.132231      0.014938      0.003299      0.006598
HI9_Heard                19.74      5.44    0.68044      0.459471      0.377290      0.464274      0.928548
MI2260_Macquarie         19.90      5.28    0.67641      0.227381      0.488391      0.357273      0.714546
Population              mean_N    mean_k    mean_He    p_sign_TPM    p_stdv_TPM    p_W_1t_TPM    p_W_2t_TPM
137722_South_Shetlands      19.95      6.28    0.72777      0.308012      0.467511      0.336864      0.673729
W6512/12                 19.79      6.05    0.72374      0.367799      0.120461      0.019229      0.038457
A1076_Bouvetoya          19.95      5.82    0.70448      0.079276      0.153348      0.082835      0.165670
MIAGM13141_Marion_island      19.85      6.31    0.72002      0.507930      0.244070      0.102190      0.204380
CI40_Crozet              19.69      5.79    0.72128      0.011755      0.014045      0.002594      0.005187
KI805_Kergulen           19.54      5.00    0.69074      0.117395      0.019235      0.006853      0.013707
HI9_Heard                19.59      5.33    0.69025      0.074224      0.242920      0.075056      0.150111
MI2255_Macquarie         19.90      5.36    0.69778      0.532988      0.094829      0.045069      0.090139
Population              mean_N    mean_k    mean_He    p_sign_TPM    p_stdv_TPM    p_W_1t_TPM    p_W_2t_TPM
137711_South_Shetlands      19.90      6.18    0.72452      0.176862      0.113939      0.022955      0.045909
W6552                    19.74      5.97    0.73584      0.407601      0.156394      0.065537      0.131075
A1059_Bouvetoya          19.90      5.77    0.70490      0.050960      0.100526      0.004168      0.008336
MIAGM13135_Marion_island      20.00      6.23    0.73279      0.299771      0.124211      0.056962      0.113925
CI5_Crozet               19.59      5.59    0.70482      0.008968      0.003996      0.000026      0.000051
KI807_Kergulen           19.18      5.03    0.67934      0.172919      0.086754      0.053785      0.107569
HI9_Heard                19.74      5.13    0.68699      0.070261      0.009181      0.002126      0.004252
MI2267_Macquarie         20.00      5.64    0.70108      0.442895      0.085920      0.088306      0.176611
Population              mean_N    mean_k    mean_He    p_sign_TPM    p_stdv_TPM    p_W_1t_TPM    p_W_2t_TPM
137673_South_Shetlands      19.64      6.44    0.72790      0.206169      0.481304      0.283250      0.566500
W9138_pup                19.90      5.69    0.72741      0.057077      0.030500      0.008074      0.016147
A1090_Bouvetoya          19.79      5.95    0.72078      0.102784      0.054854      0.029030      0.058060
MIAGM13130_Marion_island      20.00      6.05    0.72713      0.013778      0.022912      0.002594      0.005187
CI39_Crozet              19.74      5.87    0.72016      0.037196      0.015997      0.000363      0.000726
KI814_Kergulen           19.03      5.38    0.68862      0.207022      0.268195      0.153458      0.306917
HI4_Heard                19.64      5.08    0.68261      0.337372      0.152235      0.092369      0.184738
MI2264_Macquarie         19.79      5.18    0.68685      0.262128      0.177731      0.058604      0.117209
Population              mean_N    mean_k    mean_He    p_sign_TPM    p_stdv_TPM    p_W_1t_TPM    p_W_2t_TPM
137717_South_Shetlands      19.79      6.21    0.71415      0.120468      0.218731      0.673171      0.663664
W6526/26_pup             19.90      6.10    0.72890      0.057009      0.017702      0.005322      0.010643
A1070_Bouvetoya          19.95      5.74    0.71650      0.066111      0.116570      0.073074      0.146148
MIAGM13136_Marion_island      19.85      6.00    0.72567      0.426923      0.156930      0.047842      0.095683
CI40_Crozet              19.64      5.74    0.71676      0.056741      0.016010      0.003581      0.007162
KI802_Kergulen           19.64      5.28    0.68660      0.494585      0.415478      0.138340      0.276680
HI9_Heard                19.85      5.38    0.69187      0.528563      0.358146      0.194232      0.388464
MI2261_Macquarie         20.00      5.23    0.68043      0.021764      0.055492      0.006348      0.012697
Population              mean_N    mean_k    mean_He    p_sign_TPM    p_stdv_TPM    p_W_1t_TPM    p_W_2t_TPM
137715_South_Shetlands      19.64      6.08    0.72919      0.118746      0.109143      0.043731      0.087463
W9169_pup                19.79      5.97    0.71134      0.326320      0.097853      0.056963      0.113925
A1060_Bouvetoya          19.95      5.67    0.69278      0.308085      0.404112      0.234013      0.468025
MIAGM13134_Marion_island      19.79      6.00    0.72552      0.037355      0.039388      0.012649      0.025299
CI5_Crozet               19.59      5.74    0.72108      0.025522      0.010090      0.000171      0.000343
KI812_Kergulen           19.44      5.13    0.67639      0.279010      0.271241      0.118674      0.237349
HI9_Heard                19.54      5.21    0.69709      0.388030      0.074318      0.022955      0.045909
MI2246_Macquarie         19.85      5.54    0.69759      0.195087      0.362477      0.097116      0.194231
Population              mean_N    mean_k    mean_He    p_sign_TPM    p_stdv_TPM    p_W_1t_TPM    p_W_2t_TPM
137719_South_Shetlands      19.95      5.97    0.72286      0.057366      0.052766      0.064332      0.128663
SG15_South_Georgia       19.95      5.95    0.71746      0.513839      0.355717      0.227569      0.455138
A1013_Bouvetoya          19.79      5.92    0.70124      0.164790      0.448664      0.387160      0.774320
MIAGM13138_Marion_island      19.74      5.87    0.72086      0.030868      0.038339      0.006575      0.013149
CI5_Crozet               19.54      5.69    0.71244      0.068822      0.021828      0.000618      0.001236
KI806_Kergulen           19.28      5.36    0.70660      0.169458      0.088569      0.022955      0.045909
HI9_Heard                19.79      5.08    0.67026      0.466197      0.305192      0.127569      0.255139
MI1685_Macquarie         20.00      5.49    0.67274      0.337504      0.240196      0.530241      0.950500
Population              mean_N    mean_k    mean_He    p_sign_TPM    p_stdv_TPM    p_W_1t_TPM    p_W_2t_TPM
137690_South_Shetlands      19.79      6.18    0.72514      0.110359      0.222386      0.107128      0.214257
W9161_mum                19.85      5.87    0.73403      0.013406      0.156438      0.010658      0.021316
BI8_Bouvetoya            19.85      5.69    0.71850      0.525798      0.100114      0.077077      0.154154
MIAGM13141_Marion_island      19.79      6.05    0.71665      0.276563      0.157145      0.079138      0.158277
CI5_Crozet               19.64      5.62    0.71946      0.007649      0.000309      0.000017      0.000034
KI816_Kergulen           19.49      5.18    0.70104      0.026240      0.014644      0.002594      0.005187
HI9_Heard                19.79      5.26    0.66430      0.475675      0.384588      0.210522      0.421045
MI2267_Macquarie         19.85      5.46    0.69343      0.331191      0.363840      0.198233      0.396465
Population              mean_N    mean_k    mean_He    p_sign_TPM    p_stdv_TPM    p_W_1t_TPM    p_W_2t_TPM
137705_South_Shetlands      19.90      6.00    0.71433      0.210180      0.406941      0.229779      0.459558
W6519/19_pup             19.85      6.03    0.73094      0.130844      0.101105      0.017965      0.035930
BI22_Bouvetoya           19.85      5.87    0.71535      0.027162      0.093254      0.028090      0.056179
MIAGM13139_Marion_island      19.90      6.05    0.72853      0.165538      0.049925      0.008426      0.016852
CI40_Crozet              19.49      5.92    0.72619      0.014787      0.015720      0.000114      0.000229
KI812_Kergulen           19.03      5.13    0.67809      0.160913      0.180745      0.048683      0.097367
HI5_Heard                19.69      5.26    0.68681      0.534005      0.470813      0.297472      0.594945
MI2259_Macquarie         19.85      5.33    0.69181      0.153628      0.073772      0.011685      0.023371
Population              mean_N    mean_k    mean_He    p_sign_TPM    p_stdv_TPM    p_W_1t_TPM    p_W_2t_TPM
137722_South_Shetlands      20.00      6.33    0.73198      0.432106      0.472601      0.217332      0.434664
W9163_mum                19.85      6.15    0.72824      0.159662      0.172621      0.019229      0.038457
2263_Bouvetoya           19.95      5.44    0.70031      0.193982      0.022360      0.011964      0.023927
MIAGM13144_Marion_island      19.69      5.97    0.72729      0.115023      0.052306      0.013913      0.027825
CI39_Crozet              19.69      5.87    0.72449      0.001882      0.001662      0.000039      0.000079
KI813_Kergulen           19.85      5.33    0.67883      0.469936      0.307029      0.153458      0.306917
HI9_Heard                19.90      5.13    0.68198      0.134880      0.037775      0.007112      0.014224
MI2262_Macquarie         19.95      5.69    0.70122      0.454858      0.440357      0.240836      0.481672
Population              mean_N    mean_k    mean_He    p_sign_TPM    p_stdv_TPM    p_W_1t_TPM    p_W_2t_TPM
137723_South_Shetlands      20.00      6.54    0.73266      0.444486      0.384555      0.234013      0.468025
W9163_pup                19.85      6.18    0.70715      0.493973      0.363949      0.223238      0.446475
A1054_Bouvetoya          19.85      5.69    0.72871      0.011442      0.006709      0.001064      0.002129
MIAGM13134_Marion_island      19.85      5.92    0.72280      0.550670      0.030919      0.005322      0.010643
CI5_Crozet               19.59      5.92    0.71999      0.142835      0.040765      0.001922      0.003844
KI816_Kergulen           19.28      5.31    0.70068      0.057003      0.053497      0.007442      0.014884
HI9_Heard                19.64      5.15    0.67953      0.297563      0.234934      0.175083      0.350166
MI2254_Macquarie         20.00      5.67    0.69865      0.233781      0.397779      0.124555      0.249111
Population              mean_N    mean_k    mean_He    p_sign_TPM    p_stdv_TPM    p_W_1t_TPM    p_W_2t_TPM
137696_South_Shetlands      19.95      6.31    0.73092      0.049395      0.016702      0.004169      0.008338
W6519/19                 19.79      6.49    0.73723      0.466693      0.383335      0.115100      0.230200
A1096_Bouvetoya          19.69      5.69    0.71477      0.021244      0.037786      0.003626      0.007252
MIAGM13131_Marion_island      19.90      6.18    0.72451      0.445859      0.295210      0.115100      0.230200
CI40_Crozet              19.49      5.85    0.72278      0.006472      0.011609      0.000042      0.000085
KI810_Kergulen           19.44      5.15    0.68901      0.285363      0.151095      0.055356      0.110712
HI7_Heard                19.59      4.95    0.68096      0.214978      0.268615      0.229779      0.459558
MI2270_Macquarie         19.69      5.54    0.69653      0.033416      0.148968      0.049324      0.098649
Population              mean_N    mean_k    mean_He    p_sign_TPM    p_stdv_TPM    p_W_1t_TPM    p_W_2t_TPM
137681_South_Shetlands      19.90      5.90    0.71260      0.216868      0.408853      0.182360      0.364720
W9135_mum                19.95      5.97    0.70931      0.254902      0.461298      0.302759      0.605517
A1028_Bouvetoya          19.95      6.03    0.72083      0.316693      0.168479      0.063749      0.127497
MIAGM13122_Marion_island      20.00      6.05    0.71498      0.352489      0.142341      0.059056      0.118111
CI5_Crozet               19.59      5.95    0.72357      0.005425      0.003961      0.000207      0.000414
KI814_Kergulen           19.38      5.49    0.69586      0.160871      0.253856      0.151057      0.302114
HI7_Heard                19.69      5.10    0.67875      0.322959      0.242451      0.109741      0.219482
MI2246_Macquarie         19.79      5.36    0.69977      0.412682      0.196826      0.056962      0.113925
Population              mean_N    mean_k    mean_He    p_sign_TPM    p_stdv_TPM    p_W_1t_TPM    p_W_2t_TPM
137699_South_Shetlands      19.95      6.31    0.73666      0.234179      0.447502      0.020686      0.041373
W6558_pup                19.85      5.90    0.72113      0.192863      0.047554      0.011964      0.023927
A1028_Bouvetoya          20.00      5.64    0.69892      0.208445      0.034537      0.002537      0.005074
MIAGM13067_Marion_island      19.79      6.03    0.71604      0.094538      0.045787      0.004808      0.009616
CI5_Crozet               19.49      5.85    0.72226      0.004325      0.009338      0.001181      0.002361
KI816_Kergulen           19.79      5.26    0.68491      0.390305      0.433379      0.242606      0.485211
HI4_Heard                19.64      5.26    0.70458      0.098913      0.024784      0.005098      0.010195
MI2252_Macquarie         19.95      5.18    0.69109      0.143364      0.036504      0.008785      0.017571
Population              mean_N    mean_k    mean_He    p_sign_TPM    p_stdv_TPM    p_W_1t_TPM    p_W_2t_TPM
137712_South_Shetlands      19.79      6.13    0.71617      0.394806      0.077260      0.010784      0.021568
W6530/30                 19.69      6.00    0.72317      0.554740      0.255219      0.161078      0.322156
BI6_Bouvetoya            19.95      5.54    0.70529      0.038292      0.044759      0.019229      0.038457
MIAGM13132_Marion_island      19.85      6.36    0.71898      0.415410      0.022126      0.663136      0.683851
CI38_Crozet              19.85      5.67    0.71741      0.001170      0.001767      0.000219      0.000439
KI810_Kergulen           19.49      5.21    0.68836      0.155901      0.102667      0.034770      0.069541
HI7_Heard                19.74      5.18    0.68790      0.430898      0.234671      0.151057      0.302114
MI2267_Macquarie         19.85      5.31    0.69040      0.044307      0.305890      0.013156      0.026312
Population              mean_N    mean_k    mean_He    p_sign_TPM    p_stdv_TPM    p_W_1t_TPM    p_W_2t_TPM
137720_South_Shetlands      19.85      6.51    0.73411      0.337963      0.495479      0.326829      0.653658
W9168_mum                19.79      6.13    0.72669      0.344981      0.341361      0.070192      0.140385
A1076_Bouvetoya          20.00      5.97    0.72645      0.029799      0.039662      0.016718      0.033436
MIAGM13118_Marion_island      19.90      6.03    0.70939      0.495537      0.304667      0.118674      0.237349
CI5_Crozet               19.49      5.67    0.72152      0.000680      0.000320      0.000002      0.000003
KI810_Kergulen           19.23      5.26    0.70266      0.062736      0.035734      0.024573      0.049146
HI36_Heard               19.69      5.33    0.68758      0.125993      0.140592      0.094721      0.189442
MI2262_Macquarie         19.95      5.23    0.68851      0.005042      0.001052      0.000046      0.000092
Population              mean_N    mean_k    mean_He    p_sign_TPM    p_stdv_TPM    p_W_1t_TPM    p_W_2t_TPM
137723_South_Shetlands      19.90      6.33    0.72912      0.430361      0.162597      0.069229      0.138457
W6522/22                 19.69      6.00    0.72551      0.415324      0.253963      0.069229      0.138457
2271_Bouvetoya           19.85      5.77    0.69697      0.190789      0.218122      0.101126      0.202253
MIAGM13141_Marion_island      19.85      6.08    0.71391      0.421149      0.436198      0.283250      0.566500
CI5_Crozet               19.54      5.74    0.72030      0.005585      0.002798      0.000046      0.000091
KI814_Kergulen           19.59      5.15    0.68523      0.073426      0.022203      0.008079      0.016159
HI28_Heard               19.59      5.26    0.69561      0.414911      0.069812      0.025416      0.050833
MI1666_Macquarie         20.00      5.49    0.70121      0.065873      0.080700      0.017202      0.034404
Population              mean_N    mean_k    mean_He    p_sign_TPM    p_stdv_TPM    p_W_1t_TPM    p_W_2t_TPM
137705_South_Shetlands      19.74      6.38    0.73920      0.353143      0.499340      0.217332      0.434664
Y/B134/35                19.64      6.03    0.72197      0.216651      0.278361      0.157692      0.315383
A1086_Bouvetoya          19.79      5.74    0.70837      0.213273      0.398780      0.225587      0.451174
MIAGM13125_Marion_island      19.90      5.95    0.71113      0.396412      0.285376      0.146689      0.293377
CI5_Crozet               19.59      5.90    0.70630      0.082486      0.124693      0.021449      0.042898
KI814_Kergulen           19.28      5.15    0.67824      0.210320      0.331552      0.217332      0.434664
HI9_Heard                19.74      5.26    0.67438      0.150336      0.370950      0.218952      0.437905
MI2270_Macquarie         19.69      5.44    0.71308      0.037037      0.012424      0.002592      0.005184
Population              mean_N    mean_k    mean_He    p_sign_TPM    p_stdv_TPM    p_W_1t_TPM    p_W_2t_TPM
137718_South_Shetlands      19.28      6.21    0.73250      0.341151      0.291572      0.112398      0.224797
W6542/42                 19.95      6.00    0.72294      0.558597      0.162790      0.104560      0.209119
BI3_Bouvetoya            19.85      5.69    0.70708      0.150101      0.120075      0.026525      0.053049
MIAGM13144_Marion_island      19.79      5.97    0.71223      0.461945      0.371126      0.217332      0.434664
CI5_Crozet               19.38      5.67    0.71854      0.000501      0.001581      0.000001      0.000002
KI805_Kergulen           19.79      5.18    0.68474      0.279756      0.462674      0.182360      0.364720
HI7_Heard                19.49      5.23    0.68413      0.131847      0.487612      0.497248      0.994497
MI1688_Macquarie         19.74      5.31    0.70110      0.526973      0.102877      0.038689      0.077379
Population              mean_N    mean_k    mean_He    p_sign_TPM    p_stdv_TPM    p_W_1t_TPM    p_W_2t_TPM
137685_South_Shetlands      19.95      6.41    0.74975      0.124316      0.101805      0.016122      0.032244
W9167_pup                19.64      5.92    0.72261      0.007112      0.018932      0.000916      0.001833
BI2_Bouvetoya            19.74      5.95    0.72376      0.021586      0.059095      0.007423      0.014845
MIAGM13140_Marion_island      19.90      6.00    0.72269      0.188701      0.029117      0.005532      0.011064
CI40_Crozet              19.69      5.87    0.71955      0.026819      0.031284      0.005554      0.011108
KI813_Kergulen           19.69      5.18    0.68411      0.230715      0.224477      0.209250      0.418500
HI9_Heard                19.74      5.18    0.66623      0.274153      0.333257      0.182360      0.364720
MI2260_Macquarie         19.85      5.21    0.68110      0.106278      0.072061      0.036173      0.072347
Population              mean_N    mean_k    mean_He    p_sign_TPM    p_stdv_TPM    p_W_1t_TPM    p_W_2t_TPM
137720_South_Shetlands      19.90      6.21    0.73723      0.310329      0.205082      0.112398      0.224797
W6516/16_pup             19.90      6.05    0.72810      0.319162      0.307831      0.117847      0.235693
BI25_Bouvetoya           19.85      5.64    0.71234      0.007749      0.008519      0.000057      0.000114
MIAGM13117_Marion_island      19.90      6.08    0.71651      0.445486      0.404015      0.316549      0.633098
CI5_Crozet               19.54      5.74    0.72113      0.006807      0.002859      0.000027      0.000054
KI814_Kergulen           19.54      5.33    0.69451      0.287825      0.104586      0.077077      0.154154
HI9_Heard                19.69      5.38    0.66857      0.462693      0.392494      0.443015      0.886029
MI2258_Macquarie         20.00      5.36    0.68988      0.181255      0.220756      0.138340      0.276680
Population              mean_N    mean_k    mean_He    p_sign_TPM    p_stdv_TPM    p_W_1t_TPM    p_W_2t_TPM
137710_South_Shetlands      19.90      5.97    0.72469      0.313243      0.286603      0.171513      0.343026
W6531/31_pup             19.85      6.18    0.73154      0.333010      0.271298      0.151057      0.302114
BI24_Bouvetoya           19.69      5.90    0.71309      0.079784      0.085050      0.025616      0.051233
MIAGM13119_Marion_island      19.79      6.18    0.71611      0.218511      0.288204      0.404596      0.809191
CI38_Crozet              19.54      5.82    0.72977      0.001416      0.001126      0.000056      0.000112
KI810_Kergulen           19.69      5.33    0.69938      0.240189      0.132456      0.006812      0.013624
HI7_Heard                19.64      4.92    0.67554      0.279413      0.105656      0.042425      0.084850
MI2262_Macquarie         19.90      5.21    0.68872      0.440903      0.273774      0.213269      0.426539
Population              mean_N    mean_k    mean_He    p_sign_TPM    p_stdv_TPM    p_W_1t_TPM    p_W_2t_TPM
137721_South_Shetlands      19.95      6.28    0.72566      0.555234      0.450423      0.287955      0.575910
W9136_mum                19.79      5.95    0.72813      0.178866      0.041433      0.009475      0.018950
2274_Bouvetoya           20.00      5.59    0.69825      0.023182      0.047034      0.001268      0.002537
MIAGM13144_Marion_island      19.64      6.00    0.71626      0.294724      0.184970      0.032627      0.065254
CI40_Crozet              19.54      5.90    0.72710      0.017836      0.006521      0.000025      0.000050
KI807_Kergulen           19.59      5.13    0.68832      0.472504      0.271169      0.214714      0.429428
HI9_Heard                19.64      5.13    0.68964      0.230906      0.211581      0.157692      0.315383
MI2264_Macquarie         19.95      5.18    0.68373      0.474904      0.265752      0.104818      0.209636
Population              mean_N    mean_k    mean_He    p_sign_TPM    p_stdv_TPM    p_W_1t_TPM    p_W_2t_TPM
137702_South_Shetlands      19.85      6.13    0.72710      0.386735      0.294581      0.080619      0.161239
W9162_mum                19.69      5.97    0.72306      0.250285      0.242872      0.062607      0.125213
A1024_Bouvetoya          19.79      5.72    0.70549      0.473541      0.218061      0.182360      0.364720
MIAGM13136_Marion_island      19.90      6.18    0.72082      0.419504      0.186643      0.087792      0.175584
CI5_Crozet               19.64      5.82    0.71081      0.099420      0.138000      0.067364      0.134728
KI812_Kergulen           19.49      5.23    0.70471      0.038889      0.009509      0.007745      0.015490
HI9_Heard                19.79      5.15    0.67513      0.500191      0.317469      0.213269      0.426539
MI2265_Macquarie         19.95      5.74    0.70043      0.421958      0.490413      0.147343      0.294686
Population              mean_N    mean_k    mean_He    p_sign_TPM    p_stdv_TPM    p_W_1t_TPM    p_W_2t_TPM
137721_South_Shetlands      20.00      6.38    0.74426      0.467080      0.386508      0.260280      0.520561
W9138_pup                19.85      6.21    0.72618      0.464332      0.171089      0.055661      0.111322
A1051_Bouvetoya          19.79      5.95    0.72404      0.220152      0.078411      0.021449      0.042898
MIAGM13122_Marion_island      19.95      6.26    0.72920      0.343868      0.076963      0.027459      0.054917
CI5_Crozet               19.64      5.69    0.70857      0.038153      0.013360      0.004570      0.009139
KI814_Kergulen           19.33      5.44    0.69424      0.021176      0.017483      0.002537      0.005074
HI5_Heard                19.90      5.08    0.69100      0.027876      0.006075      0.000263      0.000526
MI1623_Macquarie         19.95      5.51    0.69376      0.245452      0.226098      0.070192      0.140385
Population              mean_N    mean_k    mean_He    p_sign_TPM    p_stdv_TPM    p_W_1t_TPM    p_W_2t_TPM
137716_South_Shetlands      19.64      6.46    0.73666      0.311132      0.297200      0.175083      0.350166
W9177_mum                19.69      6.03    0.71722      0.205189      0.288188      0.037504      0.075008
A1092_Bouvetoya          19.74      5.72    0.70701      0.489466      0.130618      0.050853      0.101706
MIAGM13134_Marion_island      19.85      6.00    0.71423      0.253093      0.181819      0.082835      0.165670
CI5_Crozet               19.44      5.74    0.71452      0.069216      0.004205      0.000100      0.000200
KI810_Kergulen           19.69      5.23    0.66659      0.476550      0.196628      0.573879      0.863076
HI9_Heard                19.69      5.15    0.66638      0.234208      0.239018      0.107493      0.214987
MI1650_Macquarie         19.85      5.49    0.69697      0.346016      0.462228      0.249904      0.499808
Population              mean_N    mean_k    mean_He    p_sign_TPM    p_stdv_TPM    p_W_1t_TPM    p_W_2t_TPM
137718_South_Shetlands      19.90      6.51    0.74316      0.068734      0.048126      0.008406      0.016812
W9134_mum                19.85      5.90    0.71475      0.188026      0.162922      0.039904      0.079809
A1035_Bouvetoya          19.95      5.69    0.70789      0.295520      0.221900      0.107128      0.214257
MIAGM13143_Marion_island      19.95      5.97    0.72674      0.011538      0.018490      0.004882      0.009763
CI40_Crozet              19.74      5.92    0.72933      0.010943      0.004126      0.000142      0.000284
KI812_Kergulen           19.38      5.26    0.68116      0.167993      0.444088      0.117847      0.235693
HI9_Heard                19.90      5.21    0.67859      0.349268      0.263629      0.175083      0.350166
MI2255_Macquarie         19.95      5.36    0.67524      0.521037      0.294461      0.488566      0.977133
Population              mean_N    mean_k    mean_He    p_sign_TPM    p_stdv_TPM    p_W_1t_TPM    p_W_2t_TPM
137720_South_Shetlands      19.95      6.10    0.72952      0.228071      0.191358      0.107128      0.214257
W9136_pup                19.85      6.10    0.72786      0.480837      0.447502      0.118674      0.237349
A1081_Bouvetoya          19.74      6.15    0.72303      0.345862      0.369849      0.221438      0.442876
MIAGM13138_Marion_island      19.95      5.92    0.71668      0.020039      0.063459      0.027459      0.054917
CI40_Crozet              19.79      5.92    0.72197      0.002481      0.033381      0.001410      0.002819
KI813_Kergulen           19.59      5.44    0.69468      0.455035      0.257983      0.126357      0.252714
HI7_Heard                19.69      5.38    0.69335      0.264035      0.137037      0.070192      0.140385
MI1680_Macquarie         19.85      5.33    0.68950      0.324686      0.256907      0.160427      0.320853
Population              mean_N    mean_k    mean_He    p_sign_TPM    p_stdv_TPM    p_W_1t_TPM    p_W_2t_TPM
137723_South_Shetlands      19.69      6.26    0.73102      0.304121      0.248809      0.112398      0.224797
W9170_pup                20.00      6.18    0.74561      0.114040      0.008032      0.002594      0.005187
A1092_Bouvetoya          19.79      5.72    0.70214      0.085258      0.017835      0.001013      0.002026
MIAGM13138_Marion_island      19.85      6.13    0.72900      0.053720      0.024707      0.008296      0.016591
CI40_Crozet              19.79      5.95    0.70907      0.035666      0.091775      0.025616      0.051233
KI805_Kergulen           19.90      5.23    0.69186      0.197977      0.042001      0.012907      0.025814
HI9_Heard                19.69      5.23    0.68318      0.233756      0.110468      0.046374      0.092749
MI2258_Macquarie         19.85      5.59    0.69125      0.277347      0.159099      0.133854      0.267707
Population              mean_N    mean_k    mean_He    p_sign_TPM    p_stdv_TPM    p_W_1t_TPM    p_W_2t_TPM
137688_South_Shetlands      19.90      6.18    0.72187      0.311775      0.294745      0.563032      0.884820
W9133_pup                19.74      5.72    0.69529      0.517438      0.462814      0.376220      0.752440
A1094_Bouvetoya          19.95      5.51    0.68165      0.529773      0.365232      0.173017      0.346034
MIAGM13105_Marion_island      19.85      6.36    0.74299      0.209251      0.201919      0.032005      0.064009
CI5_Crozet               19.54      5.67    0.70452      0.100920      0.006250      0.000282      0.000564
KI793_Kergulen           19.28      5.26    0.68951      0.052663      0.062647      0.012672      0.025345
HI5_Heard                19.79      5.08    0.67772      0.033999      0.095258      0.009943      0.019885
MI2256_Macquarie         19.95      5.44    0.69162      0.523957      0.139540      0.055661      0.111322
Population              mean_N    mean_k    mean_He    p_sign_TPM    p_stdv_TPM    p_W_1t_TPM    p_W_2t_TPM
137710_South_Shetlands      19.90      6.05    0.73254      0.304434      0.166569      0.016718      0.033436
W9165_pup                19.90      6.00    0.72273      0.038510      0.029922      0.005471      0.010943
BI21_Bouvetoya           19.90      5.77    0.69624      0.356251      0.082283      0.043564      0.087128
MIAGM13143_Marion_island      19.69      6.10    0.72575      0.247302      0.219839      0.092146      0.184292
CI38_Crozet              19.49      5.64    0.71995      0.004600      0.002507      0.000248      0.000495
KI816_Kergulen           19.64      5.18    0.68025      0.031709      0.076523      0.007423      0.014845
HI7_Heard                19.74      4.92    0.66970      0.006898      0.042931      0.001022      0.002045
MI2267_Macquarie         19.95      5.54    0.68677      0.497827      0.324717      0.254503      0.509007
Population              mean_N    mean_k    mean_He    p_sign_TPM    p_stdv_TPM    p_W_1t_TPM    p_W_2t_TPM
137698_South_Shetlands      19.90      6.26    0.72738      0.546459      0.342458      0.193615      0.387231
W9167_mum                19.74      6.38    0.74373      0.542579      0.136699      0.058604      0.117209
BI5_Bouvetoya            19.90      5.74    0.70539      0.538743      0.104878      0.028338      0.056677
MIAGM13135_Marion_island      20.00      6.08    0.70985      0.384572      0.266591      0.167594      0.335188
CI5_Crozet               19.44      5.77    0.71297      0.027196      0.103720      0.025416      0.050833
KI795_Kergulen           19.49      4.97    0.67268      0.315840      0.208799      0.117847      0.235693
HI5_Heard                19.85      5.15    0.68089      0.148331      0.133718      0.035932      0.071863
MI2255_Macquarie         19.64      5.46    0.68952      0.480161      0.333781      0.174959      0.349918
Population              mean_N    mean_k    mean_He    p_sign_TPM    p_stdv_TPM    p_W_1t_TPM    p_W_2t_TPM
137693_South_Shetlands      19.64      5.95    0.71310      0.564900      0.398557      0.178699      0.357397
W9135_pup                19.64      6.05    0.74022      0.035121      0.039311      0.004474      0.008947
A1085_Bouvetoya          19.69      5.46    0.70232      0.306137      0.173080      0.058604      0.117209
MIAGM13106_Marion_island      19.90      6.36    0.73930      0.431056      0.111787      0.052248      0.104496
CI39_Crozet              19.49      5.67    0.71105      0.036186      0.017629      0.001827      0.003653
KI814_Kergulen           19.28      5.18    0.69397      0.084057      0.021152      0.007112      0.014224
HI3_Heard                19.85      5.13    0.68149      0.297561      0.124010      0.037504      0.075008
MI2256_Macquarie         19.90      5.26    0.69065      0.078396      0.113726      0.072192      0.144384
Population              mean_N    mean_k    mean_He    p_sign_TPM    p_stdv_TPM    p_W_1t_TPM    p_W_2t_TPM
137673_South_Shetlands      19.85      6.44    0.74536      0.096492      0.209331      0.049277      0.098554
W14                      19.74      5.74    0.72269      0.019687      0.045570      0.003800      0.007599
BI21_Bouvetoya           19.85      5.82    0.72404      0.066604      0.016055      0.003981      0.007961
MIAGM13122_Marion_island      19.95      6.13    0.71539      0.555570      0.063193      0.011668      0.023336
CI39_Crozet              19.59      5.95    0.73156      0.001219      0.004901      0.000034      0.000068
KI810_Kergulen           19.33      5.15    0.69451      0.058688      0.085550      0.008406      0.016812
HI3_Heard                19.79      5.21    0.67843      0.279557      0.149275      0.069229      0.138457
MI2270_Macquarie         20.00      5.41    0.69109      0.398517      0.240133      0.123475      0.246950
Population              mean_N    mean_k    mean_He    p_sign_TPM    p_stdv_TPM    p_W_1t_TPM    p_W_2t_TPM
137723_South_Shetlands      19.74      6.51    0.73886      0.214492      0.401428      0.138340      0.276680
W9177_pup                19.85      6.31    0.73333      0.069109      0.044889      0.025416      0.050833
BI24_Bouvetoya           19.85      6.15    0.72439      0.314048      0.153917      0.063749      0.127497
MIAGM13127_Marion_island      19.90      6.26    0.71999      0.421874      0.121240      0.036173      0.072347
CI40_Crozet              19.59      5.82    0.72052      0.102753      0.030425      0.001854      0.003708
KI814_Kergulen           19.23      5.13    0.68240      0.177540      0.298700      0.109741      0.219482
HI9_Heard                19.54      5.05    0.68552      0.113067      0.170494      0.090060      0.180119
MI2252_Macquarie         19.90      5.26    0.68243      0.359819      0.100181      0.045647      0.091294
Population              mean_N    mean_k    mean_He    p_sign_TPM    p_stdv_TPM    p_W_1t_TPM    p_W_2t_TPM
137718_South_Shetlands      19.85      6.31    0.72377      0.141419      0.161530      0.034770      0.069541
W6534                    19.59      6.05    0.72607      0.205196      0.127831      0.013402      0.026804
A1081_Bouvetoya          19.90      5.72    0.69430      0.093236      0.433481      0.107493      0.214987
MIAGM13140_Marion_island      19.79      6.08    0.72926      0.124364      0.067283      0.035220      0.070440
CI40_Crozet              19.59      5.85    0.72892      0.005462      0.008332      0.000090      0.000180
KI810_Kergulen           19.18      5.08    0.67929      0.035660      0.042283      0.057339      0.114678
HI5_Heard                19.79      5.13    0.68618      0.144095      0.021136      0.001827      0.003653
MI2267_Macquarie         19.85      5.26    0.68026      0.353891      0.428584      0.312005      0.624010
Population              mean_N    mean_k    mean_He    p_sign_TPM    p_stdv_TPM    p_W_1t_TPM    p_W_2t_TPM
137701_South_Shetlands      19.85      6.10    0.72753      0.293392      0.201521      0.092369      0.184738
Y/B144/45                19.79      6.03    0.73155      0.211210      0.068793      0.011079      0.022158
A1069_Bouvetoya          19.69      5.87    0.71508      0.133645      0.139821      0.043564      0.087128
MIAGM13133_Marion_island      19.64      6.03    0.71671      0.054226      0.104811      0.018851      0.037703
CI40_Crozet              19.69      5.97    0.73221      0.002460      0.000627      0.000012      0.000024
KI810_Kergulen           19.59      5.15    0.67674      0.347300      0.345254      0.085095      0.170191
HI9_Heard                19.90      5.18    0.66416      0.292726      0.358584      0.443015      0.886029
MI2270_Macquarie         20.00      5.51    0.69393      0.468770      0.166737      0.121590      0.243181
Population              mean_N    mean_k    mean_He    p_sign_TPM    p_stdv_TPM    p_W_1t_TPM    p_W_2t_TPM
137697_South_Shetlands      19.85      6.10    0.72737      0.202217      0.226426      0.123475      0.246950
Y/B134/35                19.79      6.26    0.72578      0.094660      0.059385      0.005720      0.011439
A1083_Bouvetoya          20.00      6.08    0.73387      0.069007      0.030372      0.009475      0.018950
MIAGM13134_Marion_island      19.90      5.79    0.72167      0.002604      0.005887      0.000049      0.000098
CI5_Crozet               19.54      5.62    0.71863      0.000173      0.000982      0.000001      0.000001
KI816_Kergulen           19.49      5.15    0.68245      0.354521      0.113012      0.092146      0.184292
HI9_Heard                19.85      5.26    0.68635      0.409261      0.279811      0.229779      0.459558
MI2248_Macquarie         19.95      5.64    0.68510      0.356586      0.420333      0.316549      0.633098
Population              mean_N    mean_k    mean_He    p_sign_TPM    p_stdv_TPM    p_W_1t_TPM    p_W_2t_TPM
137708_South_Shetlands      19.95      6.10    0.71379      0.425980      0.155406      0.362441      0.724881
ATF16                    19.95      6.05    0.72058      0.375729      0.155656      0.092146      0.184292
A1041_Bouvetoya          19.79      6.00    0.71589      0.390937      0.181912      0.144607      0.289213
MIAGM13132_Marion_island      19.64      6.15    0.73535      0.073078      0.229652      0.087792      0.175584
CI5_Crozet               19.74      5.87    0.72175      0.103065      0.020515      0.013913      0.027825
KI813_Kergulen           19.44      5.21    0.68524      0.137025      0.051615      0.020686      0.041373
HI9_Heard                19.74      5.15    0.67475      0.558767      0.438913      0.154351      0.308703
MI2270_Macquarie         19.95      5.21    0.68300      0.454465      0.168161      0.089750      0.179501
Population              mean_N    mean_k    mean_He    p_sign_TPM    p_stdv_TPM    p_W_1t_TPM    p_W_2t_TPM
137721_South_Shetlands      19.74      6.08    0.71471      0.419999      0.350927      0.144607      0.289213
W9169_pup                19.79      6.33    0.72061      0.277836      0.325533      0.174959      0.349918
A1075_Bouvetoya          19.90      5.90    0.72114      0.272160      0.297926      0.213269      0.426539
MIAGM13121_Marion_island      20.00      6.21    0.72632      0.439084      0.487654      0.409953      0.819906
CI39_Crozet              19.49      5.59    0.69786      0.119581      0.081337      0.012649      0.025299
KI7_Kergulen             19.54      4.97    0.68453      0.206821      0.023356      0.008785      0.017571
HI9_Heard                19.49      5.13    0.67454      0.401329      0.470924      0.175083      0.350166
MI1688_Macquarie         19.95      5.15    0.67031      0.523445      0.490747      0.238288      0.476577
Population              mean_N    mean_k    mean_He    p_sign_TPM    p_stdv_TPM    p_W_1t_TPM    p_W_2t_TPM
137692_South_Shetlands      19.95      5.97    0.72141      0.224984      0.178512      0.028090      0.056179
W9169_mum                19.54      5.95    0.71369      0.241967      0.203982      0.064442      0.128884
A1093_Bouvetoya          19.95      6.08    0.71642      0.294037      0.306347      0.092369      0.184738
MIAGM13133_Marion_island      19.95      6.00    0.71748      0.038378      0.023386      0.003783      0.007567
CI39_Crozet              19.54      5.79    0.71821      0.038279      0.008780      0.001022      0.002045
KI814_Kergulen           19.33      5.23    0.69542      0.062363      0.064656      0.042425      0.084850
HI9_Heard                19.74      5.13    0.67963      0.116638      0.197443      0.027174      0.054348
MI2261_Macquarie         19.95      5.38    0.68338      0.556819      0.462863      0.264798      0.529596
Population              mean_N    mean_k    mean_He    p_sign_TPM    p_stdv_TPM    p_W_1t_TPM    p_W_2t_TPM
137721_South_Shetlands      19.90      6.26    0.72465      0.453906      0.488140      0.347014      0.694029
W9169_pup                19.79      6.13    0.70329      0.356416      0.379196      0.508255      0.994497
A1015_Bouvetoya          19.85      5.59    0.68710      0.367332      0.227442      0.160427      0.320853
MIAGM13070_Marion_island      19.95      6.21    0.71592      0.396926      0.187568      0.081240      0.162480
CI5_Crozet               19.59      5.82    0.71489      0.017804      0.035644      0.001565      0.003130
KI810_Kergulen           19.18      5.41    0.69918      0.216142      0.179437      0.076320      0.152639
HI7_Heard                19.69      5.44    0.69970      0.427393      0.236454      0.135276      0.270551
MI2262_Macquarie         19.95      5.59    0.68696      0.443265      0.197053      0.099609      0.199218
Population              mean_N    mean_k    mean_He    p_sign_TPM    p_stdv_TPM    p_W_1t_TPM    p_W_2t_TPM
137693_South_Shetlands      19.74      6.31    0.72656      0.449148      0.319172      0.186067      0.372133
W9173_pup                19.95      5.85    0.73232      0.012115      0.002262      0.000019      0.000038
A1094_Bouvetoya          19.90      5.77    0.70461      0.011350      0.014697      0.002537      0.005074
MIAGM13136_Marion_island      19.85      6.10    0.73567      0.299153      0.104885      0.063749      0.127497
CI39_Crozet              19.69      5.74    0.71853      0.003558      0.004469      0.000194      0.000388
KI816_Kergulen           19.64      5.21    0.69758      0.221355      0.014827      0.006245      0.012491
HI9_Heard                19.69      5.23    0.66669      0.250551      0.345664      0.508255      0.994497
MI2265_Macquarie         19.85      5.10    0.67239      0.390285      0.487203      0.290430      0.580860
Population              mean_N    mean_k    mean_He    p_sign_TPM    p_stdv_TPM    p_W_1t_TPM    p_W_2t_TPM
137698_South_Shetlands      19.95      6.26    0.72504      0.429935      0.206067      0.117847      0.235693
ATP02                    19.79      5.90    0.70896      0.117848      0.110335      0.079138      0.158277
A1066_Bouvetoya          19.85      5.74    0.68970      0.116016      0.072430      0.032627      0.065254
MIAGM13138_Marion_island      19.90      6.15    0.71855      0.564565      0.340208      0.161078      0.322156
CI5_Crozet               19.59      5.85    0.71697      0.105694      0.015013      0.002983      0.005966
KI802_Kergulen           19.79      5.31    0.70778      0.072847      0.027803      0.020692      0.041384
HI9_Heard                19.74      5.03    0.67944      0.149357      0.058602      0.066318      0.132635
MI2265_Macquarie         19.90      5.18    0.68066      0.096259      0.026925      0.011192      0.022383
Population              mean_N    mean_k    mean_He    p_sign_TPM    p_stdv_TPM    p_W_1t_TPM    p_W_2t_TPM
137712_South_Shetlands      19.64      5.85    0.69866      0.556644      0.440542      0.245348      0.490696
W9136_mum                19.79      5.90    0.71746      0.152064      0.251145      0.040890      0.081780
A1021_Bouvetoya          19.74      5.92    0.72332      0.438709      0.140507      0.069229      0.138457
MIAGM13140_Marion_island      19.90      6.38    0.72766      0.423655      0.304792      0.326829      0.653658
CI5_Crozet               19.74      5.85    0.73206      0.004628      0.003961      0.001447      0.002894
KI816_Kergulen           19.49      5.28    0.68630      0.227732      0.085103      0.026525      0.053049
HI9_Heard                19.69      5.05    0.67233      0.390018      0.233038      0.097075      0.194150
MI2248_Macquarie         19.95      5.33    0.69443      0.465346      0.315708      0.109741      0.219482
Population              mean_N    mean_k    mean_He    p_sign_TPM    p_stdv_TPM    p_W_1t_TPM    p_W_2t_TPM
137646_South_Shetlands      19.85      5.82    0.70037      0.094844      0.498354      0.393934      0.787868
W6512/12_pup             19.90      5.90    0.72226      0.305214      0.202328      0.047842      0.095683
A1077_Bouvetoya          20.00      5.82    0.70243      0.560795      0.190311      0.130615      0.261230
MIAGM13139_Marion_island      19.79      6.15    0.73174      0.457415      0.263414      0.147809      0.295618
CI5_Crozet               19.64      5.77    0.72222      0.011419      0.011340      0.001681      0.003361
KI816_Kergulen           19.44      5.28    0.70149      0.101213      0.027105      0.011514      0.023028
HI9_Heard                19.90      5.21    0.66324      0.436726      0.491176      0.378088      0.756177
MI2270_Macquarie         20.00      5.36    0.67530      0.227567      0.292249      0.089750      0.179501
Population              mean_N    mean_k    mean_He    p_sign_TPM    p_stdv_TPM    p_W_1t_TPM    p_W_2t_TPM
137664_South_Shetlands      19.95      6.49    0.74684      0.198320      0.152107      0.047842      0.095683
W6518/18_pup             19.85      6.03    0.70769      0.155304      0.106300      0.014221      0.028441
A1074_Bouvetoya          19.85      5.67    0.71383      0.055802      0.021118      0.003917      0.007835
MIAGM13055_Marion_island      19.95      6.28    0.73776      0.186436      0.099580      0.017332      0.034665
CI40_Crozet              19.64      5.72    0.70930      0.076111      0.067976      0.009943      0.019885
KI806_Kergulen           19.23      5.28    0.69449      0.420593      0.144160      0.118674      0.237349
HI5_Heard                19.85      5.18    0.66443      0.368823      0.495307      0.352130      0.704261
MI2264_Macquarie         19.85      5.67    0.71131      0.106903      0.093622      0.029995      0.059991
Population              mean_N    mean_k    mean_He    p_sign_TPM    p_stdv_TPM    p_W_1t_TPM    p_W_2t_TPM
137714_South_Shetlands      19.90      6.08    0.74176      0.133699      0.091158      0.009856      0.019713
W6539                    19.64      6.03    0.72790      0.074197      0.145057      0.025416      0.050833
A1077_Bouvetoya          20.00      5.90    0.70958      0.103477      0.034216      0.004808      0.009616
MIAGM13121_Marion_island      19.95      5.92    0.72918      0.074787      0.025272      0.003981      0.007961
CI40_Crozet              19.79      5.72    0.71400      0.004446      0.007731      0.000397      0.000794
KI812_Kergulen           19.74      5.05    0.68282      0.239905      0.063468      0.027459      0.054917
HI5_Heard                19.64      5.03    0.68258      0.025343      0.047107      0.005322      0.010643
MI1675_Macquarie         19.90      5.44    0.67100      0.376468      0.411400      0.426089      0.852178
Population              mean_N    mean_k    mean_He    p_sign_TPM    p_stdv_TPM    p_W_1t_TPM    p_W_2t_TPM
137691_South_Shetlands      19.59      6.15    0.72927      0.558592      0.180691      0.075056      0.150111
W9177_mum                19.85      6.28    0.73604      0.435612      0.355141      0.171513      0.343026
BI10_Bouvetoya           19.85      5.74    0.69166      0.361794      0.315934      0.190280      0.380559
MIAGM13143_Marion_island      19.79      6.03    0.72477      0.077066      0.179893      0.034121      0.068242
CI40_Crozet              19.69      5.79    0.71735      0.051603      0.029425      0.001766      0.003531
KI7_Kergulen             19.54      5.10    0.67770      0.334965      0.274432      0.074235      0.148469
HI9_Heard                19.74      5.26    0.68807      0.451551      0.336326      0.154351      0.308703
MI2261_Macquarie         19.95      5.18    0.67968      0.341434      0.286050      0.186376      0.372752
Population              mean_N    mean_k    mean_He    p_sign_TPM    p_stdv_TPM    p_W_1t_TPM    p_W_2t_TPM
137720_South_Shetlands      19.69      6.23    0.72840      0.117610      0.090829      0.042425      0.084850
AGP14180                 19.69      6.18    0.72186      0.391502      0.255112      0.082835      0.165670
A1097_Bouvetoya          19.95      5.87    0.72292      0.063053      0.013379      0.004882      0.009763
MIAGM13142_Marion_island      19.74      6.18    0.72953      0.324820      0.391472      0.321856      0.643713
CI5_Crozet               19.59      5.77    0.71999      0.024175      0.007886      0.003123      0.006247
KI807_Kergulen           19.38      5.10    0.68206      0.514086      0.142711      0.097075      0.194150
HI7_Heard                19.74      5.41    0.68524      0.481227      0.381990      0.376220      0.752440
MI2270_Macquarie         19.90      5.64    0.70536      0.237886      0.045302      0.013680      0.027359
Population              mean_N    mean_k    mean_He    p_sign_TPM    p_stdv_TPM    p_W_1t_TPM    p_W_2t_TPM
137720_South_Shetlands      19.95      6.38    0.72883      0.564226      0.274353      0.141450      0.282901
SG7_South_Georgia        19.85      5.79    0.70253      0.513117      0.393633      0.186376      0.372752
A1087_Bouvetoya          19.74      5.87    0.69743      0.222800      0.284275      0.707304      0.594945
MIAGM13141_Marion_island      19.74      6.31    0.71259      0.387183      0.332885      0.186376      0.372752
CI5_Crozet               19.69      5.74    0.71188      0.016800      0.021219      0.005978      0.011955
KI816_Kergulen           19.59      5.08    0.69118      0.011572      0.003421      0.000909      0.001819
HI9_Heard                19.64      5.38    0.68653      0.456627      0.486363      0.399256      0.798511
MI2250_Macquarie         19.79      5.28    0.69265      0.331991      0.207189      0.107128      0.214257
Population              mean_N    mean_k    mean_He    p_sign_TPM    p_stdv_TPM    p_W_1t_TPM    p_W_2t_TPM
137721_South_Shetlands      19.90      6.21    0.71927      0.452469      0.361114      0.480745      0.961490
W9170_mum                19.69      6.08    0.71092      0.390207      0.361540      0.460042      0.920085
BI21_Bouvetoya           19.74      5.54    0.69621      0.501373      0.222406      0.178715      0.357431
MIAGM13137_Marion_island      19.90      5.69    0.72240      0.041286      0.000989      0.000131      0.000262
CI38_Crozet              19.74      5.74    0.72379      0.001235      0.001343      0.000528      0.001055
KI813_Kergulen           19.79      5.18    0.68742      0.567022      0.210860      0.123475      0.246950
HI9_Heard                19.54      5.46    0.69593      0.471198      0.251677      0.117847      0.235693
MI2262_Macquarie         20.00      5.44    0.69622      0.352753      0.172113      0.070192      0.140385
Population              mean_N    mean_k    mean_He    p_sign_TPM    p_stdv_TPM    p_W_1t_TPM    p_W_2t_TPM
137689_South_Shetlands      20.00      6.33    0.72955      0.133575      0.271040      0.404596      0.809191
W6531/31                 19.59      5.82    0.72546      0.421543      0.099154      0.055356      0.110712
A1023_Bouvetoya          19.95      5.72    0.71477      0.154688      0.230595      0.097075      0.194150
MIAGM13131_Marion_island      19.95      6.15    0.73011      0.285693      0.089695      0.032005      0.064009
CI5_Crozet               19.38      5.82    0.72027      0.055202      0.026523      0.004674      0.009348
KI813_Kergulen           19.33      5.31    0.69663      0.356600      0.082326      0.021449      0.042898
HI9_Heard                19.79      5.13    0.68347      0.497968      0.110946      0.049277      0.098554
MI2264_Macquarie         20.00      5.44    0.67895      0.296474      0.499941      0.112296      0.224591
Population              mean_N    mean_k    mean_He    p_sign_TPM    p_stdv_TPM    p_W_1t_TPM    p_W_2t_TPM
137718_South_Shetlands      20.00      6.21    0.72996      0.549213      0.264376      0.115100      0.230200
W9175_pup                19.69      6.13    0.72514      0.447537      0.189236      0.097116      0.194231
A1078_Bouvetoya          19.74      5.54    0.69754      0.164289      0.242471      0.133745      0.267489
MIAGM13106_Marion_island      19.90      6.38    0.74170      0.351802      0.213926      0.055356      0.110712
CI40_Crozet              19.69      5.77    0.70786      0.188073      0.153980      0.063749      0.127497
KI812_Kergulen           19.13      5.13    0.68377      0.184049      0.069690      0.026372      0.052745
HI7_Heard                19.69      5.21    0.68523      0.502070      0.085408      0.032538      0.065076
MI2267_Macquarie         19.95      5.59    0.68903      0.451275      0.243272      0.546675      0.917591
Population              mean_N    mean_k    mean_He    p_sign_TPM    p_stdv_TPM    p_W_1t_TPM    p_W_2t_TPM
137716_South_Shetlands      19.74      6.54    0.74290      0.422176      0.230044      0.073074      0.146148
W9133_pup                19.79      6.23    0.72990      0.337905      0.305171      0.107128      0.214257
BI25_Bouvetoya           19.90      5.64    0.71744      0.315147      0.069802      0.022955      0.045909
MIAGM13137_Marion_island      19.79      5.87    0.72265      0.277343      0.040624      0.017965      0.035930
CI5_Crozet               19.64      5.82    0.72507      0.038017      0.003366      0.000284      0.000568
KI807_Kergulen           19.33      5.31    0.69357      0.518903      0.084507      0.078448      0.156895
HI7_Heard                19.54      5.26    0.68354      0.201121      0.242343      0.050746      0.101491
MI2251_Macquarie         19.90      5.44    0.67751      0.351412      0.348565      0.098462      0.196924
Population              mean_N    mean_k    mean_He    p_sign_TPM    p_stdv_TPM    p_W_1t_TPM    p_W_2t_TPM
137720_South_Shetlands      19.85      6.28    0.73556      0.444534      0.370807      0.126357      0.252714
W6525/25                 19.79      6.28    0.73664      0.307509      0.203232      0.141450      0.282901
BI25_Bouvetoya           20.00      5.79    0.71228      0.060231      0.123329      0.019289      0.038578
MIAGM13135_Marion_island      19.95      6.00    0.72903      0.533070      0.025722      0.008426      0.016852
CI5_Crozet               19.49      5.69    0.71314      0.070866      0.010877      0.001827      0.003653
KI807_Kergulen           19.13      5.13    0.68601      0.454435      0.242377      0.147809      0.295618
HI7_Heard                19.64      5.18    0.67943      0.437030      0.431193      0.352130      0.704261
MI2261_Macquarie         19.90      5.26    0.69787      0.122593      0.019181      0.000775      0.001551
Population              mean_N    mean_k    mean_He    p_sign_TPM    p_stdv_TPM    p_W_1t_TPM    p_W_2t_TPM
137664_South_Shetlands      19.54      6.13    0.73182      0.119060      0.128810      0.014983      0.029967
SG8_South_Georgia        19.85      5.90    0.71847      0.002851      0.020586      0.001268      0.002536
A1072_Bouvetoya          19.79      5.85    0.71496      0.263534      0.176377      0.118674      0.237349
MIAGM13144_Marion_island      19.79      6.33    0.73040      0.452280      0.362396      0.251363      0.502726
CI40_Crozet              19.64      5.82    0.71886      0.012547      0.032386      0.004096      0.008191
KI7_Kergulen             19.74      5.08    0.67253      0.118285      0.174306      0.107128      0.214257
HI7_Heard                19.59      4.97    0.65829      0.438913      0.474176      0.447863      0.895725
MI1665_Macquarie         19.85      5.41    0.67740      0.418570      0.498580      0.273324      0.546649
Population              mean_N    mean_k    mean_He    p_sign_TPM    p_stdv_TPM    p_W_1t_TPM    p_W_2t_TPM
137722_South_Shetlands      20.00      6.03    0.73374      0.134914      0.093374      0.032005      0.064009
W6550                    19.95      6.03    0.73404      0.006848      0.019284      0.000590      0.001179
A1085_Bouvetoya          19.85      5.97    0.71579      0.165045      0.278036      0.054021      0.108042
MIAGM13133_Marion_island      19.90      6.18    0.72493      0.026508      0.121375      0.028090      0.056179
CI5_Crozet               19.44      5.72    0.71683      0.032153      0.001443      0.000061      0.000122
KI810_Kergulen           19.38      5.49    0.71741      0.026220      0.039065      0.011964      0.023927
HI9_Heard                19.59      5.18    0.67324      0.553417      0.438582      0.326829      0.653658
MI1615_Macquarie         19.74      5.33    0.68226      0.128023      0.291942      0.687995      0.633830
