Population              mean_N    mean_k    mean_He    p_sign_TPM    p_stdv_TPM    p_W_1t_TPM    p_W_2t_TPM
137673_South_Shetlands      20.00      6.51    0.72456      0.332144      0.314445      0.326829      0.653658
W9134_pup                19.74      6.13    0.72534      0.118542      0.376221      0.175083      0.350166
A1099_Bouvetoya          19.79      5.87    0.72973      0.022314      0.018990      0.003626      0.007252
MIAGM13128_Marion_island      19.90      6.26    0.72456      0.087861      0.109006      0.029407      0.058814
CI5_Crozet               19.64      5.85    0.71710      0.030464      0.071257      0.002044      0.004087
KI807_Kergulen           19.38      5.18    0.68958      0.553232      0.141264      0.052419      0.104837
HI4_Heard                19.74      5.31    0.68320      0.433348      0.364393      0.234013      0.468025
MI1664_Macquarie         20.00      5.36    0.67854      0.259628      0.420712      0.312005      0.624010
Population              mean_N    mean_k    mean_He    p_sign_TPM    p_stdv_TPM    p_W_1t_TPM    p_W_2t_TPM
137702_South_Shetlands      19.69      6.13    0.72210      0.564288      0.198885      0.056962      0.113925
W6524/24_pup             19.69      6.15    0.72322      0.495111      0.338413      0.186067      0.372133
A1099_Bouvetoya          19.74      5.72    0.71303      0.203963      0.052889      0.007752      0.015505
MIAGM13141_Marion_island      19.95      6.15    0.73909      0.190403      0.023834      0.001521      0.003043
CI5_Crozet               19.54      5.72    0.71452      0.146628      0.011323      0.002468      0.004935
KI813_Kergulen           19.64      5.26    0.67992      0.288945      0.260809      0.154351      0.308703
HI9_Heard                19.95      5.10    0.67447      0.213254      0.078740      0.040890      0.081780
MI2267_Macquarie         19.95      5.67    0.71311      0.084053      0.139836      0.049324      0.098649
Population              mean_N    mean_k    mean_He    p_sign_TPM    p_stdv_TPM    p_W_1t_TPM    p_W_2t_TPM
137719_South_Shetlands      19.95      6.23    0.72803      0.203564      0.286970      0.112398      0.224797
ATF48                    19.90      6.03    0.73566      0.012924      0.047982      0.001599      0.003198
A1077_Bouvetoya          19.85      5.92    0.70686      0.313029      0.246798      0.530241      0.950500
MIAGM13144_Marion_island      19.74      5.92    0.72697      0.036672      0.021850      0.001139      0.002279
CI5_Crozet               19.49      5.87    0.72102      0.009416      0.001491      0.000065      0.000131
KI816_Kergulen           19.23      5.10    0.68585      0.241819      0.083863      0.047832      0.095663
HI9_Heard                19.69      5.23    0.68372      0.081821      0.120241      0.059056      0.118111
MI2260_Macquarie         20.00      5.56    0.69042      0.070594      0.176770      0.721419      0.566500
Population              mean_N    mean_k    mean_He    p_sign_TPM    p_stdv_TPM    p_W_1t_TPM    p_W_2t_TPM
137712_South_Shetlands      19.74      6.10    0.71174      0.466236      0.288876      0.221438      0.442876
W9175_pup                19.79      6.23    0.73508      0.185766      0.410654      0.321856      0.643713
BI16_Bouvetoya           19.69      5.87    0.71638      0.369431      0.152625      0.060811      0.121623
MIAGM13133_Marion_island      19.90      6.08    0.71912      0.131837      0.393086      0.135276      0.270551
CI5_Crozet               19.59      5.82    0.71659      0.089335      0.038970      0.002235      0.004470
KI813_Kergulen           19.13      5.05    0.67657      0.544431      0.212081      0.109741      0.219482
HI9_Heard                19.95      5.18    0.68049      0.055998      0.069856      0.019980      0.039961
MI2252_Macquarie         19.95      5.59    0.70383      0.375673      0.179844      0.074235      0.148469
Population              mean_N    mean_k    mean_He    p_sign_TPM    p_stdv_TPM    p_W_1t_TPM    p_W_2t_TPM
137716_South_Shetlands      19.79      6.28    0.73419      0.295453      0.275252      0.120638      0.241276
W9169_pup                19.79      6.08    0.71731      0.061205      0.031198      0.002062      0.004124
A1057_Bouvetoya          19.90      5.46    0.71081      0.001706      0.011953      0.001064      0.002129
MIAGM13141_Marion_island      19.85      5.95    0.72276      0.430303      0.166233      0.090060      0.180119
CI39_Crozet              19.64      5.67    0.70952      0.058520      0.025696      0.007143      0.014285
KI812_Kergulen           19.59      5.36    0.69749      0.257944      0.124088      0.067364      0.134728
HI4_Heard                19.64      5.28    0.69687      0.249786      0.201760      0.066318      0.132635
MI2254_Macquarie         19.85      5.26    0.67679      0.183528      0.246061      0.127430      0.254859
Population              mean_N    mean_k    mean_He    p_sign_TPM    p_stdv_TPM    p_W_1t_TPM    p_W_2t_TPM
137723_South_Shetlands      19.79      6.44    0.72947      0.177498      0.266857      0.109741      0.219482
W9177_mum                19.74      6.26    0.72521      0.037548      0.318816      0.616651      0.777263
BI14_Bouvetoya           19.79      5.67    0.70577      0.225102      0.025934      0.009543      0.019087
MIAGM13139_Marion_island      19.69      6.28    0.71884      0.064196      0.260558      0.078933      0.157866
CI5_Crozet               19.64      5.85    0.70918      0.059402      0.140407      0.047842      0.095683
KI807_Kergulen           19.59      5.00    0.67044      0.281034      0.077459      0.072401      0.144803
HI7_Heard                19.59      5.44    0.69540      0.439742      0.299890      0.167989      0.335977
MI2264_Macquarie         19.85      5.74    0.70299      0.138960      0.137932      0.099609      0.199218
Population              mean_N    mean_k    mean_He    p_sign_TPM    p_stdv_TPM    p_W_1t_TPM    p_W_2t_TPM
137692_South_Shetlands      19.85      6.31    0.73571      0.438317      0.487865      0.189818      0.379637
W9172_pup                19.90      5.97    0.72054      0.288643      0.283662      0.205275      0.410550
A1093_Bouvetoya          19.85      5.87    0.70703      0.534016      0.267141      0.135276      0.270551
MIAGM13137_Marion_island      19.74      6.10    0.73160      0.193909      0.248767      0.144607      0.289213
CI5_Crozet               19.54      5.72    0.71552      0.003558      0.006371      0.000233      0.000466
KI816_Kergulen           19.49      5.28    0.68429      0.342077      0.264021      0.206378      0.412756
HI9_Heard                19.49      5.18    0.67886      0.399423      0.494556      0.175083      0.350166
MI2250_Macquarie         20.00      5.36    0.66424      0.541332      0.473802      0.269355      0.538709
Population              mean_N    mean_k    mean_He    p_sign_TPM    p_stdv_TPM    p_W_1t_TPM    p_W_2t_TPM
137706_South_Shetlands      19.95      6.18    0.72992      0.184510      0.134511      0.023752      0.047505
W6518/18                 19.90      6.26    0.74870      0.005237      0.001932      0.000233      0.000466
A1096_Bouvetoya          19.85      5.67    0.70925      0.286936      0.087766      0.034121      0.068242
MIAGM13128_Marion_island      19.90      5.92    0.70648      0.070917      0.211768      0.014901      0.029801
CI5_Crozet               19.59      5.64    0.72608      0.000014      0.000251      0.000001      0.000002
KI812_Kergulen           19.38      5.38    0.70589      0.248713      0.060082      0.028419      0.056839
HI7_Heard                19.64      5.13    0.67937      0.430841      0.123883      0.037504      0.075008
MI2260_Macquarie         19.90      5.41    0.68567      0.464563      0.426822      0.240836      0.481672
Population              mean_N    mean_k    mean_He    p_sign_TPM    p_stdv_TPM    p_W_1t_TPM    p_W_2t_TPM
137700_South_Shetlands      19.69      6.15    0.71699      0.314450      0.496648      0.372849      0.745698
W6755                    19.64      5.97    0.71599      0.089722      0.027207      0.004365      0.008731
A1058_Bouvetoya          19.85      5.74    0.71871      0.060106      0.073518      0.042425      0.084850
MIAGM13124_Marion_island      19.95      5.85    0.71576      0.062310      0.075465      0.030987      0.061974
CI38_Crozet              19.59      5.85    0.72799      0.004116      0.001601      0.000039      0.000079
KI816_Kergulen           19.44      5.10    0.68710      0.139118      0.054379      0.023876      0.047753
HI9_Heard                19.74      5.33    0.69330      0.206896      0.207028      0.065537      0.131075
MI2261_Macquarie         20.00      5.31    0.68623      0.351422      0.331397      0.097075      0.194150
Population              mean_N    mean_k    mean_He    p_sign_TPM    p_stdv_TPM    p_W_1t_TPM    p_W_2t_TPM
137692_South_Shetlands      19.74      6.18    0.72361      0.142197      0.122005      0.021449      0.042898
SG20_South_Georgia       19.79      6.21    0.73830      0.202657      0.039979      0.005322      0.010643
A1084_Bouvetoya          19.85      5.87    0.70694      0.463274      0.140418      0.080619      0.161239
MIAGM13132_Marion_island      19.64      6.10    0.73417      0.431244      0.253255      0.112398      0.224797
CI5_Crozet               19.49      5.82    0.71146      0.213467      0.027722      0.002857      0.005714
KI814_Kergulen           19.49      4.97    0.67777      0.080268      0.024234      0.005978      0.011955
HI28_Heard               19.54      5.36    0.69636      0.308302      0.209385      0.069229      0.138457
MI2260_Macquarie         19.90      5.46    0.69971      0.165382      0.082655      0.017965      0.035930
Population              mean_N    mean_k    mean_He    p_sign_TPM    p_stdv_TPM    p_W_1t_TPM    p_W_2t_TPM
137649_South_Shetlands      19.90      6.51    0.73290      0.404978      0.403533      0.297472      0.594945
W9163_mum                19.90      6.03    0.71232      0.375862      0.449353      0.263830      0.527660
A1046_Bouvetoya          19.85      5.56    0.69049      0.059455      0.028764      0.004740      0.009481
MIAGM13144_Marion_island      19.85      6.13    0.73103      0.058696      0.050493      0.008079      0.016159
CI40_Crozet              19.54      5.67    0.71146      0.017556      0.011428      0.000235      0.000470
KI814_Kergulen           19.44      5.33    0.69365      0.006417      0.024877      0.013680      0.027359
HI9_Heard                19.90      5.08    0.66917      0.251070      0.189499      0.112398      0.224797
MI2265_Macquarie         19.90      5.44    0.68196      0.456799      0.336351      0.147343      0.294686
Population              mean_N    mean_k    mean_He    p_sign_TPM    p_stdv_TPM    p_W_1t_TPM    p_W_2t_TPM
137716_South_Shetlands      19.69      6.28    0.73559      0.307985      0.288887      0.109741      0.219482
W9132_mum                19.69      5.85    0.71748      0.540689      0.247327      0.189818      0.379637
A1013_Bouvetoya          19.74      5.82    0.71425      0.301916      0.215882      0.178699      0.357397
MIAGM13132_Marion_island      19.85      6.05    0.70994      0.473698      0.337972      0.260280      0.520561
CI39_Crozet              19.59      5.79    0.71742      0.008800      0.002778      0.000010      0.000020
KI816_Kergulen           19.95      5.08    0.68566      0.112369      0.023886      0.012428      0.024856
HI9_Heard                19.95      5.28    0.68511      0.245650      0.094378      0.057339      0.114678
MI2269_Macquarie         19.85      6.10    0.71568      0.016182      0.023479      0.002349      0.004697
Population              mean_N    mean_k    mean_He    p_sign_TPM    p_stdv_TPM    p_W_1t_TPM    p_W_2t_TPM
137645_South_Shetlands      19.69      6.28    0.73339      0.448684      0.290982      0.167989      0.335977
W9173_pup                19.95      6.03    0.72078      0.056844      0.037725      0.004096      0.008191
A1053_Bouvetoya          19.85      5.92    0.71640      0.206565      0.039796      0.011668      0.023336
MIAGM13133_Marion_island      19.79      6.08    0.72265      0.244870      0.180478      0.068234      0.136468
CI40_Crozet              19.64      5.82    0.71730      0.012590      0.023019      0.001064      0.002129
KI805_Kergulen           19.64      5.36    0.69880      0.078742      0.184223      0.050853      0.101706
HI7_Heard                19.59      5.10    0.68249      0.317893      0.269656      0.092369      0.184738
MI2264_Macquarie         19.95      5.36    0.67440      0.469568      0.409639      0.223238      0.446475
Population              mean_N    mean_k    mean_He    p_sign_TPM    p_stdv_TPM    p_W_1t_TPM    p_W_2t_TPM
137715_South_Shetlands      19.59      6.26    0.71608      0.484123      0.253204      0.115100      0.230200
W9163_pup                19.85      6.05    0.72458      0.239242      0.046288      0.009543      0.019087
BI23_Bouvetoya           19.90      5.90    0.71006      0.343165      0.127722      0.064442      0.128884
MIAGM13127_Marion_island      20.00      5.79    0.70999      0.018338      0.027835      0.003981      0.007961
CI5_Crozet               19.49      5.77    0.70241      0.496612      0.225743      0.066318      0.132635
KI810_Kergulen           19.38      4.90    0.67584      0.381975      0.137934      0.050746      0.101491
HI7_Heard                19.59      4.97    0.67662      0.451677      0.297007      0.242606      0.485211
MI2260_Macquarie         19.95      5.59    0.68565      0.252304      0.462020      0.443015      0.886029
Population              mean_N    mean_k    mean_He    p_sign_TPM    p_stdv_TPM    p_W_1t_TPM    p_W_2t_TPM
137710_South_Shetlands      20.00      6.26    0.74157      0.439644      0.346899      0.138340      0.276680
W6701_pup                19.85      6.18    0.72933      0.218933      0.198029      0.047842      0.095683
BI14_Bouvetoya           19.90      5.79    0.71940      0.015237      0.010380      0.000519      0.001038
MIAGM13143_Marion_island      19.85      5.90    0.71797      0.078735      0.052461      0.011227      0.022454
CI5_Crozet               19.54      5.85    0.71318      0.239840      0.104268      0.060811      0.121623
KI816_Kergulen           19.79      5.41    0.69765      0.421704      0.155641      0.154351      0.308703
HI4_Heard                19.64      5.26    0.69509      0.163869      0.074927      0.008079      0.016159
MI2248_Macquarie         19.69      5.64    0.70844      0.208767      0.068148      0.040890      0.081780
Population              mean_N    mean_k    mean_He    p_sign_TPM    p_stdv_TPM    p_W_1t_TPM    p_W_2t_TPM
137715_South_Shetlands      19.95      6.74    0.75081      0.421997      0.352845      0.242606      0.485211
W9133_pup                19.64      6.10    0.71895      0.033185      0.100959      0.028090      0.056179
A1096_Bouvetoya          19.69      5.67    0.69741      0.369909      0.338515      0.231946      0.463892
MIAGM13108_Marion_island      19.85      6.03    0.73008      0.013498      0.066964      0.007442      0.014884
CI5_Crozet               19.44      5.67    0.71221      0.007279      0.008423      0.000140      0.000280
KI810_Kergulen           19.23      5.26    0.69229      0.413418      0.352969      0.217332      0.434664
HI9_Heard                19.64      5.21    0.68514      0.295633      0.304811      0.115100      0.230200
MI1654_Macquarie         19.85      5.54    0.67598      0.489456      0.369481      0.121590      0.243181
Population              mean_N    mean_k    mean_He    p_sign_TPM    p_stdv_TPM    p_W_1t_TPM    p_W_2t_TPM
137707_South_Shetlands      19.90      6.54    0.74683      0.474804      0.328553      0.117847      0.235693
W6540/40                 19.74      6.21    0.71999      0.259683      0.413898      0.297758      0.595515
BI17_Bouvetoya           19.95      5.59    0.71618      0.003169      0.000481      0.000020      0.000040
MIAGM13140_Marion_island      19.85      5.95    0.71595      0.323677      0.222149      0.075056      0.150111
CI5_Crozet               19.64      5.87    0.72382      0.011058      0.020110      0.001947      0.003894
KI806_Kergulen           19.38      5.05    0.69400      0.089919      0.023173      0.005978      0.011955
HI5_Heard                19.69      5.13    0.68871      0.187390      0.071682      0.045069      0.090139
MI2270_Macquarie         20.00      5.33    0.68300      0.287934      0.202062      0.088306      0.176611
Population              mean_N    mean_k    mean_He    p_sign_TPM    p_stdv_TPM    p_W_1t_TPM    p_W_2t_TPM
137657_South_Shetlands      19.85      6.08    0.71938      0.221166      0.147049      0.087400      0.174800
W9134_mum                19.74      6.05    0.72305      0.216112      0.241973      0.129284      0.258568
BI6_Bouvetoya            19.95      6.00    0.71907      0.315701      0.305186      0.123475      0.246950
MIAGM13133_Marion_island      19.95      5.95    0.72948      0.116595      0.031967      0.003270      0.006540
CI5_Crozet               19.49      5.87    0.71491      0.050693      0.012123      0.000530      0.001059
KI816_Kergulen           19.74      5.10    0.69066      0.057790      0.046813      0.025416      0.050833
HI9_Heard                19.79      5.08    0.67490      0.414376      0.251743      0.171513      0.343026
MI2267_Macquarie         19.90      5.46    0.69131      0.305319      0.312829      0.070317      0.140633
Population              mean_N    mean_k    mean_He    p_sign_TPM    p_stdv_TPM    p_W_1t_TPM    p_W_2t_TPM
137706_South_Shetlands      19.90      6.46    0.73345      0.443503      0.262652      0.415327      0.830654
W9173_mum                19.69      6.15    0.71552      0.555237      0.200125      0.085567      0.171134
BI19_Bouvetoya           20.00      5.95    0.70297      0.185057      0.051609      0.009049      0.018098
MIAGM13123_Marion_island      19.90      5.79    0.71741      0.093988      0.031823      0.005471      0.010943
CI5_Crozet               19.38      5.64    0.72241      0.000119      0.000127      0.000000      0.000000
KI814_Kergulen           19.23      5.36    0.69534      0.353488      0.276159      0.130632      0.261265
HI9_Heard                19.90      5.18    0.67716      0.340050      0.088049      0.059056      0.118111
MI2250_Macquarie         19.85      5.64    0.69413      0.341168      0.304418      0.546675      0.917591
Population              mean_N    mean_k    mean_He    p_sign_TPM    p_stdv_TPM    p_W_1t_TPM    p_W_2t_TPM
137690_South_Shetlands      19.69      6.00    0.70901      0.236955      0.260496      0.127569      0.255139
W6537/37_FWB_pup         19.79      6.08    0.71673      0.291307      0.134088      0.040021      0.080042
A1029_Bouvetoya          19.74      6.26    0.73868      0.321905      0.085172      0.039904      0.079809
MIAGM13110_Marion_island      19.79      5.97    0.72289      0.265637      0.289767      0.121590      0.243181
CI5_Crozet               19.54      5.74    0.71523      0.001997      0.011180      0.000583      0.001166
KI806_Kergulen           19.44      5.28    0.70923      0.012502      0.017436      0.009107      0.018213
HI9_Heard                19.74      5.28    0.68390      0.353683      0.460887      0.054021      0.108042
MI2264_Macquarie         19.90      5.33    0.68554      0.314666      0.273966      0.032538      0.065076
Population              mean_N    mean_k    mean_He    p_sign_TPM    p_stdv_TPM    p_W_1t_TPM    p_W_2t_TPM
137689_South_Shetlands      19.79      5.97    0.71083      0.368016      0.312974      0.227569      0.455138
W6540/40                 19.79      5.95    0.71769      0.072633      0.042097      0.015952      0.031905
BI21_Bouvetoya           19.79      5.90    0.69743      0.365002      0.433434      0.317977      0.635953
MIAGM13137_Marion_island      19.79      5.79    0.71538      0.056540      0.069662      0.035220      0.070440
CI5_Crozet               19.64      5.90    0.71495      0.138919      0.107979      0.015356      0.030713
KI814_Kergulen           19.44      5.33    0.70053      0.442091      0.086264      0.049324      0.098649
HI9_Heard                19.85      5.28    0.68554      0.306430      0.325461      0.164510      0.329021
MI1665_Macquarie         19.85      5.28    0.68131      0.197676      0.068636      0.020686      0.041373
Population              mean_N    mean_k    mean_He    p_sign_TPM    p_stdv_TPM    p_W_1t_TPM    p_W_2t_TPM
137711_South_Shetlands      19.90      6.26    0.72578      0.310296      0.371172      0.234013      0.468025
W9173_mum                19.74      5.82    0.71374      0.326888      0.296939      0.175083      0.350166
A1087_Bouvetoya          19.69      5.56    0.69278      0.500228      0.349749      0.194232      0.388464
MIAGM13108_Marion_island      19.74      5.97    0.73492      0.131882      0.027143      0.008750      0.017501
CI40_Crozet              19.79      5.87    0.73370      0.028696      0.002859      0.000079      0.000158
KI812_Kergulen           19.64      5.18    0.69202      0.382351      0.178754      0.123475      0.246950
HI9_Heard                19.90      4.79    0.65973      0.052707      0.068079      0.049277      0.098554
MI2269_Macquarie         19.85      5.62    0.71565      0.470020      0.189057      0.039904      0.079809
Population              mean_N    mean_k    mean_He    p_sign_TPM    p_stdv_TPM    p_W_1t_TPM    p_W_2t_TPM
137697_South_Shetlands      20.00      6.33    0.73117      0.443521      0.339963      0.326829      0.653658
W9132_mum                19.69      5.85    0.70778      0.509595      0.226573      0.102190      0.204380
BI19_Bouvetoya           19.95      6.03    0.73088      0.011956      0.014647      0.000052      0.000104
MIAGM13136_Marion_island      19.90      6.18    0.73554      0.112064      0.068590      0.016122      0.032244
CI40_Crozet              19.69      5.72    0.71356      0.074614      0.016791      0.002126      0.004252
KI810_Kergulen           19.18      5.03    0.68390      0.304618      0.310478      0.083383      0.166766
HI4_Heard                19.79      5.21    0.67714      0.229754      0.433568      0.378088      0.756177
MI1638_Macquarie         20.00      5.21    0.66154      0.477110      0.287994      0.093325      0.186649
Population              mean_N    mean_k    mean_He    p_sign_TPM    p_stdv_TPM    p_W_1t_TPM    p_W_2t_TPM
137703_South_Shetlands      19.49      6.46    0.72922      0.289016      0.189146      0.616651      0.777263
W9178_pup                19.54      6.10    0.72189      0.239188      0.100378      0.024734      0.049468
A1072_Bouvetoya          19.90      5.62    0.71082      0.036783      0.012807      0.004169      0.008338
MIAGM13141_Marion_island      19.85      6.08    0.72269      0.115290      0.051958      0.005040      0.010080
CI5_Crozet               19.69      5.90    0.72715      0.027450      0.017451      0.002983      0.005966
KI816_Kergulen           19.54      4.85    0.65233      0.434695      0.260567      0.194232      0.388464
HI9_Heard                19.64      5.26    0.68516      0.137876      0.452843      0.316915      0.633830
MI2264_Macquarie         19.85      5.15    0.69528      0.028434      0.030216      0.010658      0.021316
Population              mean_N    mean_k    mean_He    p_sign_TPM    p_stdv_TPM    p_W_1t_TPM    p_W_2t_TPM
137607_South_Shetlands      19.90      6.46    0.74482      0.296206      0.164409      0.032005      0.064009
W9162_pup                19.85      6.26    0.73090      0.304614      0.317393      0.404596      0.809191
BI2_Bouvetoya            19.95      5.77    0.70849      0.129933      0.063591      0.025616      0.051233
MIAGM13126_Marion_island      20.00      6.08    0.71970      0.524562      0.405156      0.238288      0.476577
CI39_Crozet              19.64      5.85    0.71772      0.024626      0.024712      0.001064      0.002129
KI35_Kergulen            19.59      5.15    0.69850      0.138672      0.017515      0.002857      0.005714
HI9_Heard                19.69      5.31    0.69322      0.297423      0.169263      0.067364      0.134728
MI2251_Macquarie         19.95      5.28    0.69014      0.017678      0.067340      0.025616      0.051233
Population              mean_N    mean_k    mean_He    p_sign_TPM    p_stdv_TPM    p_W_1t_TPM    p_W_2t_TPM
137717_South_Shetlands      19.95      6.28    0.73158      0.325911      0.211552      0.132257      0.264514
W6547                    19.85      6.13    0.71975      0.210267      0.341145      0.081240      0.162480
BI2_Bouvetoya            19.90      5.82    0.69619      0.418997      0.233518      0.088306      0.176611
MIAGM13123_Marion_island      19.95      6.00    0.71874      0.108628      0.046659      0.006065      0.012131
CI5_Crozet               19.49      5.87    0.72133      0.018461      0.008107      0.000076      0.000151
KI812_Kergulen           19.69      5.13    0.69193      0.080658      0.029157      0.008079      0.016159
HI4_Heard                19.69      5.31    0.69319      0.550146      0.361446      0.238288      0.476577
MI2260_Macquarie         19.90      5.33    0.68602      0.206599      0.269109      0.038347      0.076694
Population              mean_N    mean_k    mean_He    p_sign_TPM    p_stdv_TPM    p_W_1t_TPM    p_W_2t_TPM
137709_South_Shetlands      20.00      6.10    0.73725      0.069356      0.037514      0.004474      0.008947
Y/B132/33                19.79      6.08    0.72708      0.142218      0.072647      0.046374      0.092749
A1096_Bouvetoya          19.85      5.79    0.71332      0.185014      0.108723      0.024573      0.049146
MIAGM13116_Marion_island      20.00      6.10    0.73009      0.321734      0.116332      0.028090      0.056179
CI40_Crozet              19.59      5.82    0.72091      0.027359      0.008325      0.000333      0.000667
KI812_Kergulen           19.38      5.10    0.67053      0.296434      0.106972      0.041373      0.082746
HI7_Heard                19.69      5.21    0.68357      0.486945      0.382435      0.167594      0.335188
MI2270_Macquarie         19.79      5.46    0.70352      0.227459      0.176556      0.076320      0.152639
Population              mean_N    mean_k    mean_He    p_sign_TPM    p_stdv_TPM    p_W_1t_TPM    p_W_2t_TPM
137672_South_Shetlands      19.69      6.13    0.73446      0.086662      0.037043      0.038347      0.076694
W2031/32_pup             19.79      6.03    0.73123      0.544423      0.193188      0.056962      0.113925
A1080_Bouvetoya          19.79      6.03    0.71197      0.214570      0.241571      0.169188      0.338376
MIAGM13139_Marion_island      19.90      5.95    0.71913      0.122542      0.045622      0.007596      0.015193
CI5_Crozet               19.49      5.59    0.70998      0.007000      0.001181      0.000012      0.000024
KI807_Kergulen           19.59      5.23    0.68815      0.348954      0.198171      0.055661      0.111322
HI9_Heard                19.79      5.44    0.68571      0.150051      0.245024      0.112987      0.225975
MI2253_Macquarie         19.90      5.64    0.69518      0.391128      0.302658      0.140491      0.280982
Population              mean_N    mean_k    mean_He    p_sign_TPM    p_stdv_TPM    p_W_1t_TPM    p_W_2t_TPM
137715_South_Shetlands      19.85      6.10    0.71708      0.520083      0.457748      0.236369      0.472737
W9178_pup                19.85      5.90    0.70188      0.394066      0.416677      0.312005      0.624010
A1083_Bouvetoya          19.90      5.85    0.71335      0.110229      0.110289      0.045647      0.091294
MIAGM13126_Marion_island      20.00      6.13    0.72213      0.371284      0.204227      0.110216      0.220433
CI38_Crozet              19.79      5.87    0.72937      0.009117      0.010771      0.001599      0.003198
KI810_Kergulen           19.69      5.08    0.68752      0.282712      0.110443      0.032005      0.064009
HI9_Heard                19.95      5.13    0.67681      0.240841      0.135181      0.042210      0.084421
MI2267_Macquarie         19.90      5.41    0.68107      0.471206      0.483017      0.302759      0.605517
Population              mean_N    mean_k    mean_He    p_sign_TPM    p_stdv_TPM    p_W_1t_TPM    p_W_2t_TPM
137684_South_Shetlands      19.95      6.31    0.72929      0.139026      0.499011      0.175083      0.350166
W6536                    19.79      5.82    0.70687      0.495098      0.243581      0.154351      0.308703
A1073_Bouvetoya          20.00      5.92    0.72618      0.011442      0.001704      0.000134      0.000269
MIAGM13136_Marion_island      19.85      6.18    0.74020      0.202138      0.084510      0.041149      0.082299
CI5_Crozet               19.59      5.79    0.71603      0.001590      0.002216      0.000025      0.000050
KI35_Kergulen            19.49      5.28    0.69868      0.286777      0.048672      0.022179      0.044358
HI9_Heard                19.85      5.10    0.66974      0.100945      0.107072      0.046439      0.092879
MI1646_Macquarie         19.95      5.38    0.69353      0.368005      0.149652      0.060811      0.121623
Population              mean_N    mean_k    mean_He    p_sign_TPM    p_stdv_TPM    p_W_1t_TPM    p_W_2t_TPM
137685_South_Shetlands      19.85      6.44    0.74417      0.172360      0.072739      0.052419      0.104837
W9170_mum                19.64      6.13    0.73364      0.009932      0.068842      0.004782      0.009564
A1041_Bouvetoya          19.85      5.85    0.70420      0.079693      0.133427      0.094587      0.189174
MIAGM13142_Marion_island      19.85      6.21    0.72295      0.369363      0.235835      0.127569      0.255139
CI40_Crozet              19.74      5.77    0.71567      0.104877      0.026170      0.002718      0.005436
KI812_Kergulen           19.23      5.08    0.69213      0.173316      0.124449      0.042425      0.084850
HI5_Heard                19.90      5.23    0.67914      0.142973      0.124753      0.038347      0.076694
MI2248_Macquarie         19.90      5.36    0.68650      0.534502      0.491034      0.236369      0.472737
Population              mean_N    mean_k    mean_He    p_sign_TPM    p_stdv_TPM    p_W_1t_TPM    p_W_2t_TPM
137718_South_Shetlands      19.69      6.23    0.72917      0.236912      0.177784      0.121590      0.243181
W9169_mum                19.59      6.05    0.72933      0.238081      0.025821      0.004570      0.009139
A1091_Bouvetoya          19.95      5.64    0.71172      0.043153      0.002787      0.000410      0.000819
MIAGM13142_Marion_island      19.85      5.95    0.72571      0.188295      0.031645      0.006245      0.012491
CI5_Crozet               19.69      5.79    0.71855      0.018565      0.016197      0.003145      0.006291
KI810_Kergulen           19.49      5.18    0.68996      0.232341      0.049277      0.014779      0.029559
HI5_Heard                19.69      5.31    0.69816      0.540005      0.183255      0.099554      0.199107
MI2250_Macquarie         19.90      5.33    0.68076      0.400095      0.454866      0.161692      0.323383
Population              mean_N    mean_k    mean_He    p_sign_TPM    p_stdv_TPM    p_W_1t_TPM    p_W_2t_TPM
137715_South_Shetlands      19.85      6.23    0.73030      0.067999      0.158253      0.009856      0.019713
W9136_pup                19.59      5.92    0.70867      0.122048      0.171488      0.061997      0.123994
BI1_Bouvetoya            20.00      5.59    0.69973      0.093942      0.008321      0.000498      0.000996
MIAGM13120_Marion_island      19.95      6.21    0.72223      0.359080      0.462666      0.268557      0.537113
CI5_Crozet               19.49      5.87    0.72460      0.000169      0.001007      0.000004      0.000007
KI807_Kergulen           19.44      5.28    0.70037      0.388757      0.101211      0.029995      0.059991
HI5_Heard                19.79      5.23    0.67787      0.016967      0.053184      0.013680      0.027359
MI2267_Macquarie         19.90      5.51    0.68763      0.463885      0.482169      0.426121      0.852241
Population              mean_N    mean_k    mean_He    p_sign_TPM    p_stdv_TPM    p_W_1t_TPM    p_W_2t_TPM
137687_South_Shetlands      19.79      6.13    0.72347      0.027329      0.087778      0.028338      0.056677
W9175_mum                19.64      6.13    0.73185      0.067276      0.121333      0.034121      0.068242
A1075_Bouvetoya          19.90      5.85    0.71821      0.305707      0.058118      0.021425      0.042850
MIAGM13125_Marion_island      19.85      5.79    0.71163      0.256522      0.187696      0.050853      0.101706
CI5_Crozet               19.49      5.90    0.72267      0.051139      0.017968      0.001080      0.002159
KI801_Kergulen           19.59      5.21    0.69915      0.061600      0.069313      0.027174      0.054348
HI7_Heard                19.74      5.41    0.68955      0.530229      0.410133      0.260280      0.520561
MI1669_Macquarie         19.90      5.31    0.67619      0.330450      0.200339      0.475250      0.950500
Population              mean_N    mean_k    mean_He    p_sign_TPM    p_stdv_TPM    p_W_1t_TPM    p_W_2t_TPM
137696_South_Shetlands      19.95      6.00    0.72314      0.072197      0.082821      0.020692      0.041384
W6551                    20.00      5.92    0.72105      0.065411      0.078433      0.027174      0.054348
A1084_Bouvetoya          19.79      5.92    0.71273      0.037972      0.031961      0.025616      0.051233
MIAGM13110_Marion_island      19.95      6.08    0.71581      0.062689      0.096667      0.016718      0.033436
CI39_Crozet              19.54      5.69    0.70054      0.016332      0.074532      0.013680      0.027359
KI812_Kergulen           19.28      4.92    0.68703      0.017756      0.005041      0.000550      0.001101
HI36_Heard               19.59      5.54    0.69993      0.288899      0.375531      0.161078      0.322156
MI1664_Macquarie         19.79      5.08    0.67848      0.221723      0.144605      0.037124      0.074247
Population              mean_N    mean_k    mean_He    p_sign_TPM    p_stdv_TPM    p_W_1t_TPM    p_W_2t_TPM
137719_South_Shetlands      19.90      6.46    0.72594      0.295083      0.424698      0.292696      0.585392
W6530/30_pup             19.79      6.13    0.72788      0.109265      0.283318      0.123475      0.246950
A1085_Bouvetoya          19.85      5.85    0.71029      0.040732      0.121104      0.049324      0.098649
MIAGM13144_Marion_island      19.85      5.92    0.71895      0.144879      0.037831      0.008406      0.016812
CI40_Crozet              19.85      5.82    0.71901      0.016532      0.012420      0.000363      0.000726
KI816_Kergulen           19.49      5.18    0.69127      0.302638      0.040459      0.015952      0.031905
HI7_Heard                19.59      5.44    0.70558      0.244745      0.134516      0.054021      0.108042
MI1685_Macquarie         20.00      5.49    0.69042      0.222625      0.139095      0.046374      0.092749
Population              mean_N    mean_k    mean_He    p_sign_TPM    p_stdv_TPM    p_W_1t_TPM    p_W_2t_TPM
137705_South_Shetlands      20.00      6.41    0.74157      0.006500      0.011957      0.000342      0.000683
W9132_pup                19.49      6.21    0.72562      0.148156      0.233070      0.163985      0.327971
A1058_Bouvetoya          19.95      5.74    0.71553      0.033555      0.051448      0.046439      0.092879
MIAGM13143_Marion_island      19.74      5.69    0.71729      0.106810      0.018222      0.001947      0.003894
CI5_Crozet               19.54      5.64    0.70469      0.033928      0.027656      0.001268      0.002536
KI812_Kergulen           19.69      5.08    0.68927      0.053334      0.084539      0.019289      0.038578
HI7_Heard                19.59      5.21    0.68265      0.555996      0.227080      0.151057      0.302114
MI2249_Macquarie         19.95      5.33    0.68479      0.479904      0.270488      0.153458      0.306917
Population              mean_N    mean_k    mean_He    p_sign_TPM    p_stdv_TPM    p_W_1t_TPM    p_W_2t_TPM
137723_South_Shetlands      20.00      6.38    0.72901      0.451028      0.476860      0.193615      0.387231
AGP11142                 19.85      5.95    0.71379      0.251715      0.373203      0.182521      0.365043
BI16_Bouvetoya           19.85      5.77    0.69940      0.488170      0.478822      0.297758      0.595515
MIAGM13140_Marion_island      19.85      6.15    0.73344      0.214075      0.152251      0.032005      0.064009
CI5_Crozet               19.59      5.69    0.71719      0.000367      0.001146      0.000161      0.000322
KI816_Kergulen           19.49      5.26    0.69393      0.395451      0.052608      0.029030      0.058060
HI7_Heard                19.69      5.41    0.69781      0.128352      0.471828      0.341925      0.683851
MI2259_Macquarie         19.95      5.46    0.70863      0.121794      0.045686      0.013913      0.027825
Population              mean_N    mean_k    mean_He    p_sign_TPM    p_stdv_TPM    p_W_1t_TPM    p_W_2t_TPM
137706_South_Shetlands      19.95      6.10    0.72048      0.540977      0.178030      0.104560      0.209119
W6524/24                 19.79      5.95    0.71044      0.043731      0.153826      0.055661      0.111322
A1097_Bouvetoya          19.95      5.69    0.70736      0.054327      0.035888      0.004586      0.009172
MIAGM13137_Marion_island      19.90      6.05    0.73068      0.014009      0.012128      0.000468      0.000937
CI40_Crozet              19.59      5.87    0.72714      0.000445      0.010375      0.000064      0.000129
KI812_Kergulen           19.03      5.21    0.68483      0.411837      0.449604      0.229779      0.459558
HI9_Heard                19.85      5.36    0.68679      0.488795      0.273099      0.133745      0.267489
MI2256_Macquarie         20.00      5.28    0.68516      0.344467      0.271816      0.174959      0.349918
Population              mean_N    mean_k    mean_He    p_sign_TPM    p_stdv_TPM    p_W_1t_TPM    p_W_2t_TPM
137722_South_Shetlands      19.90      6.23    0.73174      0.229345      0.151726      0.052248      0.104496
W9133_mum                19.69      5.95    0.72929      0.098033      0.098077      0.022955      0.045909
A1053_Bouvetoya          19.90      5.82    0.70149      0.291105      0.306772      0.458796      0.917591
MIAGM13139_Marion_island      19.95      6.18    0.72579      0.404101      0.185151      0.090060      0.180119
CI5_Crozet               19.64      5.67    0.72364      0.004870      0.001020      0.000018      0.000035
KI812_Kergulen           19.64      5.18    0.68008      0.561708      0.333924      0.201344      0.402688
HI9_Heard                19.90      5.44    0.67740      0.278339      0.354977      0.129284      0.258568
MI1654_Macquarie         19.90      5.28    0.67759      0.109995      0.108477      0.021939      0.043879
Population              mean_N    mean_k    mean_He    p_sign_TPM    p_stdv_TPM    p_W_1t_TPM    p_W_2t_TPM
137699_South_Shetlands      19.90      5.87    0.72245      0.357052      0.031738      0.003459      0.006918
W6507                    19.64      5.79    0.73026      0.233120      0.074002      0.013913      0.027825
A1092_Bouvetoya          19.54      5.69    0.71401      0.332541      0.060223      0.027174      0.054348
MIAGM13133_Marion_island      19.95      6.26    0.72347      0.331498      0.379298      0.202281      0.404563
CI5_Crozet               19.49      5.74    0.72339      0.000133      0.000422      0.000014      0.000029
KI801_Kergulen           19.33      5.05    0.68638      0.066452      0.033207      0.029995      0.059991
HI9_Heard                19.69      5.38    0.68559      0.537662      0.443635      0.312005      0.624010
MI2270_Macquarie         19.79      5.23    0.69062      0.184784      0.099623      0.065537      0.131075
Population              mean_N    mean_k    mean_He    p_sign_TPM    p_stdv_TPM    p_W_1t_TPM    p_W_2t_TPM
137700_South_Shetlands      19.79      6.21    0.73374      0.179530      0.414967      0.164510      0.329021
W9167_pup                19.85      6.10    0.71625      0.428195      0.391194      0.431538      0.863076
BI16_Bouvetoya           20.00      5.56    0.70121      0.421240      0.047864      0.012428      0.024856
MIAGM13143_Marion_island      20.00      6.13    0.73131      0.040964      0.008501      0.000221      0.000442
CI40_Crozet              19.49      5.64    0.71111      0.015651      0.011480      0.000160      0.000320
KI813_Kergulen           19.74      5.51    0.68953      0.102923      0.238271      0.164510      0.329021
HI9_Heard                19.74      5.00    0.67320      0.507481      0.304465      0.178715      0.357431
MI2265_Macquarie         19.85      5.13    0.67150      0.237869      0.278583      0.225587      0.451174
Population              mean_N    mean_k    mean_He    p_sign_TPM    p_stdv_TPM    p_W_1t_TPM    p_W_2t_TPM
137716_South_Shetlands      20.00      6.26    0.72443      0.473702      0.337111      0.273949      0.547898
W9167_pup                19.79      6.03    0.73186      0.436468      0.114354      0.049277      0.098554
BI5_Bouvetoya            19.79      5.77    0.71460      0.018503      0.050563      0.013156      0.026312
MIAGM13109_Marion_island      20.00      5.95    0.72078      0.297119      0.108527      0.063749      0.127497
CI5_Crozet               19.44      5.79    0.71297      0.015205      0.013217      0.001202      0.002405
KI812_Kergulen           19.54      5.05    0.67619      0.141762      0.108564      0.082835      0.165670
HI9_Heard                19.74      5.15    0.67434      0.468381      0.333338      0.202281      0.404563
MI2262_Macquarie         19.85      5.44    0.70484      0.088507      0.050383      0.011227      0.022454
Population              mean_N    mean_k    mean_He    p_sign_TPM    p_stdv_TPM    p_W_1t_TPM    p_W_2t_TPM
137721_South_Shetlands      20.00      6.21    0.73711      0.440422      0.048027      0.011079      0.022158
Y/B142/43                19.69      6.13    0.71868      0.142314      0.232055      0.059056      0.118111
BI16_Bouvetoya           20.00      5.69    0.70999      0.495839      0.142134      0.076320      0.152639
MIAGM13141_Marion_island      19.74      6.03    0.71658      0.429266      0.387987      0.246964      0.493928
CI5_Crozet               19.59      5.64    0.71730      0.001238      0.001858      0.000090      0.000180
KI812_Kergulen           19.33      5.21    0.70233      0.010712      0.008940      0.000248      0.000495
HI4_Heard                19.64      5.51    0.70359      0.302970      0.263406      0.175083      0.350166
MI2251_Macquarie         19.90      5.31    0.68112      0.432284      0.426768      0.242606      0.485211
Population              mean_N    mean_k    mean_He    p_sign_TPM    p_stdv_TPM    p_W_1t_TPM    p_W_2t_TPM
137714_South_Shetlands      19.85      6.23    0.71420      0.332920      0.229329      0.513756      0.983491
W6516/16_pup             19.95      6.21    0.72998      0.078784      0.060771      0.013680      0.027359
A1082_Bouvetoya          19.79      5.82    0.71060      0.344969      0.121460      0.042210      0.084421
MIAGM13142_Marion_island      19.90      6.26    0.73903      0.408600      0.126073      0.083383      0.166766
CI40_Crozet              19.64      5.90    0.72563      0.029430      0.002093      0.000006      0.000011
KI814_Kergulen           19.38      5.23    0.69685      0.387147      0.111702      0.035220      0.070440
HI9_Heard                19.69      5.00    0.67316      0.552129      0.268748      0.213269      0.426539
MI2267_Macquarie         19.95      5.21    0.67509      0.402204      0.096812      0.038704      0.077408
Population              mean_N    mean_k    mean_He    p_sign_TPM    p_stdv_TPM    p_W_1t_TPM    p_W_2t_TPM
137703_South_Shetlands      19.69      6.00    0.74038      0.224186      0.097592      0.036348      0.072695
W9178_pup                19.85      5.95    0.71589      0.110419      0.105773      0.038689      0.077379
BI16_Bouvetoya           19.79      6.15    0.72861      0.390273      0.152373      0.045069      0.090139
MIAGM13134_Marion_island      20.00      5.95    0.70877      0.166850      0.228046      0.099609      0.199218
CI5_Crozet               19.59      5.59    0.70389      0.036528      0.016679      0.001827      0.003653
KI810_Kergulen           19.49      5.08    0.69257      0.287632      0.012920      0.002410      0.004820
HI9_Heard                19.85      5.36    0.68479      0.351770      0.226943      0.171252      0.342503
MI2251_Macquarie         19.95      5.64    0.70043      0.358018      0.374073      0.082835      0.165670
Population              mean_N    mean_k    mean_He    p_sign_TPM    p_stdv_TPM    p_W_1t_TPM    p_W_2t_TPM
137700_South_Shetlands      19.85      6.31    0.72980      0.317094      0.295161      0.154351      0.308703
W9138_mum                19.69      6.10    0.73378      0.041905      0.050386      0.001922      0.003844
A1062_Bouvetoya          19.74      5.64    0.70297      0.464946      0.162189      0.075056      0.150111
MIAGM13141_Marion_island      19.95      6.10    0.73524      0.018972      0.002480      0.000100      0.000200
CI40_Crozet              19.79      5.79    0.71161      0.164668      0.032581      0.005795      0.011591
KI805_Kergulen           19.54      5.13    0.69314      0.022929      0.057779      0.009856      0.019713
HI9_Heard                19.74      5.05    0.66259      0.338884      0.201587      0.124555      0.249111
MI1688_Macquarie         19.90      5.10    0.67166      0.543932      0.260004      0.186067      0.372133
Population              mean_N    mean_k    mean_He    p_sign_TPM    p_stdv_TPM    p_W_1t_TPM    p_W_2t_TPM
137696_South_Shetlands      19.90      6.08    0.72356      0.563896      0.348115      0.197457      0.394915
SG28_South_Georgia       19.85      6.21    0.73313      0.014331      0.081403      0.012428      0.024856
A1055_Bouvetoya          19.90      5.92    0.71311      0.017437      0.018221      0.003689      0.007377
MIAGM13139_Marion_island      19.90      6.23    0.73031      0.294696      0.330804      0.115100      0.230200
CI40_Crozet              19.54      5.59    0.71355      0.002616      0.003572      0.000021      0.000043
KI816_Kergulen           19.69      5.56    0.68892      0.347954      0.343048      0.124555      0.249111
HI9_Heard                19.79      5.28    0.68841      0.500881      0.100438      0.054021      0.108042
MI2258_Macquarie         19.95      5.41    0.69634      0.179900      0.088206      0.052248      0.104496
Population              mean_N    mean_k    mean_He    p_sign_TPM    p_stdv_TPM    p_W_1t_TPM    p_W_2t_TPM
137717_South_Shetlands      19.90      6.38    0.73584      0.469695      0.336113      0.264798      0.529596
W6514/14                 19.59      5.87    0.70815      0.515239      0.322470      0.354637      0.709275
A1086_Bouvetoya          19.95      6.05    0.71916      0.309660      0.346310      0.175083      0.350166
MIAGM13140_Marion_island      19.85      5.87    0.71407      0.116681      0.048113      0.015544      0.031088
CI40_Crozet              19.64      5.79    0.71816      0.007227      0.029455      0.000182      0.000364
KI813_Kergulen           19.74      5.33    0.69372      0.500989      0.198549      0.087792      0.175584
HI5_Heard                19.69      5.28    0.68597      0.500581      0.469463      0.283250      0.566500
MI2252_Macquarie         19.95      5.36    0.68590      0.247584      0.257843      0.087400      0.174800
Population              mean_N    mean_k    mean_He    p_sign_TPM    p_stdv_TPM    p_W_1t_TPM    p_W_2t_TPM
137710_South_Shetlands      19.74      6.28    0.74202      0.032217      0.054695      0.014983      0.029967
W6552                    19.85      6.03    0.72586      0.028050      0.147522      0.028090      0.056179
BI18_Bouvetoya           19.74      5.72    0.72486      0.003005      0.003984      0.000160      0.000320
MIAGM13132_Marion_island      19.85      5.72    0.71590      0.202522      0.029865      0.004570      0.009139
CI40_Crozet              19.49      5.74    0.71918      0.001115      0.006231      0.000248      0.000495
KI816_Kergulen           19.44      5.26    0.70496      0.117192      0.015488      0.005795      0.011591
HI5_Heard                19.79      5.26    0.69177      0.130023      0.147311      0.110216      0.220433
MI2259_Macquarie         19.95      5.28    0.68370      0.520876      0.460529      0.171252      0.342503
Population              mean_N    mean_k    mean_He    p_sign_TPM    p_stdv_TPM    p_W_1t_TPM    p_W_2t_TPM
137720_South_Shetlands      19.95      6.15    0.71825      0.206905      0.302284      0.193615      0.387231
W6540/40_pup             19.85      5.92    0.70864      0.438320      0.442834      0.415327      0.830654
BI25_Bouvetoya           19.90      5.97    0.71973      0.044483      0.049350      0.010250      0.020501
MIAGM13049_Marion_island      19.95      6.13    0.72461      0.368033      0.035479      0.015356      0.030713
CI5_Crozet               19.49      5.72    0.72358      0.000486      0.000188      0.000001      0.000003
KI816_Kergulen           19.44      5.49    0.67803      0.344308      0.262625      0.236369      0.472737
HI5_Heard                19.79      5.49    0.68595      0.178350      0.469867      0.213269      0.426539
MI2265_Macquarie         20.00      5.62    0.68812      0.265664      0.304879      0.409296      0.818591
Population              mean_N    mean_k    mean_He    p_sign_TPM    p_stdv_TPM    p_W_1t_TPM    p_W_2t_TPM
137723_South_Shetlands      19.74      5.97    0.72457      0.005115      0.018862      0.001599      0.003198
W6525/25_pup             19.95      6.23    0.72117      0.444283      0.249604      0.157692      0.315383
BI25_Bouvetoya           19.95      5.85    0.70252      0.281095      0.193496      0.130632      0.261265
MIAGM13124_Marion_island      19.90      6.05    0.72323      0.448131      0.382564      0.292696      0.585392
CI40_Crozet              19.64      5.87    0.73178      0.000414      0.000387      0.000002      0.000003
KI814_Kergulen           19.64      5.23    0.69361      0.112352      0.093193      0.092369      0.184738
HI7_Heard                19.54      5.26    0.68584      0.246227      0.306477      0.519255      0.972488
MI1664_Macquarie         19.90      5.67    0.69541      0.232278      0.325428      0.080619      0.161239
Population              mean_N    mean_k    mean_He    p_sign_TPM    p_stdv_TPM    p_W_1t_TPM    p_W_2t_TPM
137694_South_Shetlands      19.95      5.92    0.69924      0.274586      0.241602      0.137146      0.274291
W6535                    19.64      6.18    0.72767      0.229872      0.387131      0.404596      0.809191
BI7_Bouvetoya            19.74      5.87    0.72254      0.187812      0.036435      0.008406      0.016812
MIAGM13122_Marion_island      19.95      6.00    0.71214      0.554014      0.411569      0.101126      0.202253
CI5_Crozet               19.54      5.77    0.72014      0.077823      0.010879      0.001022      0.002045
KI816_Kergulen           19.79      5.26    0.69102      0.288101      0.260656      0.126357      0.252714
HI9_Heard                19.79      5.51    0.70041      0.554851      0.205769      0.133745      0.267489
MI2269_Macquarie         19.85      5.28    0.70346      0.053856      0.013588      0.001766      0.003531
Population              mean_N    mean_k    mean_He    p_sign_TPM    p_stdv_TPM    p_W_1t_TPM    p_W_2t_TPM
137687_South_Shetlands      19.95      6.21    0.74084      0.033169      0.063274      0.006853      0.013707
W6540/40_pup             19.95      6.15    0.71538      0.489234      0.181852      0.109741      0.219482
BI14_Bouvetoya           19.90      5.79    0.69786      0.550378      0.426963      0.482852      0.965705
MIAGM13130_Marion_island      19.90      5.90    0.71608      0.099756      0.041292      0.008785      0.017571
CI5_Crozet               19.44      5.95    0.72746      0.020445      0.008539      0.000410      0.000819
KI810_Kergulen           19.59      5.08    0.67981      0.130229      0.178912      0.126357      0.252714
HI9_Heard                19.54      5.08    0.67414      0.290142      0.370285      0.120638      0.241276
MI2259_Macquarie         19.85      5.72    0.70809      0.348378      0.059092      0.009543      0.019087
Population              mean_N    mean_k    mean_He    p_sign_TPM    p_stdv_TPM    p_W_1t_TPM    p_W_2t_TPM
137722_South_Shetlands      19.79      6.21    0.72456      0.531645      0.351648      0.205275      0.410550
W6551                    19.85      5.79    0.70545      0.163602      0.221384      0.062607      0.125213
BI3_Bouvetoya            19.79      5.77    0.71680      0.073731      0.111838      0.060283      0.120565
MIAGM13142_Marion_island      19.90      6.10    0.73110      0.184346      0.199739      0.109741      0.219482
CI39_Crozet              19.59      5.54    0.71276      0.002039      0.001150      0.000012      0.000024
KI816_Kergulen           19.90      5.03    0.68951      0.058232      0.023518      0.018617      0.037235
HI9_Heard                19.59      5.23    0.67000      0.476798      0.469863      0.458796      0.917591
MI2249_Macquarie         19.90      5.44    0.68435      0.448520      0.254316      0.292794      0.585588
Population              mean_N    mean_k    mean_He    p_sign_TPM    p_stdv_TPM    p_W_1t_TPM    p_W_2t_TPM
137712_South_Shetlands      19.64      6.38    0.72722      0.434544      0.359394      0.161078      0.322156
Y/B144/45                19.85      6.10    0.72474      0.500487      0.143258      0.032538      0.065076
A1096_Bouvetoya          19.85      6.05    0.71688      0.440522      0.131423      0.090060      0.180119
MIAGM13143_Marion_island      19.85      6.15    0.72957      0.187881      0.072775      0.016122      0.032244
CI39_Crozet              19.59      5.97    0.72877      0.007207      0.002940      0.000031      0.000063
KI806_Kergulen           19.38      5.21    0.67242      0.483231      0.423601      0.297758      0.595515
HI7_Heard                19.64      5.51    0.69100      0.323655      0.445847      0.404596      0.809191
MI2270_Macquarie         20.00      5.28    0.68057      0.177021      0.079140      0.031509      0.063017
Population              mean_N    mean_k    mean_He    p_sign_TPM    p_stdv_TPM    p_W_1t_TPM    p_W_2t_TPM
137710_South_Shetlands      19.90      6.08    0.72297      0.362412      0.258801      0.107493      0.214987
Y/B144/45                19.79      6.21    0.72624      0.295542      0.464282      0.273949      0.547898
A1090_Bouvetoya          19.79      5.85    0.70665      0.563304      0.278648      0.217332      0.434664
MIAGM13123_Marion_island      19.79      6.41    0.73699      0.118777      0.198923      0.071132      0.142264
CI5_Crozet               19.54      5.92    0.71063      0.038598      0.075807      0.018532      0.037064
KI816_Kergulen           19.33      5.15    0.67289      0.521098      0.488191      0.367633      0.735266
HI7_Heard                19.59      5.31    0.68834      0.558639      0.414079      0.217332      0.434664
MI2264_Macquarie         19.85      5.59    0.69340      0.270469      0.486900      0.302283      0.604566
Population              mean_N    mean_k    mean_He    p_sign_TPM    p_stdv_TPM    p_W_1t_TPM    p_W_2t_TPM
137703_South_Shetlands      19.85      6.26    0.73839      0.223326      0.177705      0.039904      0.079809
W9172_mum                19.69      6.13    0.74544      0.131985      0.040627      0.011514      0.023028
A1091_Bouvetoya          19.90      5.69    0.70563      0.016772      0.012965      0.000221      0.000442
MIAGM13115_Marion_island      19.64      6.15    0.71629      0.533946      0.278341      0.209854      0.419708
CI5_Crozet               19.49      5.87    0.72127      0.031936      0.024444      0.005554      0.011108
KI805_Kergulen           19.69      5.26    0.69121      0.080385      0.054816      0.024734      0.049468
HI9_Heard                19.69      5.00    0.67577      0.115478      0.056189      0.006305      0.012611
MI2260_Macquarie         19.95      5.10    0.68477      0.073679      0.022917      0.001139      0.002279
Population              mean_N    mean_k    mean_He    p_sign_TPM    p_stdv_TPM    p_W_1t_TPM    p_W_2t_TPM
137712_South_Shetlands      19.74      6.03    0.70796      0.519014      0.379956      0.227569      0.455138
W9133_pup                19.54      5.95    0.71744      0.226619      0.111141      0.039602      0.079205
A1065_Bouvetoya          19.85      5.87    0.71586      0.084596      0.152120      0.055661      0.111322
MIAGM13119_Marion_island      19.95      5.79    0.72096      0.363824      0.054319      0.008426      0.016852
CI40_Crozet              19.59      5.87    0.70966      0.269107      0.148742      0.075056      0.150111
KI816_Kergulen           19.59      5.44    0.69983      0.142461      0.109967      0.024734      0.049468
HI9_Heard                19.90      5.18    0.67751      0.161568      0.246401      0.201302      0.402604
MI2250_Macquarie         19.85      5.08    0.67394      0.274353      0.171877      0.090770      0.181541
Population              mean_N    mean_k    mean_He    p_sign_TPM    p_stdv_TPM    p_W_1t_TPM    p_W_2t_TPM
137719_South_Shetlands      19.74      6.31    0.72163      0.551201      0.410036      0.213269      0.426539
W9170_pup                19.90      6.21    0.73308      0.535296      0.160014      0.094721      0.189442
BI8_Bouvetoya            19.95      5.59    0.70088      0.009785      0.007815      0.001855      0.003711
MIAGM13109_Marion_island      20.00      6.21    0.72888      0.104113      0.113420      0.013402      0.026804
CI38_Crozet              19.59      5.69    0.72198      0.000027      0.000332      0.000000      0.000000
KI813_Kergulen           19.54      5.41    0.70158      0.211482      0.052207      0.006812      0.013624
HI9_Heard                19.85      5.03    0.66747      0.268918      0.107773      0.055356      0.110712
MI2267_Macquarie         19.95      5.51    0.68884      0.054065      0.167629      0.030422      0.060843
Population              mean_N    mean_k    mean_He    p_sign_TPM    p_stdv_TPM    p_W_1t_TPM    p_W_2t_TPM
137679_South_Shetlands      19.74      6.13    0.73133      0.564324      0.249122      0.164510      0.329021
W6517/17                 19.74      6.26    0.73802      0.067708      0.118678      0.067364      0.134728
BI6_Bouvetoya            19.90      5.74    0.71971      0.436920      0.073215      0.038689      0.077379
MIAGM13110_Marion_island      19.95      6.00    0.73455      0.028040      0.016290      0.001308      0.002615
CI38_Crozet              19.69      5.82    0.71938      0.026796      0.014273      0.001308      0.002615
KI810_Kergulen           19.28      5.05    0.69498      0.213147      0.086289      0.007143      0.014285
HI5_Heard                19.74      4.87    0.67581      0.105860      0.048068      0.007752      0.015505
MI2269_Macquarie         19.95      5.46    0.69927      0.475781      0.095141      0.052248      0.104496
Population              mean_N    mean_k    mean_He    p_sign_TPM    p_stdv_TPM    p_W_1t_TPM    p_W_2t_TPM
137712_South_Shetlands      19.69      6.33    0.72407      0.517105      0.335493      0.182521      0.365043
W9168_pup                19.79      6.03    0.71814      0.033731      0.061248      0.002235      0.004470
A1043_Bouvetoya          19.95      5.92    0.71108      0.218843      0.048935      0.009447      0.018894
MIAGM13133_Marion_island      19.95      6.05    0.72060      0.543103      0.280361      0.123475      0.246950
CI5_Crozet               19.44      5.90    0.72027      0.003487      0.002572      0.000144      0.000288
KI810_Kergulen           19.69      5.18    0.69642      0.027309      0.052775      0.029030      0.058060
HI4_Heard                19.74      5.46    0.69924      0.154368      0.082742      0.032538      0.065076
MI2264_Macquarie         19.90      5.67    0.70041      0.437600      0.427767      0.264798      0.529596
Population              mean_N    mean_k    mean_He    p_sign_TPM    p_stdv_TPM    p_W_1t_TPM    p_W_2t_TPM
137718_South_Shetlands      19.74      6.21    0.72844      0.134478      0.148719      0.030987      0.061974
W6518/18_pup             19.79      6.05    0.73357      0.476633      0.081053      0.027459      0.054917
A1060_Bouvetoya          19.90      5.97    0.72476      0.121721      0.141695      0.063749      0.127497
MIAGM13070_Marion_island      19.90      6.36    0.74186      0.005464      0.024430      0.001854      0.003708
CI39_Crozet              19.64      5.90    0.72688      0.011506      0.010463      0.000623      0.001246
KI814_Kergulen           19.49      5.38    0.68806      0.283555      0.164246      0.075056      0.150111
HI27_Heard               19.69      5.28    0.68660      0.224120      0.103854      0.040890      0.081780
MI2267_Macquarie         20.00      5.49    0.68839      0.429221      0.429982      0.209854      0.419708
Population              mean_N    mean_k    mean_He    p_sign_TPM    p_stdv_TPM    p_W_1t_TPM    p_W_2t_TPM
137718_South_Shetlands      19.59      6.46    0.74825      0.135356      0.166494      0.038689      0.077379
W9136_pup                19.64      6.23    0.73600      0.263586      0.296891      0.053785      0.107569
A1048_Bouvetoya          19.74      5.59    0.70812      0.002134      0.014447      0.001735      0.003471
MIAGM13144_Marion_island      19.74      5.90    0.72064      0.453098      0.284156      0.154351      0.308703
CI5_Crozet               19.59      5.67    0.71947      0.010367      0.003997      0.000314      0.000629
KI812_Kergulen           19.03      5.31    0.68901      0.272683      0.489454      0.209250      0.418500
HI9_Heard                19.69      5.05    0.66886      0.522038      0.134130      0.073074      0.146148
MI1675_Macquarie         19.74      5.54    0.70612      0.530888      0.333077      0.189818      0.379637
Population              mean_N    mean_k    mean_He    p_sign_TPM    p_stdv_TPM    p_W_1t_TPM    p_W_2t_TPM
137676_South_Shetlands      19.74      6.10    0.73578      0.114364      0.084481      0.036348      0.072695
W9164_mum                19.85      6.03    0.73565      0.462227      0.285679      0.157692      0.315383
A1064_Bouvetoya          19.90      5.85    0.70424      0.209106      0.144158      0.092369      0.184738
MIAGM13132_Marion_island      19.69      6.23    0.73455      0.555211      0.465397      0.242606      0.485211
CI5_Crozet               19.54      5.85    0.72056      0.000829      0.008116      0.000194      0.000388
KI802_Kergulen           19.59      5.10    0.69176      0.273804      0.029153      0.021425      0.042850
HI5_Heard                19.69      5.46    0.68787      0.487004      0.427630      0.283250      0.566500
MI2270_Macquarie         20.00      5.46    0.69744      0.482532      0.131646      0.085095      0.170191
Population              mean_N    mean_k    mean_He    p_sign_TPM    p_stdv_TPM    p_W_1t_TPM    p_W_2t_TPM
137722_South_Shetlands      19.85      6.21    0.73554      0.221128      0.265249      0.087792      0.175584
W9177_pup                19.64      5.90    0.71977      0.109911      0.005239      0.000190      0.000379
BI8_Bouvetoya            19.90      5.64    0.71439      0.005608      0.000763      0.000004      0.000009
MIAGM13138_Marion_island      19.90      5.97    0.71000      0.116042      0.166571      0.056962      0.113925
CI5_Crozet               19.64      5.92    0.72689      0.015041      0.005120      0.000968      0.001936
KI7_Kergulen             19.64      5.36    0.70150      0.106467      0.124913      0.029995      0.059991
HI7_Heard                19.79      5.10    0.65834      0.504479      0.233904      0.465736      0.931471
MI1597_Macquarie         19.90      5.79    0.71573      0.173019      0.091561      0.043731      0.087463
Population              mean_N    mean_k    mean_He    p_sign_TPM    p_stdv_TPM    p_W_1t_TPM    p_W_2t_TPM
137698_South_Shetlands      19.90      6.23    0.72165      0.343561      0.181419      0.552137      0.906650
W6522/22                 19.79      6.13    0.72876      0.133427      0.120740      0.058604      0.117209
A1093_Bouvetoya          19.95      5.82    0.69901      0.417326      0.364657      0.246076      0.492152
MIAGM13117_Marion_island      19.95      6.03    0.72004      0.087158      0.045687      0.005720      0.011439
CI39_Crozet              19.64      5.92    0.71722      0.016161      0.024677      0.000968      0.001936
KI807_Kergulen           19.33      4.79    0.66480      0.196111      0.027786      0.012162      0.024323
HI9_Heard                19.79      5.23    0.66879      0.552039      0.283999      0.146689      0.293377
MI2255_Macquarie         19.74      5.44    0.70817      0.178594      0.028236      0.008074      0.016147
Population              mean_N    mean_k    mean_He    p_sign_TPM    p_stdv_TPM    p_W_1t_TPM    p_W_2t_TPM
137684_South_Shetlands      19.90      6.13    0.70788      0.405417      0.257053      0.431538      0.863076
W9137_pup                19.79      6.08    0.72039      0.003858      0.010497      0.001072      0.002144
BI25_Bouvetoya           19.85      5.59    0.68484      0.201229      0.184347      0.090770      0.181541
MIAGM13056_Marion_island      19.95      6.03    0.71410      0.302547      0.360347      0.201344      0.402688
CI40_Crozet              19.79      5.90    0.71886      0.062074      0.071529      0.007442      0.014884
KI795_Kergulen           19.49      5.21    0.67558      0.351312      0.408410      0.186376      0.372752
HI5_Heard                19.79      5.36    0.68553      0.277366      0.213975      0.099554      0.199107
MI1675_Macquarie         19.79      5.54    0.70260      0.471066      0.465420      0.260280      0.520561
Population              mean_N    mean_k    mean_He    p_sign_TPM    p_stdv_TPM    p_W_1t_TPM    p_W_2t_TPM
137686_South_Shetlands      19.95      6.51    0.74719      0.524661      0.290865      0.153458      0.306917
W6755                    19.95      5.87    0.71378      0.275539      0.196671      0.099554      0.199107
A1069_Bouvetoya          20.00      5.92    0.70148      0.396409      0.213187      0.103842      0.207683
MIAGM13114_Marion_island      20.00      6.36    0.71970      0.259045      0.311790      0.198233      0.396465
CI5_Crozet               19.59      5.82    0.72576      0.002513      0.006476      0.000053      0.000106
KI816_Kergulen           19.54      4.95    0.68130      0.105023      0.069912      0.022179      0.044358
HI7_Heard                19.74      5.33    0.69356      0.304602      0.204165      0.104560      0.209119
MI2258_Macquarie         19.95      5.64    0.68864      0.237537      0.337991      0.186376      0.372752
Population              mean_N    mean_k    mean_He    p_sign_TPM    p_stdv_TPM    p_W_1t_TPM    p_W_2t_TPM
137721_South_Shetlands      20.00      6.10    0.71120      0.160855      0.401787      0.143378      0.286757
W9138_mum                19.59      5.97    0.70378      0.371183      0.206358      0.081204      0.162409
A1100_Bouvetoya          19.69      5.87    0.71917      0.201305      0.133860      0.083383      0.166766
MIAGM13140_Marion_island      19.90      6.15    0.72274      0.310889      0.136715      0.034121      0.068242
CI5_Crozet               19.59      5.69    0.71905      0.003354      0.001431      0.000042      0.000085
KI816_Kergulen           19.69      5.28    0.70179      0.059502      0.014281      0.003581      0.007162
HI5_Heard                19.74      5.26    0.69397      0.075552      0.089662      0.031466      0.062932
MI2270_Macquarie         19.90      5.21    0.67846      0.248601      0.251014      0.136906      0.273813
Population              mean_N    mean_k    mean_He    p_sign_TPM    p_stdv_TPM    p_W_1t_TPM    p_W_2t_TPM
137694_South_Shetlands      20.00      6.36    0.73900      0.336022      0.162622      0.104560      0.209119
W6532/32                 19.74      6.00    0.70998      0.280241      0.344709      0.198233      0.396465
BI7_Bouvetoya            19.85      5.67    0.71373      0.466373      0.241405      0.154351      0.308703
MIAGM13130_Marion_island      19.79      6.08    0.72383      0.464521      0.088288      0.034958      0.069917
CI5_Crozet               19.59      5.79    0.71153      0.131372      0.052739      0.019229      0.038457
KI810_Kergulen           19.59      5.23    0.70653      0.118485      0.054401      0.019289      0.038578
HI5_Heard                19.79      5.21    0.69420      0.105824      0.053591      0.009856      0.019713
MI2270_Macquarie         19.95      5.38    0.69339      0.461660      0.285028      0.055661      0.111322
Population              mean_N    mean_k    mean_He    p_sign_TPM    p_stdv_TPM    p_W_1t_TPM    p_W_2t_TPM
137690_South_Shetlands      19.64      6.28    0.73585      0.348229      0.241525      0.117847      0.235693
SG5_South_Georgia        19.95      5.95    0.69886      0.213578      0.237718      0.174959      0.349918
A1051_Bouvetoya          20.00      5.56    0.70081      0.183612      0.031301      0.009860      0.019720
MIAGM13069_Marion_island      19.95      5.82    0.71454      0.077099      0.025454      0.003299      0.006598
CI38_Crozet              19.64      5.85    0.72302      0.001327      0.008267      0.000734      0.001468
KI816_Kergulen           19.44      5.18    0.69637      0.019760      0.004255      0.000114      0.000229
HI7_Heard                19.74      5.10    0.68273      0.308856      0.103405      0.039904      0.079809
MI2255_Macquarie         19.95      5.51    0.67011      0.265926      0.079246      0.745497      0.518291
Population              mean_N    mean_k    mean_He    p_sign_TPM    p_stdv_TPM    p_W_1t_TPM    p_W_2t_TPM
137710_South_Shetlands      19.85      6.15    0.71940      0.122129      0.440039      0.497248      0.994497
W9138_pup                19.64      6.03    0.72569      0.319223      0.400148      0.316915      0.633830
A1089_Bouvetoya          19.64      5.82    0.71667      0.020486      0.071730      0.011227      0.022454
MIAGM13138_Marion_island      19.90      5.97    0.72031      0.413610      0.228940      0.147809      0.295618
CI34_Crozet              19.54      5.64    0.71463      0.000491      0.003284      0.000014      0.000029
KI814_Kergulen           19.54      5.28    0.67946      0.224772      0.191549      0.107493      0.214987
HI9_Heard                19.74      5.21    0.68379      0.111754      0.275197      0.094721      0.189442
MI2267_Macquarie         19.90      5.46    0.67562      0.390598      0.116836      0.349309      0.698618
Population              mean_N    mean_k    mean_He    p_sign_TPM    p_stdv_TPM    p_W_1t_TPM    p_W_2t_TPM
137694_South_Shetlands      19.95      6.23    0.73127      0.502567      0.367803      0.153458      0.306917
W9161_mum                19.79      6.03    0.72483      0.354212      0.134507      0.026525      0.053049
BI22_Bouvetoya           19.90      5.82    0.70129      0.539715      0.360301      0.357273      0.714546
MIAGM13141_Marion_island      19.90      5.90    0.71451      0.326434      0.079505      0.033639      0.067279
CI39_Crozet              19.85      5.90    0.72573      0.001862      0.001526      0.000034      0.000068
KI806_Kergulen           19.44      5.28    0.69346      0.300064      0.375845      0.147809      0.295618
HI36_Heard               19.79      5.13    0.67132      0.484656      0.319224      0.205275      0.410550
MI2264_Macquarie         19.90      5.56    0.69304      0.541573      0.283438      0.189818      0.379637
Population              mean_N    mean_k    mean_He    p_sign_TPM    p_stdv_TPM    p_W_1t_TPM    p_W_2t_TPM
137665_South_Shetlands      19.90      6.05    0.72044      0.536875      0.282211      0.156918      0.313835
W9170_pup                19.85      6.23    0.74110      0.189765      0.047135      0.013913      0.027825
A1087_Bouvetoya          19.64      5.74    0.72318      0.127450      0.071402      0.029030      0.058060
MIAGM13141_Marion_island      19.90      6.03    0.72539      0.182851      0.200841      0.045069      0.090139
CI40_Crozet              19.64      6.03    0.73621      0.004554      0.005272      0.000052      0.000105
KI807_Kergulen           19.44      5.13    0.69811      0.116937      0.025783      0.008750      0.017501
HI7_Heard                19.49      5.10    0.67935      0.144294      0.260272      0.161078      0.322156
MI2251_Macquarie         20.00      5.51    0.68704      0.516663      0.405442      0.312005      0.624010
Population              mean_N    mean_k    mean_He    p_sign_TPM    p_stdv_TPM    p_W_1t_TPM    p_W_2t_TPM
137721_South_Shetlands      19.85      6.38    0.73838      0.329543      0.330669      0.171513      0.343026
W6186/T3_pup             19.59      5.85    0.71796      0.142904      0.130028      0.031466      0.062932
BI14_Bouvetoya           19.85      6.00    0.71989      0.275898      0.201435      0.104818      0.209636
MIAGM13139_Marion_island      19.85      5.97    0.72745      0.023148      0.029576      0.011227      0.022454
CI5_Crozet               19.64      5.92    0.72430      0.119925      0.098963      0.014440      0.028879
KI807_Kergulen           19.49      5.18    0.68874      0.364267      0.073556      0.037124      0.074247
HI5_Heard                19.95      5.05    0.67172      0.079627      0.050584      0.013156      0.026312
MI2260_Macquarie         19.74      5.51    0.70614      0.163503      0.165913      0.009943      0.019885
Population              mean_N    mean_k    mean_He    p_sign_TPM    p_stdv_TPM    p_W_1t_TPM    p_W_2t_TPM
137720_South_Shetlands      19.74      6.31    0.73961      0.012425      0.120967      0.007752      0.015505
W6524/24_pup             19.64      6.15    0.72442      0.470274      0.346514      0.193615      0.387231
BI18_Bouvetoya           19.90      5.77    0.71296      0.531911      0.064431      0.015506      0.031013
MIAGM13143_Marion_island      20.00      5.92    0.71619      0.017740      0.058593      0.019229      0.038457
CI40_Crozet              19.79      5.90    0.71707      0.008147      0.036084      0.003299      0.006598
KI812_Kergulen           19.33      5.05    0.69539      0.064519      0.009061      0.006575      0.013149
HI9_Heard                19.74      5.00    0.67032      0.276091      0.138939      0.033049      0.066098
MI2260_Macquarie         19.95      5.44    0.69883      0.111191      0.038283      0.012428      0.024856
Population              mean_N    mean_k    mean_He    p_sign_TPM    p_stdv_TPM    p_W_1t_TPM    p_W_2t_TPM
137720_South_Shetlands      19.90      6.28    0.74142      0.055609      0.030496      0.001681      0.003361
W9178_pup                19.79      6.15    0.72822      0.172206      0.055692      0.019946      0.039893
A1092_Bouvetoya          19.74      5.72    0.71392      0.569324      0.259832      0.161692      0.323383
MIAGM13106_Marion_island      19.90      6.18    0.73341      0.275334      0.233052      0.112398      0.224797
CI39_Crozet              19.69      5.69    0.71033      0.058003      0.017249      0.001854      0.003708
KI796_Kergulen           19.23      5.15    0.68244      0.136187      0.042314      0.015952      0.031905
HI4_Heard                19.90      5.18    0.68594      0.424726      0.234025      0.154351      0.308703
MI2267_Macquarie         19.90      5.49    0.69519      0.121209      0.071612      0.016132      0.032265
Population              mean_N    mean_k    mean_He    p_sign_TPM    p_stdv_TPM    p_W_1t_TPM    p_W_2t_TPM
137722_South_Shetlands      19.79      6.28    0.73579      0.410032      0.223665      0.087792      0.175584
W6755                    19.69      5.92    0.72069      0.144885      0.189204      0.067364      0.134728
A1054_Bouvetoya          19.74      5.64    0.71418      0.115641      0.006606      0.000154      0.000309
MIAGM13133_Marion_island      19.85      6.26    0.72889      0.187779      0.229747      0.132257      0.264514
CI39_Crozet              19.54      5.85    0.72014      0.000171      0.003060      0.000006      0.000012
KI816_Kergulen           19.69      5.31    0.68714      0.236036      0.062824      0.033639      0.067279
HI9_Heard                19.79      5.21    0.67349      0.525644      0.482488      0.263830      0.527660
MI2269_Macquarie         20.00      5.44    0.68178      0.534088      0.445309      0.273324      0.546649
Population              mean_N    mean_k    mean_He    p_sign_TPM    p_stdv_TPM    p_W_1t_TPM    p_W_2t_TPM
137711_South_Shetlands      19.95      6.31    0.75056      0.320501      0.153170      0.028090      0.056179
W9177_mum                19.79      6.08    0.72061      0.029382      0.065418      0.007939      0.015879
BI5_Bouvetoya            19.85      5.69    0.71225      0.015025      0.025029      0.005322      0.010643
MIAGM13118_Marion_island      19.69      5.92    0.71885      0.540426      0.185357      0.069229      0.138457
CI5_Crozet               19.59      5.59    0.70105      0.005397      0.025929      0.002468      0.004935
KI816_Kergulen           19.59      5.23    0.68935      0.050288      0.066904      0.037504      0.075008
HI5_Heard                19.74      5.38    0.68287      0.082218      0.416179      0.383349      0.766699
MI2256_Macquarie         19.90      5.28    0.70176      0.070995      0.066180      0.019289      0.038578
Population              mean_N    mean_k    mean_He    p_sign_TPM    p_stdv_TPM    p_W_1t_TPM    p_W_2t_TPM
137712_South_Shetlands      19.74      6.18    0.73928      0.328991      0.121723      0.032005      0.064009
W9178_pup                19.90      5.77    0.72004      0.162286      0.019429      0.006523      0.013047
BI21_Bouvetoya           19.90      5.79    0.69957      0.338336      0.490203      0.458796      0.917591
MIAGM13128_Marion_island      19.79      5.85    0.72149      0.030868      0.061849      0.039904      0.079809
CI40_Crozet              19.95      5.74    0.72520      0.010608      0.002943      0.000049      0.000098
KI805_Kergulen           19.33      5.10    0.68907      0.181364      0.029741      0.005532      0.011064
HI9_Heard                19.69      5.03    0.66732      0.485289      0.385904      0.121590      0.243181
MI2270_Macquarie         20.00      5.23    0.66950      0.285307      0.405732      0.417343      0.834685
Population              mean_N    mean_k    mean_He    p_sign_TPM    p_stdv_TPM    p_W_1t_TPM    p_W_2t_TPM
137714_South_Shetlands      19.85      6.41    0.73494      0.192418      0.339738      0.157692      0.315383
W9163_pup                19.95      6.10    0.72567      0.309041      0.396278      0.104560      0.209119
BI7_Bouvetoya            19.85      5.82    0.69473      0.154280      0.157844      0.074235      0.148469
MIAGM13048_Marion_island      19.85      6.13    0.72556      0.555326      0.240563      0.123475      0.246950
CI5_Crozet               19.64      5.82    0.72750      0.004361      0.002749      0.000142      0.000284
KI814_Kergulen           18.97      5.41    0.69236      0.138460      0.207847      0.094587      0.189174
HI7_Heard                19.74      5.00    0.67713      0.237426      0.033330      0.008426      0.016852
MI2267_Macquarie         19.74      5.54    0.69226      0.435364      0.184930      0.227569      0.455138
Population              mean_N    mean_k    mean_He    p_sign_TPM    p_stdv_TPM    p_W_1t_TPM    p_W_2t_TPM
137709_South_Shetlands      19.64      6.23    0.73475      0.070596      0.151084      0.065537      0.131075
Y/B142/43                19.85      5.97    0.72777      0.501280      0.067747      0.012649      0.025299
A1056_Bouvetoya          19.85      5.28    0.68412      0.377208      0.122908      0.050853      0.101706
MIAGM13143_Marion_island      19.95      5.92    0.71575      0.557394      0.312139      0.197457      0.394915
CI5_Crozet               19.64      5.85    0.73056      0.006096      0.003492      0.000233      0.000466
KI814_Kergulen           19.28      5.36    0.69830      0.113294      0.041647      0.006245      0.012491
HI7_Heard                19.79      5.23    0.68318      0.092632      0.207316      0.013680      0.027359
MI2260_Macquarie         19.90      5.51    0.69883      0.356700      0.089752      0.025616      0.051233
Population              mean_N    mean_k    mean_He    p_sign_TPM    p_stdv_TPM    p_W_1t_TPM    p_W_2t_TPM
137723_South_Shetlands      19.90      6.13    0.71690      0.335753      0.133892      0.035932      0.071863
W6526/26_pup             20.00      6.33    0.71984      0.123258      0.128156      0.050259      0.100519
A1072_Bouvetoya          19.90      5.46    0.70520      0.001902      0.004938      0.000693      0.001385
MIAGM13131_Marion_island      19.90      6.21    0.73875      0.109363      0.013324      0.004096      0.008191
CI5_Crozet               19.64      5.79    0.72602      0.000486      0.000425      0.000000      0.000001
KI810_Kergulen           19.33      5.13    0.70486      0.011737      0.008679      0.002983      0.005966
HI9_Heard                19.85      5.26    0.69231      0.075949      0.054668      0.009943      0.019885
MI2259_Macquarie         19.85      5.08    0.66787      0.173494      0.050310      0.013749      0.027497
Population              mean_N    mean_k    mean_He    p_sign_TPM    p_stdv_TPM    p_W_1t_TPM    p_W_2t_TPM
137720_South_Shetlands      19.74      6.08    0.73189      0.115724      0.117260      0.042425      0.084850
W6520/20                 19.79      6.05    0.72621      0.118552      0.278997      0.138340      0.276680
A1092_Bouvetoya          19.85      5.69    0.71332      0.119814      0.069636      0.011192      0.022383
MIAGM13125_Marion_island      19.95      6.05    0.72367      0.081585      0.057599      0.007745      0.015490
CI5_Crozet               19.59      5.90    0.72165      0.065607      0.070967      0.019980      0.039961
KI805_Kergulen           19.44      5.18    0.70201      0.191881      0.014154      0.003422      0.006844
HI4_Heard                19.59      5.28    0.70071      0.515347      0.088614      0.046439      0.092879
MI2270_Macquarie         19.95      5.41    0.70518      0.095825      0.029728      0.009475      0.018950
Population              mean_N    mean_k    mean_He    p_sign_TPM    p_stdv_TPM    p_W_1t_TPM    p_W_2t_TPM
137712_South_Shetlands      19.79      6.08    0.71128      0.435490      0.395305      0.175083      0.350166
W6542/42_pup             19.85      6.18    0.72564      0.281270      0.291605      0.205275      0.410550
BI22_Bouvetoya           19.90      6.05    0.72925      0.043946      0.026815      0.003981      0.007961
MIAGM13137_Marion_island      19.79      5.97    0.72667      0.154842      0.013506      0.004782      0.009564
CI39_Crozet              19.59      5.92    0.73050      0.001771      0.001175      0.000006      0.000011
KI816_Kergulen           19.33      4.97    0.68792      0.034227      0.005314      0.004570      0.009139
HI5_Heard                19.85      5.23    0.68241      0.204915      0.153972      0.043564      0.087128
MI2259_Macquarie         19.90      5.90    0.70650      0.090840      0.274551      0.042210      0.084421
Population              mean_N    mean_k    mean_He    p_sign_TPM    p_stdv_TPM    p_W_1t_TPM    p_W_2t_TPM
137720_South_Shetlands      19.69      6.36    0.73220      0.263138      0.485723      0.328294      0.656587
W9174_mum                19.69      5.97    0.72487      0.068125      0.033947      0.008074      0.016147
BI5_Bouvetoya            19.90      5.85    0.70216      0.198220      0.363573      0.464274      0.928548
MIAGM13134_Marion_island      19.85      6.08    0.71730      0.214566      0.026917      0.003689      0.007377
CI34_Crozet              19.54      5.72    0.71694      0.002216      0.004055      0.000070      0.000141
KI814_Kergulen           19.33      5.18    0.68331      0.289564      0.293480      0.161078      0.322156
HI9_Heard                19.90      5.18    0.66564      0.556091      0.255064      0.092146      0.184292
MI2258_Macquarie         19.95      5.26    0.67854      0.225779      0.286729      0.136906      0.273813
Population              mean_N    mean_k    mean_He    p_sign_TPM    p_stdv_TPM    p_W_1t_TPM    p_W_2t_TPM
137717_South_Shetlands      19.79      6.10    0.71637      0.137622      0.141124      0.012649      0.025299
Y/B134/35                19.64      6.03    0.73793      0.121812      0.029650      0.005098      0.010195
BI19_Bouvetoya           19.90      6.00    0.71696      0.073432      0.021683      0.001410      0.002819
MIAGM13144_Marion_island      19.74      6.13    0.73510      0.033777      0.081670      0.017332      0.034665
CI5_Crozet               19.64      5.85    0.72391      0.002219      0.005213      0.000010      0.000021
KI806_Kergulen           19.59      5.38    0.70817      0.076021      0.007785      0.000583      0.001166
HI9_Heard                19.64      5.10    0.67824      0.062797      0.046253      0.013156      0.026312
MI2254_Macquarie         20.00      5.33    0.69433      0.376730      0.061643      0.050853      0.101706
Population              mean_N    mean_k    mean_He    p_sign_TPM    p_stdv_TPM    p_W_1t_TPM    p_W_2t_TPM
137663_South_Shetlands      19.69      6.23    0.73095      0.294942      0.279633      0.063749      0.127497
SG28_South_Georgia       19.85      5.97    0.70710      0.481075      0.349548      0.118674      0.237349
A1042_Bouvetoya          19.95      5.69    0.70625      0.024200      0.041864      0.002954      0.005908
MIAGM13140_Marion_island      19.90      5.90    0.72360      0.219745      0.093267      0.036348      0.072695
CI40_Crozet              19.69      5.87    0.71891      0.028865      0.041671      0.000818      0.001635
KI813_Kergulen           19.33      5.10    0.68630      0.293618      0.095036      0.099554      0.199107
HI4_Heard                19.64      5.36    0.70165      0.263679      0.085150      0.028419      0.056839
MI1688_Macquarie         19.95      5.28    0.69179      0.526466      0.273770      0.079138      0.158277
Population              mean_N    mean_k    mean_He    p_sign_TPM    p_stdv_TPM    p_W_1t_TPM    p_W_2t_TPM
137716_South_Shetlands      19.90      6.10    0.72188      0.168471      0.223468      0.030422      0.060845
W9177_pup                19.69      6.18    0.72783      0.299273      0.143729      0.071132      0.142264
BI18_Bouvetoya           19.85      6.00    0.74240      0.147557      0.025946      0.011079      0.022158
MIAGM13134_Marion_island      19.95      6.05    0.72848      0.317042      0.277306      0.182360      0.364720
CI5_Crozet               19.59      5.79    0.71685      0.098434      0.015001      0.005322      0.010643
KI812_Kergulen           19.64      5.33    0.68766      0.306403      0.211054      0.083523      0.167046
HI4_Heard                19.64      5.05    0.68322      0.306521      0.190001      0.090060      0.180119
MI1665_Macquarie         19.95      5.51    0.69592      0.043164      0.048249      0.023876      0.047753
Population              mean_N    mean_k    mean_He    p_sign_TPM    p_stdv_TPM    p_W_1t_TPM    p_W_2t_TPM
137704_South_Shetlands      19.74      6.36    0.73695      0.418819      0.369278      0.063749      0.127497
W6547                    19.95      5.82    0.70096      0.342224      0.249979      0.044952      0.089904
A1063_Bouvetoya          19.38      5.79    0.70407      0.245891      0.285218      0.121590      0.243181
MIAGM13116_Marion_island      19.85      6.18    0.71504      0.492762      0.289931      0.202281      0.404563
CI5_Crozet               19.49      5.79    0.70295      0.269335      0.230018      0.023752      0.047505
KI810_Kergulen           19.44      5.36    0.69987      0.250025      0.227528      0.135276      0.270551
HI7_Heard                19.74      5.44    0.68549      0.334552      0.416198      0.367633      0.735266
MI2256_Macquarie         20.00      5.49    0.69325      0.132594      0.236230      0.040890      0.081780
Population              mean_N    mean_k    mean_He    p_sign_TPM    p_stdv_TPM    p_W_1t_TPM    p_W_2t_TPM
137723_South_Shetlands      19.90      6.08    0.73211      0.459139      0.328826      0.102035      0.204070
W9177_mum                19.79      6.33    0.72165      0.496593      0.415317      0.182521      0.365043
A1096_Bouvetoya          19.90      5.82    0.72267      0.056785      0.014705      0.003265      0.006529
MIAGM13142_Marion_island      19.69      6.33    0.73477      0.237847      0.322066      0.194232      0.388464
CI40_Crozet              19.64      5.90    0.72823      0.002466      0.007751      0.000031      0.000063
KI812_Kergulen           19.38      5.31    0.70006      0.020735      0.061995      0.009943      0.019885
HI9_Heard                19.74      5.13    0.67550      0.236802      0.086979      0.035932      0.071863
MI2254_Macquarie         19.95      5.05    0.67417      0.369878      0.231279      0.150049      0.300097
Population              mean_N    mean_k    mean_He    p_sign_TPM    p_stdv_TPM    p_W_1t_TPM    p_W_2t_TPM
137721_South_Shetlands      19.95      6.23    0.73033      0.232770      0.224996      0.107128      0.214257
W6517/17                 19.85      5.77    0.71785      0.281861      0.034198      0.004882      0.009763
A1095_Bouvetoya          19.95      5.74    0.69472      0.399163      0.085749      0.033776      0.067553
MIAGM13114_Marion_island      19.90      6.21    0.72390      0.356318      0.373867      0.078448      0.156895
CI5_Crozet               19.59      5.79    0.71420      0.034208      0.010519      0.001022      0.002045
KI816_Kergulen           19.49      5.46    0.69974      0.464969      0.195824      0.078448      0.156895
HI7_Heard                19.69      5.10    0.66916      0.480862      0.437201      0.240836      0.481672
MI2262_Macquarie         19.85      5.31    0.68252      0.200479      0.201116      0.012162      0.024323
Population              mean_N    mean_k    mean_He    p_sign_TPM    p_stdv_TPM    p_W_1t_TPM    p_W_2t_TPM
137719_South_Shetlands      19.90      6.36    0.72033      0.437494      0.306826      0.213269      0.426539
W9168_pup                19.85      6.00    0.71719      0.124642      0.091962      0.011079      0.022158
A1043_Bouvetoya          19.95      5.79    0.70960      0.416985      0.208661      0.147809      0.295618
MIAGM13128_Marion_island      20.00      6.15    0.72740      0.070960      0.012698      0.000342      0.000683
CI5_Crozet               19.59      5.92    0.73247      0.015801      0.002402      0.000182      0.000364
KI810_Kergulen           19.95      5.51    0.70851      0.055807      0.040783      0.005795      0.011591
HI5_Heard                19.74      5.31    0.70271      0.186315      0.077036      0.050746      0.101491
MI2250_Macquarie         19.85      5.44    0.69816      0.355166      0.171033      0.059056      0.118111
Population              mean_N    mean_k    mean_He    p_sign_TPM    p_stdv_TPM    p_W_1t_TPM    p_W_2t_TPM
137682_South_Shetlands      19.64      6.28    0.73526      0.376647      0.343461      0.175083      0.350166
W9161_pup                19.85      5.90    0.73023      0.388515      0.152268      0.052248      0.104496
BI22_Bouvetoya           19.74      6.31    0.73224      0.315856      0.224201      0.120638      0.241276
MIAGM13140_Marion_island      19.69      6.15    0.73914      0.554430      0.106171      0.079138      0.158277
CI40_Crozet              19.64      5.87    0.72706      0.037846      0.005580      0.000251      0.000501
KI807_Kergulen           19.38      5.31    0.68847      0.294819      0.177501      0.087792      0.175584
HI5_Heard                19.85      5.21    0.68520      0.151983      0.131528      0.068234      0.136468
MI2250_Macquarie         19.95      5.51    0.70762      0.184598      0.108085      0.055356      0.110712
Population              mean_N    mean_k    mean_He    p_sign_TPM    p_stdv_TPM    p_W_1t_TPM    p_W_2t_TPM
137716_South_Shetlands      19.69      6.28    0.72881      0.358604      0.230770      0.064442      0.128884
W9176_pup                19.69      6.18    0.73208      0.013607      0.028380      0.005795      0.011591
A1094_Bouvetoya          19.90      5.79    0.71676      0.082971      0.085914      0.018532      0.037064
MIAGM13140_Marion_island      19.74      6.23    0.73242      0.153677      0.138530      0.059056      0.118111
CI5_Crozet               19.59      5.82    0.72425      0.028729      0.003798      0.000206      0.000413
KI805_Kergulen           19.54      4.95    0.68732      0.022180      0.031740      0.017965      0.035930
HI4_Heard                19.95      5.38    0.69365      0.421636      0.162812      0.087792      0.175584
MI1642_Macquarie         19.85      5.18    0.68283      0.007066      0.038993      0.003459      0.006918
Population              mean_N    mean_k    mean_He    p_sign_TPM    p_stdv_TPM    p_W_1t_TPM    p_W_2t_TPM
137689_South_Shetlands      19.64      6.18    0.74461      0.515748      0.344002      0.135276      0.270551
Y/B142/43                19.74      5.77    0.71873      0.036846      0.004050      0.000207      0.000414
BI22_Bouvetoya           19.74      5.54    0.71480      0.108341      0.061368      0.032005      0.064009
MIAGM13133_Marion_island      19.90      5.87    0.71552      0.142515      0.023174      0.005978      0.011955
CI5_Crozet               19.54      5.77    0.71145      0.031369      0.101225      0.026283      0.052567
KI813_Kergulen           19.74      5.28    0.69390      0.537651      0.206664      0.069229      0.138457
HI36_Heard               19.90      5.13    0.68534      0.288716      0.041357      0.014983      0.029967
MI2269_Macquarie         20.00      5.31    0.69123      0.296339      0.096485      0.045069      0.090139
Population              mean_N    mean_k    mean_He    p_sign_TPM    p_stdv_TPM    p_W_1t_TPM    p_W_2t_TPM
137719_South_Shetlands      19.85      6.00    0.72527      0.282733      0.127874      0.005322      0.010643
W9134_mum                19.74      6.00    0.72117      0.530834      0.115238      0.082835      0.165670
A1055_Bouvetoya          19.95      5.97    0.70762      0.422212      0.262965      0.205275      0.410550
MIAGM13136_Marion_island      19.69      6.26    0.73367      0.541566      0.404220      0.260280      0.520561
CI40_Crozet              19.74      5.82    0.71037      0.071315      0.081009      0.015356      0.030713
KI812_Kergulen           19.54      5.31    0.70075      0.061190      0.037181      0.014901      0.029801
HI7_Heard                19.79      5.28    0.67806      0.127620      0.376048      0.524750      0.961490
MI2261_Macquarie         19.95      5.64    0.69941      0.468368      0.168783      0.032538      0.065076
Population              mean_N    mean_k    mean_He    p_sign_TPM    p_stdv_TPM    p_W_1t_TPM    p_W_2t_TPM
137718_South_Shetlands      19.95      6.26    0.72745      0.319672      0.270814      0.205275      0.410550
W6537                    19.79      6.15    0.72638      0.037955      0.052420      0.003800      0.007599
2249_Bouvetoya           19.85      5.51    0.69672      0.045254      0.012503      0.001922      0.003844
MIAGM13142_Marion_island      19.95      6.21    0.71652      0.087888      0.234820      0.044952      0.089904
CI5_Crozet               19.54      5.77    0.71224      0.025001      0.025928      0.001308      0.002615
KI810_Kergulen           19.38      5.44    0.70274      0.042756      0.108040      0.043564      0.087128
HI9_Heard                19.90      5.28    0.68406      0.295204      0.294408      0.132257      0.264514
MI2269_Macquarie         19.85      5.56    0.70950      0.431589      0.120747      0.073074      0.146148
Population              mean_N    mean_k    mean_He    p_sign_TPM    p_stdv_TPM    p_W_1t_TPM    p_W_2t_TPM
137688_South_Shetlands      20.00      5.97    0.72159      0.031649      0.048318      0.008074      0.016147
W6527/27                 19.64      6.15    0.73324      0.156245      0.153277      0.023876      0.047753
A1060_Bouvetoya          19.95      5.77    0.69844      0.223258      0.253751      0.066282      0.132564
MIAGM13123_Marion_island      19.74      6.41    0.74124      0.301032      0.146726      0.007442      0.014884
CI40_Crozet              19.59      5.82    0.70987      0.080503      0.134311      0.008426      0.016852
KI35_Kergulen            19.49      5.49    0.69589      0.240959      0.180339      0.107128      0.214257
HI9_Heard                19.74      5.26    0.66814      0.242886      0.404646      0.365377      0.730753
MI2269_Macquarie         19.95      5.28    0.68550      0.484935      0.151815      0.099609      0.199218
