Population              mean_N    mean_k    mean_He    p_sign_TPM    p_stdv_TPM    p_W_1t_TPM    p_W_2t_TPM
137718_South_Shetlands      19.85      6.08    0.71707      0.038798      0.067531      0.007423      0.014845
W9165_mum                19.79      6.00    0.73113      0.035151      0.019990      0.000363      0.000726
A1030_Bouvetoya          19.90      5.59    0.70699      0.084703      0.020141      0.001827      0.003653
MIAGM13138_Marion_island      20.00      6.03    0.71984      0.327710      0.202374      0.115807      0.231613
CI5_Crozet               19.59      5.74    0.72290      0.000612      0.001365      0.000014      0.000029
KI807_Kergulen           19.54      5.15    0.67562      0.342438      0.457232      0.278132      0.556265
HI9_Heard                19.90      5.46    0.69277      0.544005      0.264034      0.214714      0.429428
MI2270_Macquarie         19.90      5.54    0.69640      0.042153      0.181925      0.013156      0.026312
Population              mean_N    mean_k    mean_He    p_sign_TPM    p_stdv_TPM    p_W_1t_TPM    p_W_2t_TPM
137718_South_Shetlands      19.90      6.26    0.71913      0.556234      0.492896      0.378088      0.756177
ATP16                    19.90      5.85    0.71786      0.088049      0.043381      0.023876      0.047753
A1065_Bouvetoya          19.90      6.05    0.72306      0.333736      0.173850      0.077077      0.154154
MIAGM13142_Marion_island      19.90      6.13    0.72220      0.451851      0.365766      0.164510      0.329021
CI39_Crozet              19.69      5.79    0.72033      0.052168      0.018886      0.002044      0.004087
KI813_Kergulen           19.28      5.03    0.69047      0.231021      0.071944      0.018532      0.037064
HI9_Heard                19.74      5.38    0.67908      0.474621      0.454705      0.259146      0.518291
MI2265_Macquarie         19.95      5.33    0.66848      0.529115      0.254125      0.429018      0.858036
Population              mean_N    mean_k    mean_He    p_sign_TPM    p_stdv_TPM    p_W_1t_TPM    p_W_2t_TPM
137716_South_Shetlands      19.54      6.44    0.73907      0.313004      0.399142      0.083383      0.166766
W6538                    19.49      6.05    0.71681      0.468767      0.181981      0.112987      0.225975
A1087_Bouvetoya          19.54      5.74    0.71655      0.106769      0.036592      0.016132      0.032265
MIAGM13130_Marion_island      19.95      5.90    0.72578      0.211022      0.077170      0.047842      0.095683
CI39_Crozet              19.69      5.77    0.72726      0.000173      0.001734      0.000001      0.000002
KI806_Kergulen           18.87      5.05    0.68922      0.032956      0.082030      0.012159      0.024319
HI36_Heard               19.64      5.44    0.69904      0.453451      0.373898      0.167989      0.335977
MI2260_Macquarie         19.95      5.33    0.68514      0.292417      0.212081      0.050746      0.101491
Population              mean_N    mean_k    mean_He    p_sign_TPM    p_stdv_TPM    p_W_1t_TPM    p_W_2t_TPM
137707_South_Shetlands      19.54      6.03    0.73242      0.315085      0.122178      0.075056      0.150111
W9173_mum                19.69      5.97    0.72765      0.386803      0.051936      0.028090      0.056179
BI22_Bouvetoya           19.85      5.64    0.71452      0.176031      0.050628      0.017857      0.035713
MIAGM13144_Marion_island      19.59      6.28    0.73759      0.565702      0.362399      0.260280      0.520561
CI40_Crozet              19.74      5.87    0.71878      0.094851      0.040017      0.009107      0.018213
KI807_Kergulen           19.38      5.31    0.69298      0.269709      0.325702      0.209250      0.418500
HI9_Heard                19.69      5.10    0.67614      0.421177      0.178548      0.067364      0.134728
MI2254_Macquarie         19.85      5.38    0.69310      0.239003      0.164073      0.107493      0.214987
Population              mean_N    mean_k    mean_He    p_sign_TPM    p_stdv_TPM    p_W_1t_TPM    p_W_2t_TPM
137714_South_Shetlands      20.00      6.21    0.72605      0.434659      0.215228      0.085567      0.171134
W9176_pup                19.64      6.18    0.72328      0.195126      0.312449      0.043731      0.087463
A1072_Bouvetoya          19.79      6.05    0.71170      0.425830      0.198394      0.041373      0.082746
MIAGM13133_Marion_island      19.69      6.26    0.73775      0.316672      0.151844      0.036348      0.072695
CI5_Crozet               19.64      5.69    0.72182      0.012241      0.000790      0.000171      0.000343
KI801_Kergulen           19.74      5.21    0.68303      0.560570      0.355519      0.213269      0.426539
HI9_Heard                19.64      5.13    0.67769      0.335790      0.266973      0.038347      0.076694
MI2255_Macquarie         19.85      5.05    0.65965      0.476295      0.188558      0.104342      0.208685
Population              mean_N    mean_k    mean_He    p_sign_TPM    p_stdv_TPM    p_W_1t_TPM    p_W_2t_TPM
137691_South_Shetlands      19.90      6.31    0.74930      0.313016      0.028115      0.008750      0.017501
W6515/15_pup             19.79      5.79    0.69199      0.455413      0.448864      0.372849      0.745698
A1094_Bouvetoya          19.85      5.90    0.72391      0.388825      0.049786      0.008785      0.017571
MIAGM13140_Marion_island      19.85      6.13    0.73051      0.011732      0.049709      0.010658      0.021316
CI5_Crozet               19.44      5.90    0.71116      0.342874      0.074873      0.018532      0.037064
KI807_Kergulen           19.18      4.90    0.69854      0.002540      0.000816      0.000021      0.000043
HI9_Heard                19.85      5.38    0.67652      0.506035      0.448977      0.443015      0.886029
MI2265_Macquarie         19.90      5.18    0.66509      0.375603      0.199550      0.132257      0.264514
Population              mean_N    mean_k    mean_He    p_sign_TPM    p_stdv_TPM    p_W_1t_TPM    p_W_2t_TPM
137705_South_Shetlands      19.90      6.13    0.72540      0.321066      0.109064      0.083383      0.166766
W9178_mum                19.74      5.85    0.73163      0.008702      0.014468      0.000160      0.000320
BI23_Bouvetoya           19.79      6.10    0.72367      0.037303      0.016401      0.001139      0.002279
MIAGM13066_Marion_island      20.00      6.03    0.73333      0.123874      0.188858      0.092369      0.184738
CI5_Crozet               19.64      5.95    0.72564      0.011461      0.042311      0.002848      0.005696
KI796_Kergulen           19.28      5.41    0.69808      0.263774      0.113615      0.056962      0.113925
HI9_Heard                19.64      4.90    0.66491      0.400087      0.126305      0.092369      0.184738
MI1642_Macquarie         19.90      5.38    0.68691      0.449853      0.418429      0.123475      0.246950
Population              mean_N    mean_k    mean_He    p_sign_TPM    p_stdv_TPM    p_W_1t_TPM    p_W_2t_TPM
137692_South_Shetlands      20.00      6.26    0.74467      0.035545      0.051239      0.017332      0.034665
W5737/38                 19.74      6.23    0.72880      0.070780      0.074715      0.027174      0.054348
A1060_Bouvetoya          19.59      5.51    0.72070      0.032631      0.005524      0.001947      0.003894
MIAGM13133_Marion_island      19.95      5.97    0.72492      0.080036      0.053633      0.007112      0.014224
CI5_Crozet               19.59      5.90    0.71750      0.048357      0.009002      0.000134      0.000269
KI813_Kergulen           19.54      5.41    0.68899      0.393967      0.406309      0.213269      0.426539
HI4_Heard                19.90      5.05    0.68285      0.157444      0.050214      0.022234      0.044469
MI2258_Macquarie         19.85      5.41    0.69207      0.237747      0.086182      0.025616      0.051233
Population              mean_N    mean_k    mean_He    p_sign_TPM    p_stdv_TPM    p_W_1t_TPM    p_W_2t_TPM
137708_South_Shetlands      19.95      6.23    0.73076      0.437368      0.397050      0.283250      0.566500
W9162_pup                19.85      6.05    0.70417      0.503880      0.302174      0.431718      0.863436
BI1_Bouvetoya            19.69      5.77    0.71359      0.271169      0.151521      0.055661      0.111322
MIAGM13144_Marion_island      19.64      6.00    0.72153      0.091623      0.040894      0.012159      0.024319
CI5_Crozet               19.54      5.72    0.71516      0.016374      0.001464      0.000182      0.000364
KI805_Kergulen           19.74      5.23    0.69873      0.035553      0.009475      0.001268      0.002536
HI9_Heard                19.54      5.10    0.67378      0.415232      0.397967      0.264798      0.529596
MI2251_Macquarie         19.90      5.54    0.69864      0.195731      0.168619      0.032005      0.064009
Population              mean_N    mean_k    mean_He    p_sign_TPM    p_stdv_TPM    p_W_1t_TPM    p_W_2t_TPM
137715_South_Shetlands      19.90      5.95    0.72907      0.149825      0.014220      0.002592      0.005184
W6531/31                 19.79      6.18    0.73170      0.517436      0.124579      0.058604      0.117209
BI23_Bouvetoya           19.95      5.72    0.70483      0.355240      0.113494      0.064442      0.128884
MIAGM13127_Marion_island      20.00      6.03    0.71309      0.422085      0.353230      0.138340      0.276680
CI5_Crozet               19.49      5.85    0.72726      0.000621      0.000938      0.000003      0.000007
KI807_Kergulen           19.23      5.05    0.68953      0.020849      0.016924      0.003299      0.006598
HI7_Heard                19.69      5.13    0.67422      0.527501      0.375913      0.094587      0.189174
MI2261_Macquarie         19.95      5.36    0.69679      0.319825      0.273795      0.062607      0.125213
Population              mean_N    mean_k    mean_He    p_sign_TPM    p_stdv_TPM    p_W_1t_TPM    p_W_2t_TPM
137712_South_Shetlands      19.74      6.21    0.73702      0.076301      0.211744      0.071132      0.142264
W6550                    19.79      6.00    0.72444      0.283744      0.277261      0.178699      0.357397
A1050_Bouvetoya          19.85      5.74    0.71569      0.245137      0.101039      0.042210      0.084421
MIAGM13136_Marion_island      19.74      6.21    0.71996      0.360338      0.430802      0.333501      0.667002
CI40_Crozet              19.79      5.85    0.71199      0.111715      0.081902      0.011964      0.023927
KI814_Kergulen           19.79      5.33    0.67373      0.248790      0.449756      0.321856      0.643713
HI5_Heard                19.74      5.26    0.67305      0.280627      0.404170      0.278581      0.557162
MI1680_Macquarie         20.00      5.46    0.67935      0.370975      0.458874      0.460042      0.920085
Population              mean_N    mean_k    mean_He    p_sign_TPM    p_stdv_TPM    p_W_1t_TPM    p_W_2t_TPM
137689_South_Shetlands      19.95      6.28    0.73690      0.274916      0.150653      0.085567      0.171134
W9168_pup                19.59      6.05    0.73332      0.318811      0.084376      0.043731      0.087463
A1098_Bouvetoya          19.85      6.00    0.71375      0.273282      0.182061      0.042210      0.084421
MIAGM13123_Marion_island      19.90      6.03    0.72770      0.558162      0.295031      0.178699      0.357397
CI40_Crozet              19.69      5.92    0.72769      0.000673      0.011961      0.000221      0.000442
KI798_Kergulen           19.69      5.26    0.68178      0.269718      0.436332      0.217332      0.434664
HI4_Heard                19.54      5.13    0.69858      0.527246      0.073013      0.027174      0.054348
MI2270_Macquarie         19.90      5.44    0.68776      0.341746      0.364951      0.182521      0.365043
Population              mean_N    mean_k    mean_He    p_sign_TPM    p_stdv_TPM    p_W_1t_TPM    p_W_2t_TPM
137703_South_Shetlands      19.69      6.44    0.74790      0.336029      0.411715      0.197457      0.394915
W6552                    19.54      6.05    0.73815      0.288758      0.038898      0.009475      0.018950
BI18_Bouvetoya           19.74      5.87    0.70993      0.547344      0.452315      0.371443      0.742885
MIAGM13124_Marion_island      19.90      6.38    0.74799      0.082303      0.259976      0.055356      0.110712
CI5_Crozet               19.69      5.95    0.71974      0.129708      0.033609      0.003800      0.007599
KI794_Kergulen           19.38      5.28    0.70987      0.061400      0.036547      0.022179      0.044358
HI7_Heard                19.74      5.08    0.67786      0.419799      0.244674      0.255802      0.511604
MI2264_Macquarie         19.95      5.51    0.70045      0.370712      0.092888      0.022234      0.044469
Population              mean_N    mean_k    mean_He    p_sign_TPM    p_stdv_TPM    p_W_1t_TPM    p_W_2t_TPM
137692_South_Shetlands      20.00      6.26    0.72537      0.151814      0.252362      0.658075      0.694029
W6510/10                 19.85      6.23    0.72866      0.503503      0.123164      0.047832      0.095663
A1012_Bouvetoya          19.85      5.69    0.70757      0.040067      0.038865      0.003626      0.007252
MIAGM13130_Marion_island      20.00      5.82    0.71269      0.002584      0.007542      0.000221      0.000442
CI5_Crozet               19.54      5.67    0.72445      0.000669      0.000204      0.000001      0.000002
KI806_Kergulen           19.59      5.03    0.68638      0.041904      0.033305      0.015952      0.031905
HI4_Heard                19.85      5.15    0.67819      0.471593      0.176854      0.087792      0.175584
MI2259_Macquarie         20.00      5.23    0.68920      0.071844      0.095333      0.026525      0.053049
Population              mean_N    mean_k    mean_He    p_sign_TPM    p_stdv_TPM    p_W_1t_TPM    p_W_2t_TPM
137716_South_Shetlands      19.79      6.10    0.71859      0.366030      0.175195      0.094587      0.189174
ATP38                    19.64      6.03    0.73444      0.106962      0.030761      0.002044      0.004087
A1100_Bouvetoya          19.74      5.95    0.72264      0.089577      0.052738      0.005471      0.010943
MIAGM13144_Marion_island      19.49      5.79    0.71697      0.077262      0.015611      0.002126      0.004252
CI40_Crozet              19.54      5.74    0.71105      0.179961      0.070142      0.021425      0.042850
KI816_Kergulen           19.54      5.21    0.69130      0.064555      0.054601      0.019980      0.039961
HI4_Heard                19.69      5.21    0.70145      0.174671      0.041556      0.010250      0.020501
MI2270_Macquarie         19.90      5.51    0.68772      0.236173      0.463646      0.140118      0.280235
Population              mean_N    mean_k    mean_He    p_sign_TPM    p_stdv_TPM    p_W_1t_TPM    p_W_2t_TPM
137714_South_Shetlands      19.90      6.15    0.72483      0.411613      0.310885      0.151057      0.302114
W9173_pup                19.79      6.10    0.73133      0.014774      0.143905      0.020692      0.041384
A1025_Bouvetoya          19.85      5.64    0.70491      0.285959      0.128941      0.109741      0.219482
MIAGM13115_Marion_island      19.64      6.38    0.72656      0.433385      0.405699      0.595404      0.819906
CI5_Crozet               19.44      5.85    0.72281      0.000503      0.002882      0.000023      0.000046
KI810_Kergulen           19.49      5.05    0.70048      0.042507      0.005425      0.001922      0.003844
HI7_Heard                19.74      5.33    0.69562      0.361641      0.151420      0.043564      0.087128
MI2262_Macquarie         20.00      5.31    0.68057      0.185305      0.261568      0.126357      0.252714
Population              mean_N    mean_k    mean_He    p_sign_TPM    p_stdv_TPM    p_W_1t_TPM    p_W_2t_TPM
137717_South_Shetlands      19.74      6.36    0.73393      0.433279      0.478268      0.404596      0.809191
W9164_pup                19.74      5.92    0.70051      0.302591      0.288476      0.480745      0.961490
A1071_Bouvetoya          20.00      5.72    0.71404      0.059244      0.059096      0.019289      0.038578
MIAGM13143_Marion_island      19.79      6.21    0.72659      0.123013      0.082048      0.010250      0.020501
CI39_Crozet              19.69      5.62    0.71700      0.002206      0.002154      0.000076      0.000151
KI796_Kergulen           19.28      5.00    0.68019      0.236497      0.051801      0.043564      0.087128
HI7_Heard                19.49      5.08    0.68960      0.430445      0.244932      0.171513      0.343026
MI2261_Macquarie         20.00      4.95    0.65560      0.177310      0.218815      0.070317      0.140633
Population              mean_N    mean_k    mean_He    p_sign_TPM    p_stdv_TPM    p_W_1t_TPM    p_W_2t_TPM
137667_South_Shetlands      19.79      6.31    0.74381      0.425982      0.195027      0.075056      0.150111
W6532/32                 19.79      6.10    0.74099      0.005444      0.049681      0.007442      0.014884
A1051_Bouvetoya          19.95      5.56    0.68271      0.567859      0.296136      0.106608      0.213216
MIAGM13068_Marion_island      19.90      5.95    0.72413      0.220387      0.063274      0.029407      0.058814
CI40_Crozet              19.54      5.79    0.70991      0.059140      0.143324      0.036348      0.072695
KI806_Kergulen           19.33      4.95    0.66587      0.539417      0.254327      0.066318      0.132635
HI7_Heard                19.69      5.21    0.67653      0.241512      0.492563      0.070192      0.140385
MI2267_Macquarie         19.95      5.87    0.70753      0.233194      0.485352      0.190280      0.380559
Population              mean_N    mean_k    mean_He    p_sign_TPM    p_stdv_TPM    p_W_1t_TPM    p_W_2t_TPM
137704_South_Shetlands      19.85      6.31    0.73901      0.431998      0.269915      0.099554      0.199107
W9135_mum                19.69      5.95    0.72641      0.044375      0.028473      0.005471      0.010943
BI5_Bouvetoya            19.79      5.67    0.71516      0.531860      0.147660      0.102190      0.204380
MIAGM13059_Marion_island      19.64      6.08    0.71840      0.286934      0.405821      0.255802      0.511604
CI34_Crozet              19.54      5.64    0.71280      0.000599      0.004605      0.000076      0.000151
KI810_Kergulen           19.33      4.95    0.65990      0.227019      0.165665      0.070192      0.140385
HI5_Heard                19.69      5.08    0.67357      0.155470      0.335224      0.292696      0.585392
MI2250_Macquarie         19.85      5.36    0.69109      0.515995      0.245095      0.193615      0.387231
Population              mean_N    mean_k    mean_He    p_sign_TPM    p_stdv_TPM    p_W_1t_TPM    p_W_2t_TPM
137667_South_Shetlands      19.74      6.13    0.72693      0.308883      0.269201      0.151057      0.302114
W9136_pup                19.54      5.79    0.72245      0.136112      0.116175      0.063749      0.127497
BI17_Bouvetoya           19.44      5.87    0.71274      0.469875      0.234982      0.052419      0.104837
MIAGM13105_Marion_island      20.00      6.26    0.71781      0.455294      0.221254      0.171513      0.343026
CI39_Crozet              19.49      5.62    0.71745      0.000339      0.001565      0.000030      0.000059
KI798_Kergulen           19.69      5.03    0.67568      0.528151      0.090894      0.073074      0.146148
HI9_Heard                19.69      5.10    0.67651      0.291551      0.117831      0.034121      0.068242
MI1675_Macquarie         19.90      5.36    0.68666      0.480840      0.438739      0.236369      0.472737
Population              mean_N    mean_k    mean_He    p_sign_TPM    p_stdv_TPM    p_W_1t_TPM    p_W_2t_TPM
137685_South_Shetlands      19.90      6.46    0.73876      0.463811      0.294871      0.167989      0.335977
W9162_mum                19.69      5.72    0.73431      0.003014      0.001053      0.000037      0.000073
A1085_Bouvetoya          20.00      5.67    0.69325      0.275627      0.232226      0.093284      0.186569
MIAGM13134_Marion_island      19.95      6.15    0.71706      0.140090      0.107615      0.017202      0.034404
CI5_Crozet               19.59      5.90    0.72597      0.061418      0.012919      0.003917      0.007835
KI813_Kergulen           19.54      5.05    0.68062      0.393352      0.113652      0.045069      0.090139
HI4_Heard                19.90      5.31    0.69258      0.292348      0.166456      0.090060      0.180119
MI2264_Macquarie         19.95      5.36    0.67703      0.090538      0.248881      0.627151      0.756177
Population              mean_N    mean_k    mean_He    p_sign_TPM    p_stdv_TPM    p_W_1t_TPM    p_W_2t_TPM
137703_South_Shetlands      19.85      5.97    0.71070      0.327502      0.418142      0.157692      0.315383
W9162_mum                19.90      6.05    0.71355      0.357412      0.144791      0.074235      0.148469
A1050_Bouvetoya          19.85      5.51    0.70321      0.003989      0.007308      0.000957      0.001913
MIAGM13138_Marion_island      19.90      6.13    0.73308      0.284459      0.033092      0.007442      0.014884
CI5_Crozet               19.64      5.69    0.70597      0.040399      0.038311      0.001410      0.002819
KI806_Kergulen           19.23      4.92    0.68853      0.138345      0.012646      0.003626      0.007252
HI9_Heard                19.79      5.15    0.68119      0.137378      0.461252      0.415327      0.830654
MI2261_Macquarie         19.90      5.21    0.69013      0.169734      0.036294      0.018851      0.037703
Population              mean_N    mean_k    mean_He    p_sign_TPM    p_stdv_TPM    p_W_1t_TPM    p_W_2t_TPM
137701_South_Shetlands      19.90      6.15    0.72358      0.435296      0.367448      0.201344      0.402688
W9171_mum                19.74      6.03    0.71869      0.451389      0.419927      0.073074      0.146148
A1081_Bouvetoya          19.85      5.59    0.68550      0.462855      0.337228      0.218952      0.437905
MIAGM13134_Marion_island      19.95      6.13    0.71533      0.103049      0.180864      0.042761      0.085522
CI5_Crozet               19.54      5.67    0.70899      0.079562      0.014310      0.000342      0.000683
KI805_Kergulen           19.49      5.33    0.69964      0.187932      0.095497      0.094721      0.189442
HI9_Heard                19.74      5.21    0.67418      0.267064      0.332227      0.217332      0.434664
MI2270_Macquarie         19.90      5.28    0.68820      0.252910      0.070469      0.028338      0.056677
Population              mean_N    mean_k    mean_He    p_sign_TPM    p_stdv_TPM    p_W_1t_TPM    p_W_2t_TPM
137704_South_Shetlands      19.79      6.21    0.73651      0.448790      0.299795      0.092369      0.184738
W6516/16_pup             19.74      5.92    0.71036      0.311529      0.321372      0.104560      0.209119
BI21_Bouvetoya           19.79      5.92    0.72143      0.093650      0.060604      0.011685      0.023371
MIAGM13117_Marion_island      19.69      6.13    0.73425      0.047706      0.046572      0.015952      0.031905
CI5_Crozet               19.38      5.67    0.71390      0.001207      0.001331      0.000012      0.000024
KI807_Kergulen           19.64      5.03    0.70846      0.000507      0.000506      0.000010      0.000020
HI9_Heard                19.74      5.31    0.68026      0.334457      0.453801      0.524750      0.961490
MI2252_Macquarie         19.85      5.23    0.70147      0.052133      0.030082      0.010658      0.021316
Population              mean_N    mean_k    mean_He    p_sign_TPM    p_stdv_TPM    p_W_1t_TPM    p_W_2t_TPM
137689_South_Shetlands      19.95      6.46    0.74013      0.421258      0.279761      0.077077      0.154154
W6548                    19.54      5.95    0.72771      0.118922      0.070042      0.019289      0.038578
BI25_Bouvetoya           19.90      5.85    0.70684      0.342657      0.426490      0.287868      0.575736
MIAGM13130_Marion_island      19.95      6.05    0.71351      0.183792      0.095336      0.039904      0.079809
CI39_Crozet              19.59      5.82    0.72276      0.003900      0.000641      0.000003      0.000006
KI816_Kergulen           19.49      5.21    0.68824      0.299833      0.099396      0.065537      0.131075
HI9_Heard                19.69      5.00    0.67248      0.292706      0.267423      0.221438      0.442876
MI2269_Macquarie         19.85      5.46    0.69329      0.169264      0.273515      0.135276      0.270551
Population              mean_N    mean_k    mean_He    p_sign_TPM    p_stdv_TPM    p_W_1t_TPM    p_W_2t_TPM
137708_South_Shetlands      19.85      6.33    0.73108      0.391123      0.455772      0.278132      0.556265
W6511/11_pup             19.79      5.79    0.70558      0.546345      0.444550      0.151057      0.302114
BI6_Bouvetoya            19.74      5.77    0.70782      0.234503      0.064972      0.023876      0.047753
MIAGM13128_Marion_island      19.85      6.18    0.73811      0.192081      0.021285      0.006853      0.013707
CI34_Crozet              19.59      5.64    0.71138      0.000156      0.004665      0.000006      0.000012
KI816_Kergulen           19.69      5.18    0.69302      0.004129      0.004028      0.000818      0.001635
HI9_Heard                19.59      5.18    0.68122      0.281004      0.243008      0.115100      0.230200
MI2262_Macquarie         20.00      5.54    0.69055      0.147533      0.306574      0.546675      0.917591
Population              mean_N    mean_k    mean_He    p_sign_TPM    p_stdv_TPM    p_W_1t_TPM    p_W_2t_TPM
137711_South_Shetlands      19.90      6.44    0.74613      0.001988      0.036121      0.000471      0.000943
W9176_pup                19.85      6.18    0.74431      0.067888      0.022132      0.004474      0.008947
A1089_Bouvetoya          19.85      5.92    0.70925      0.487053      0.105278      0.057339      0.114678
MIAGM13121_Marion_island      20.00      5.97    0.70985      0.527630      0.236304      0.121590      0.243181
CI5_Crozet               19.59      5.82    0.71609      0.033668      0.027484      0.019229      0.038457
KI805_Kergulen           19.64      5.33    0.69668      0.185257      0.070663      0.055356      0.110712
HI7_Heard                19.59      5.13    0.68423      0.462854      0.352696      0.161078      0.322156
MI2270_Macquarie         19.74      5.36    0.69697      0.137819      0.055907      0.030422      0.060845
Population              mean_N    mean_k    mean_He    p_sign_TPM    p_stdv_TPM    p_W_1t_TPM    p_W_2t_TPM
137715_South_Shetlands      19.90      6.69    0.74814      0.123622      0.286960      0.063749      0.127497
W6538                    19.85      5.95    0.70239      0.157696      0.414159      0.500000      1.000000
A1058_Bouvetoya          19.90      5.90    0.70557      0.250405      0.107585      0.028419      0.056839
MIAGM13135_Marion_island      19.85      5.87    0.71252      0.435399      0.144496      0.094721      0.189442
CI39_Crozet              19.79      5.77    0.71527      0.027397      0.021312      0.002594      0.005187
KI30_Kergulen            19.18      5.46    0.70478      0.186281      0.085672      0.027174      0.054348
HI7_Heard                19.64      4.90    0.67249      0.038711      0.017818      0.001735      0.003471
MI1663_Macquarie         20.00      5.46    0.67854      0.383079      0.313047      0.344010      0.688020
Population              mean_N    mean_k    mean_He    p_sign_TPM    p_stdv_TPM    p_W_1t_TPM    p_W_2t_TPM
137722_South_Shetlands      19.85      6.10    0.71488      0.356463      0.097390      0.042210      0.084421
W9174_pup                19.74      6.03    0.70877      0.444518      0.402223      0.202281      0.404563
BI7_Bouvetoya            19.74      5.56    0.70388      0.388096      0.163286      0.040890      0.081780
MIAGM13142_Marion_island      19.95      6.18    0.71334      0.524102      0.306299      0.175083      0.350166
CI5_Crozet               19.44      5.79    0.71943      0.039592      0.002014      0.000061      0.000122
KI802_Kergulen           19.64      5.03    0.68687      0.292283      0.065432      0.085567      0.171134
HI5_Heard                19.90      5.21    0.67138      0.289124      0.390217      0.307127      0.614255
MI2269_Macquarie         19.79      5.49    0.70864      0.340379      0.037757      0.006245      0.012491
Population              mean_N    mean_k    mean_He    p_sign_TPM    p_stdv_TPM    p_W_1t_TPM    p_W_2t_TPM
137646_South_Shetlands      19.90      6.10    0.72142      0.012432      0.152524      0.010658      0.021316
W9138_pup                19.85      6.13    0.72342      0.166328      0.404357      0.085095      0.170191
A1070_Bouvetoya          19.74      5.72    0.69480      0.414130      0.409109      0.205275      0.410550
MIAGM13123_Marion_island      20.00      5.82    0.71350      0.221740      0.081773      0.039602      0.079205
CI34_Crozet              19.54      5.41    0.70697      0.002082      0.002668      0.000039      0.000079
KI814_Kergulen           19.49      5.31    0.70333      0.198751      0.022025      0.020692      0.041384
HI9_Heard                19.85      5.36    0.68749      0.528312      0.178955      0.046374      0.092749
MI2252_Macquarie         19.95      5.31    0.67474      0.524082      0.240836      0.349309      0.698618
Population              mean_N    mean_k    mean_He    p_sign_TPM    p_stdv_TPM    p_W_1t_TPM    p_W_2t_TPM
137717_South_Shetlands      20.00      6.41    0.74345      0.410781      0.212730      0.087792      0.175584
ATF35                    19.85      5.59    0.70993      0.091449      0.037122      0.007112      0.014224
A1054_Bouvetoya          19.85      5.72    0.70544      0.414251      0.127999      0.068277      0.136554
MIAGM13143_Marion_island      20.00      6.13    0.72483      0.051408      0.056545      0.006245      0.012491
CI5_Crozet               19.59      5.72    0.71163      0.083341      0.007923      0.000232      0.000463
KI801_Kergulen           19.64      5.36    0.68123      0.347252      0.325749      0.163985      0.327971
HI4_Heard                19.74      5.36    0.69578      0.060640      0.054042      0.014983      0.029967
MI2264_Macquarie         19.95      5.46    0.69223      0.341670      0.137374      0.054021      0.108042
Population              mean_N    mean_k    mean_He    p_sign_TPM    p_stdv_TPM    p_W_1t_TPM    p_W_2t_TPM
137715_South_Shetlands      19.54      6.59    0.73804      0.280558      0.331824      0.107128      0.214257
W6756                    19.69      5.64    0.70907      0.558976      0.266007      0.144607      0.289213
A1041_Bouvetoya          20.00      5.67    0.71120      0.041382      0.009641      0.000867      0.001734
MIAGM13142_Marion_island      19.90      5.79    0.70921      0.431423      0.145876      0.079138      0.158277
CI5_Crozet               19.64      5.85    0.71212      0.036854      0.107096      0.010356      0.020712
KI814_Kergulen           19.38      5.08    0.67184      0.394344      0.436487      0.242606      0.485211
HI9_Heard                19.64      4.95    0.66603      0.279676      0.147835      0.050746      0.101491
MI2270_Macquarie         19.90      5.54    0.69969      0.426410      0.165452      0.077077      0.154154
Population              mean_N    mean_k    mean_He    p_sign_TPM    p_stdv_TPM    p_W_1t_TPM    p_W_2t_TPM
137704_South_Shetlands      19.79      5.95    0.72616      0.440937      0.206255      0.041149      0.082299
W9137_mum                19.79      5.97    0.70603      0.333318      0.230971      0.632367      0.745698
A1099_Bouvetoya          19.74      5.82    0.70469      0.507215      0.375750      0.218952      0.437905
MIAGM13123_Marion_island      19.90      5.97    0.71942      0.024891      0.058581      0.013749      0.027497
CI40_Crozet              19.95      5.85    0.72186      0.052462      0.004664      0.001681      0.003361
KI813_Kergulen           19.64      5.41    0.70325      0.030247      0.076285      0.011079      0.022158
HI9_Heard                19.90      5.21    0.69361      0.055548      0.031693      0.014983      0.029967
MI2258_Macquarie         20.00      5.46    0.68812      0.356459      0.272768      0.287868      0.575736
Population              mean_N    mean_k    mean_He    p_sign_TPM    p_stdv_TPM    p_W_1t_TPM    p_W_2t_TPM
137723_South_Shetlands      19.79      6.21    0.73418      0.287658      0.093256      0.042425      0.084850
ATF36                    19.79      5.79    0.72143      0.292460      0.225979      0.065537      0.131075
A1049_Bouvetoya          19.95      5.46    0.70028      0.068720      0.021131      0.007112      0.014224
MIAGM13138_Marion_island      20.00      5.85    0.72524      0.002309      0.006381      0.000042      0.000085
CI5_Crozet               19.69      5.82    0.71958      0.022615      0.011215      0.000658      0.001317
KI807_Kergulen           19.44      4.92    0.67472      0.127532      0.090799      0.025616      0.051233
HI4_Heard                19.85      5.41    0.69883      0.456466      0.248917      0.164510      0.329021
MI2267_Macquarie         19.79      5.23    0.69214      0.147957      0.084963      0.015356      0.030713
Population              mean_N    mean_k    mean_He    p_sign_TPM    p_stdv_TPM    p_W_1t_TPM    p_W_2t_TPM
137719_South_Shetlands      19.95      6.26    0.73158      0.113836      0.235139      0.029030      0.058060
W6550                    19.79      5.87    0.71023      0.330102      0.119064      0.078448      0.156895
A1059_Bouvetoya          19.95      5.64    0.71119      0.330066      0.054329      0.016132      0.032265
MIAGM13135_Marion_island      19.79      6.00    0.71610      0.305304      0.246842      0.115100      0.230200
CI5_Crozet               19.64      5.95    0.71760      0.138055      0.026897      0.001486      0.002971
KI816_Kergulen           19.33      5.26    0.68692      0.272337      0.036028      0.029030      0.058060
HI5_Heard                19.79      5.33    0.69311      0.475137      0.313352      0.156918      0.313835
MI2269_Macquarie         19.85      5.46    0.69949      0.202495      0.159511      0.042425      0.084850
Population              mean_N    mean_k    mean_He    p_sign_TPM    p_stdv_TPM    p_W_1t_TPM    p_W_2t_TPM
137652_South_Shetlands      19.90      6.36    0.73391      0.303254      0.299742      0.524750      0.961490
W6537/37_FWB_pup         19.79      6.00    0.72663      0.380758      0.179424      0.020686      0.041373
BI8_Bouvetoya            19.85      5.64    0.72037      0.064222      0.055125      0.052248      0.104496
MIAGM13141_Marion_island      19.79      5.95    0.71843      0.150634      0.130405      0.087400      0.174800
CI5_Crozet               19.54      5.85    0.72859      0.000739      0.003307      0.000010      0.000021
KI816_Kergulen           19.38      5.23    0.69182      0.475758      0.092054      0.056962      0.113925
HI7_Heard                19.59      5.36    0.70375      0.204509      0.113021      0.011964      0.023927
MI2252_Macquarie         19.85      5.13    0.66814      0.336140      0.475743      0.297472      0.594945
Population              mean_N    mean_k    mean_He    p_sign_TPM    p_stdv_TPM    p_W_1t_TPM    p_W_2t_TPM
137706_South_Shetlands      19.85      6.41    0.74075      0.342128      0.135185      0.073074      0.146148
W6701_pup                19.74      5.87    0.72669      0.110156      0.074007      0.012907      0.025814
A1034_Bouvetoya          19.90      5.46    0.72060      0.001383      0.000986      0.000375      0.000749
MIAGM13130_Marion_island      19.95      6.08    0.71963      0.548816      0.169014      0.097116      0.194231
CI5_Crozet               19.79      5.79    0.72236      0.005057      0.001115      0.000066      0.000131
KI814_Kergulen           19.69      5.31    0.69212      0.184207      0.057718      0.049277      0.098554
HI7_Heard                19.59      5.28    0.69205      0.283369      0.349680      0.164510      0.329021
MI2264_Macquarie         19.85      5.54    0.69507      0.538578      0.413320      0.372849      0.745698
Population              mean_N    mean_k    mean_He    p_sign_TPM    p_stdv_TPM    p_W_1t_TPM    p_W_2t_TPM
137702_South_Shetlands      19.85      6.21    0.73849      0.127618      0.134414      0.037504      0.075008
W9168_pup                19.95      6.05    0.72241      0.419723      0.221138      0.097116      0.194231
A1044_Bouvetoya          19.90      5.97    0.71873      0.194919      0.140401      0.073074      0.146148
MIAGM13139_Marion_island      19.90      6.10    0.71905      0.004338      0.018552      0.000957      0.001913
CI5_Crozet               19.64      5.74    0.72403      0.002910      0.002950      0.000160      0.000320
KI798_Kergulen           19.79      5.31    0.69428      0.053299      0.099191      0.032005      0.064009
HI9_Heard                19.85      5.26    0.68309      0.220169      0.120736      0.076320      0.152639
MI1665_Macquarie         19.95      5.51    0.68149      0.443165      0.482719      0.302759      0.605517
Population              mean_N    mean_k    mean_He    p_sign_TPM    p_stdv_TPM    p_W_1t_TPM    p_W_2t_TPM
137707_South_Shetlands      19.79      6.08    0.71549      0.299543      0.488902      0.307127      0.614255
W12                      19.90      6.10    0.73041      0.113594      0.104603      0.061997      0.123994
A1063_Bouvetoya          19.69      5.97    0.72052      0.531865      0.488933      0.316915      0.633830
MIAGM13111_Marion_island      20.00      5.74    0.70513      0.211470      0.221475      0.064442      0.128884
CI5_Crozet               19.44      5.79    0.71075      0.008203      0.007819      0.000282      0.000564
KI805_Kergulen           19.49      5.26    0.69792      0.227384      0.110961      0.057339      0.114678
HI5_Heard                19.69      5.38    0.68139      0.142891      0.433920      0.458796      0.917591
MI2270_Macquarie         19.90      5.41    0.69346      0.300389      0.074899      0.021131      0.042262
Population              mean_N    mean_k    mean_He    p_sign_TPM    p_stdv_TPM    p_W_1t_TPM    p_W_2t_TPM
137694_South_Shetlands      19.90      6.18    0.71420      0.560832      0.468077      0.246964      0.493928
W9167_mum                19.69      6.08    0.72367      0.150924      0.038869      0.010784      0.021568
A1085_Bouvetoya          19.69      5.56    0.70739      0.143709      0.072208      0.015356      0.030713
MIAGM13067_Marion_island      19.95      6.00    0.72594      0.050696      0.011873      0.002594      0.005187
CI5_Crozet               19.49      5.72    0.71576      0.110260      0.003607      0.000232      0.000463
KI807_Kergulen           19.69      5.18    0.69993      0.034205      0.041530      0.012428      0.024856
HI27_Heard               19.85      5.23    0.67617      0.079713      0.055902      0.005978      0.011955
MI2262_Macquarie         19.90      5.26    0.68234      0.424084      0.307144      0.236726      0.473451
Population              mean_N    mean_k    mean_He    p_sign_TPM    p_stdv_TPM    p_W_1t_TPM    p_W_2t_TPM
137723_South_Shetlands      19.79      6.23    0.72790      0.447143      0.441104      0.161078      0.322156
AGP96018                 19.69      6.18    0.72621      0.199240      0.497850      0.161078      0.322156
BI17_Bouvetoya           19.90      5.69    0.70914      0.270429      0.105532      0.026283      0.052567
MIAGM13069_Marion_island      19.90      6.21    0.70252      0.134303      0.333288      0.523770      0.964336
CI38_Crozet              19.69      5.82    0.72216      0.014423      0.004934      0.000251      0.000501
KI810_Kergulen           19.44      5.21    0.68000      0.434470      0.188002      0.042210      0.084421
HI9_Heard                19.79      5.33    0.68095      0.558009      0.453792      0.165413      0.330826
MI2265_Macquarie         19.79      5.18    0.69416      0.405307      0.072352      0.058604      0.117209
Population              mean_N    mean_k    mean_He    p_sign_TPM    p_stdv_TPM    p_W_1t_TPM    p_W_2t_TPM
137719_South_Shetlands      19.69      6.10    0.72610      0.069343      0.150924      0.075056      0.150111
ATP29                    19.64      5.85    0.70798      0.154892      0.162257      0.017857      0.035713
BI5_Bouvetoya            19.79      5.95    0.72097      0.002172      0.025957      0.002857      0.005714
MIAGM13106_Marion_island      19.90      5.64    0.72486      0.027937      0.011934      0.001064      0.002129
CI40_Crozet              19.69      5.77    0.71752      0.014028      0.013511      0.000435      0.000870
KI816_Kergulen           19.38      5.31    0.69239      0.077827      0.058928      0.014779      0.029559
HI9_Heard                19.74      5.18    0.68318      0.510853      0.334165      0.140118      0.280235
MI1667_Macquarie         20.00      5.38    0.70189      0.406480      0.084361      0.075056      0.150111
Population              mean_N    mean_k    mean_He    p_sign_TPM    p_stdv_TPM    p_W_1t_TPM    p_W_2t_TPM
137695_South_Shetlands      19.90      6.49    0.74862      0.139541      0.193010      0.037504      0.075008
W6537/37_FWB_pup         19.74      6.10    0.72401      0.404879      0.109354      0.049277      0.098554
A1063_Bouvetoya          19.74      5.79    0.71211      0.454933      0.467527      0.260280      0.520561
MIAGM13141_Marion_island      19.74      6.10    0.73843      0.063883      0.045010      0.003917      0.007835
CI40_Crozet              19.59      5.97    0.72756      0.009556      0.025688      0.000734      0.001468
KI813_Kergulen           19.64      5.44    0.72852      0.003415      0.001349      0.000008      0.000016
HI5_Heard                19.64      5.21    0.68437      0.232156      0.132710      0.035932      0.071863
MI2265_Macquarie         19.85      5.54    0.68727      0.024981      0.066206      0.010732      0.021463
Population              mean_N    mean_k    mean_He    p_sign_TPM    p_stdv_TPM    p_W_1t_TPM    p_W_2t_TPM
137710_South_Shetlands      19.90      6.38    0.73543      0.208108      0.083597      0.017332      0.034665
W9171_mum                19.69      5.82    0.72284      0.112711      0.145011      0.087792      0.175584
A1028_Bouvetoya          19.95      5.87    0.71478      0.356469      0.138832      0.037124      0.074247
MIAGM13111_Marion_island      19.90      6.08    0.73146      0.052138      0.019953      0.003422      0.006844
CI5_Crozet               19.64      5.85    0.72094      0.001900      0.003942      0.000171      0.000341
KI814_Kergulen           19.54      5.54    0.70688      0.005890      0.100772      0.008074      0.016147
HI5_Heard                19.59      4.97    0.67393      0.542248      0.254060      0.132257      0.264514
MI2262_Macquarie         19.95      5.13    0.69082      0.151799      0.023773      0.003145      0.006291
Population              mean_N    mean_k    mean_He    p_sign_TPM    p_stdv_TPM    p_W_1t_TPM    p_W_2t_TPM
137719_South_Shetlands      19.95      6.23    0.71778      0.262521      0.443079      0.218952      0.437905
W04                      19.59      6.10    0.73981      0.114453      0.178398      0.028090      0.056179
BI5_Bouvetoya            19.85      5.85    0.71906      0.027722      0.028364      0.003422      0.006844
MIAGM13117_Marion_island      19.95      5.97    0.72468      0.108683      0.030902      0.009475      0.018950
CI5_Crozet               19.44      5.54    0.70788      0.004168      0.005926      0.000082      0.000163
KI812_Kergulen           19.23      5.15    0.68758      0.317362      0.152645      0.046374      0.092749
HI9_Heard                19.59      5.28    0.68058      0.327617      0.473047      0.352130      0.704261
MI2251_Macquarie         19.79      5.26    0.69813      0.041089      0.045796      0.007112      0.014224
Population              mean_N    mean_k    mean_He    p_sign_TPM    p_stdv_TPM    p_W_1t_TPM    p_W_2t_TPM
137717_South_Shetlands      19.95      6.03    0.73201      0.193683      0.252677      0.073074      0.146148
W6548                    19.95      6.03    0.71430      0.490477      0.276909      0.068234      0.136468
A1051_Bouvetoya          19.95      5.59    0.70133      0.114497      0.011961      0.000903      0.001807
MIAGM13128_Marion_island      20.00      6.08    0.71646      0.151374      0.115796      0.010784      0.021568
CI39_Crozet              19.59      5.72    0.71237      0.081175      0.011097      0.000302      0.000604
KI813_Kergulen           19.38      5.15    0.70334      0.121135      0.017329      0.010250      0.020501
HI4_Heard                19.69      5.38    0.69669      0.195972      0.183894      0.083383      0.166766
MI2256_Macquarie         19.95      5.41    0.68867      0.176358      0.082103      0.048683      0.097367
Population              mean_N    mean_k    mean_He    p_sign_TPM    p_stdv_TPM    p_W_1t_TPM    p_W_2t_TPM
137715_South_Shetlands      19.90      6.23    0.71944      0.425361      0.454067      0.283250      0.566500
W9167_pup                19.95      6.00    0.71999      0.517442      0.040915      0.014221      0.028441
BI10_Bouvetoya           19.95      5.97    0.71356      0.206596      0.168078      0.147809      0.295618
MIAGM13126_Marion_island      19.79      5.95    0.72341      0.293775      0.191878      0.123475      0.246950
CI5_Crozet               19.59      5.90    0.71339      0.128163      0.056710      0.012907      0.025814
KI794_Kergulen           19.23      5.23    0.69924      0.035116      0.025435      0.001648      0.003296
HI9_Heard                19.59      5.41    0.68197      0.541439      0.414127      0.273949      0.547898
MI2270_Macquarie         19.95      5.74    0.69789      0.198274      0.376276      0.167989      0.335977
Population              mean_N    mean_k    mean_He    p_sign_TPM    p_stdv_TPM    p_W_1t_TPM    p_W_2t_TPM
137687_South_Shetlands      19.85      6.03    0.73498      0.471039      0.428955      0.157692      0.315383
W9133_mum                19.69      6.05    0.74001      0.016000      0.037198      0.008406      0.016812
BI8_Bouvetoya            19.90      5.72    0.70081      0.183411      0.252082      0.072401      0.144803
MIAGM13125_Marion_island      19.95      6.05    0.72704      0.087678      0.041116      0.000968      0.001936
CI5_Crozet               19.69      5.87    0.72333      0.016260      0.011778      0.000342      0.000683
KI812_Kergulen           19.28      5.13    0.70899      0.036467      0.002602      0.000235      0.000470
HI9_Heard                19.69      5.26    0.68269      0.270602      0.164500      0.070192      0.140385
MI2259_Macquarie         19.90      5.54    0.69498      0.220086      0.151630      0.104818      0.209636
Population              mean_N    mean_k    mean_He    p_sign_TPM    p_stdv_TPM    p_W_1t_TPM    p_W_2t_TPM
137712_South_Shetlands      19.74      6.23    0.73266      0.041919      0.227666      0.026283      0.052567
W9133_pup                19.59      5.92    0.72702      0.257455      0.019576      0.001922      0.003844
A1072_Bouvetoya          19.85      5.74    0.70349      0.453917      0.109103      0.052419      0.104837
MIAGM13123_Marion_island      20.00      5.87    0.72119      0.114564      0.037557      0.005795      0.011591
CI5_Crozet               19.44      5.64    0.70979      0.000647      0.008410      0.000100      0.000200
KI807_Kergulen           19.44      5.28    0.70318      0.409544      0.195316      0.126357      0.252714
HI9_Heard                19.74      5.26    0.68017      0.536222      0.275596      0.154351      0.308703
MI1675_Macquarie         19.95      5.51    0.68566      0.449829      0.455221      0.180834      0.361668
Population              mean_N    mean_k    mean_He    p_sign_TPM    p_stdv_TPM    p_W_1t_TPM    p_W_2t_TPM
137719_South_Shetlands      19.85      6.26    0.74321      0.330226      0.094918      0.032005      0.064009
W6537                    19.90      5.97    0.72438      0.079609      0.060925      0.029407      0.058814
A1071_Bouvetoya          19.85      5.82    0.70612      0.359787      0.198391      0.097075      0.194150
MIAGM13143_Marion_island      20.00      5.90    0.71727      0.295628      0.084453      0.013402      0.026804
CI40_Crozet              19.69      5.95    0.72926      0.000384      0.002768      0.000010      0.000020
KI814_Kergulen           19.49      5.33    0.69418      0.037638      0.028903      0.012159      0.024319
HI9_Heard                19.85      5.10    0.67433      0.241243      0.211944      0.070192      0.140385
MI2249_Macquarie         19.95      5.44    0.69553      0.555765      0.360615      0.246964      0.493928
