Population              mean_N    mean_k    mean_He    p_sign_TPM    p_stdv_TPM    p_W_1t_TPM    p_W_2t_TPM
137703_South_Shetlands      19.74      6.21    0.73897      0.128338      0.053050      0.007752      0.015505
W6558                    20.00      6.18    0.71134      0.262831      0.375337      0.259146      0.518291
BI22_Bouvetoya           19.95      5.90    0.70326      0.345783      0.168359      0.059056      0.118111
MIAGM13137_Marion_island      19.69      6.26    0.73783      0.203109      0.166719      0.085567      0.171134
CI5_Crozet               19.54      5.74    0.71852      0.000429      0.003254      0.000030      0.000059
KI814_Kergulen           19.59      5.51    0.70980      0.161852      0.023092      0.006812      0.013624
HI5_Heard                19.85      5.31    0.68662      0.549268      0.136022      0.087400      0.174800
MI2251_Macquarie         19.90      4.92    0.67539      0.112155      0.074614      0.060283      0.120565
Population              mean_N    mean_k    mean_He    p_sign_TPM    p_stdv_TPM    p_W_1t_TPM    p_W_2t_TPM
137707_South_Shetlands      19.74      6.21    0.73327      0.440188      0.437047      0.213269      0.426539
W6701_pup                19.90      5.97    0.72906      0.007062      0.002059      0.000087      0.000174
BI6_Bouvetoya            19.90      5.44    0.71975      0.014148      0.004824      0.003746      0.007492
MIAGM13115_Marion_island      19.85      6.26    0.72767      0.377010      0.128107      0.054021      0.108042
CI5_Crozet               19.44      5.74    0.72662      0.000143      0.000064      0.000000      0.000000
KI816_Kergulen           19.49      5.13    0.68771      0.078639      0.040326      0.013156      0.026312
HI9_Heard                19.74      5.33    0.69545      0.493531      0.156551      0.062607      0.125213
MI2269_Macquarie         19.90      5.62    0.70834      0.114953      0.078889      0.007442      0.014884
Population              mean_N    mean_k    mean_He    p_sign_TPM    p_stdv_TPM    p_W_1t_TPM    p_W_2t_TPM
137718_South_Shetlands      20.00      6.38    0.73482      0.063296      0.090772      0.018617      0.037235
W9138_pup                19.74      6.13    0.72052      0.285758      0.442767      0.283250      0.566500
A1077_Bouvetoya          19.79      5.56    0.70481      0.011530      0.021496      0.000282      0.000564
MIAGM13136_Marion_island      19.90      5.87    0.71620      0.047181      0.049424      0.002592      0.005184
CI5_Crozet               19.33      5.62    0.71096      0.002748      0.010160      0.000160      0.000320
KI802_Kergulen           19.44      5.13    0.67098      0.450617      0.441652      0.388632      0.777263
HI7_Heard                19.59      4.97    0.66957      0.522543      0.325306      0.171513      0.343026
MI2254_Macquarie         19.85      5.69    0.70839      0.530253      0.416917      0.197457      0.394915
Population              mean_N    mean_k    mean_He    p_sign_TPM    p_stdv_TPM    p_W_1t_TPM    p_W_2t_TPM
137719_South_Shetlands      19.95      6.26    0.72996      0.450878      0.356520      0.171513      0.343026
W6542/42_pup             19.74      6.00    0.71269      0.241409      0.131088      0.017857      0.035713
BI22_Bouvetoya           19.90      5.77    0.70962      0.262821      0.181041      0.083383      0.166766
MIAGM13107_Marion_island      19.85      6.15    0.73096      0.207466      0.040314      0.009049      0.018098
CI40_Crozet              19.79      5.79    0.70618      0.361037      0.129936      0.025616      0.051233
KI816_Kergulen           19.54      5.28    0.69958      0.015604      0.048298      0.008406      0.016812
HI9_Heard                19.79      5.44    0.69339      0.282002      0.203854      0.112398      0.224797
MI2249_Macquarie         19.90      5.41    0.69663      0.138587      0.056252      0.012649      0.025299
Population              mean_N    mean_k    mean_He    p_sign_TPM    p_stdv_TPM    p_W_1t_TPM    p_W_2t_TPM
137643_South_Shetlands      20.00      6.33    0.72996      0.009761      0.087514      0.007112      0.014224
W9165_mum                19.95      6.00    0.71701      0.283076      0.195124      0.043731      0.087463
BI23_Bouvetoya           19.74      5.69    0.71313      0.272041      0.100767      0.081240      0.162480
MIAGM13144_Marion_island      19.74      6.00    0.72362      0.078326      0.067735      0.010784      0.021568
CI39_Crozet              19.69      5.67    0.71724      0.011624      0.006262      0.000775      0.001550
KI4_Kergulen             19.38      5.64    0.70004      0.277411      0.160527      0.118191      0.236383
HI9_Heard                19.90      5.05    0.67630      0.024926      0.061438      0.052248      0.104496
MI2251_Macquarie         20.00      5.64    0.70175      0.400874      0.375295      0.273949      0.547898
Population              mean_N    mean_k    mean_He    p_sign_TPM    p_stdv_TPM    p_W_1t_TPM    p_W_2t_TPM
137723_South_Shetlands      19.79      6.46    0.74347      0.446483      0.268853      0.071132      0.142264
W9162_pup                19.54      5.92    0.71234      0.543049      0.167564      0.050259      0.100519
A1098_Bouvetoya          19.85      6.00    0.71430      0.277778      0.159915      0.077077      0.154154
MIAGM13142_Marion_island      19.95      6.21    0.71336      0.485892      0.130477      0.070192      0.140385
CI5_Crozet               19.38      5.74    0.71202      0.012072      0.030822      0.022955      0.045909
KI813_Kergulen           19.59      5.23    0.69594      0.256885      0.025547      0.017202      0.034404
HI36_Heard               19.64      5.28    0.67577      0.548604      0.375438      0.251363      0.502726
MI2269_Macquarie         19.90      5.23    0.68143      0.536884      0.271057      0.132257      0.264514
Population              mean_N    mean_k    mean_He    p_sign_TPM    p_stdv_TPM    p_W_1t_TPM    p_W_2t_TPM
137695_South_Shetlands      19.90      6.51    0.73976      0.525449      0.362209      0.475250      0.950500
W9136_pup                19.95      6.28    0.73964      0.110088      0.127272      0.061997      0.123994
A1094_Bouvetoya          19.95      5.92    0.69766      0.401040      0.232949      0.494283      0.988565
MIAGM13127_Marion_island      19.90      5.90    0.70634      0.284373      0.082158      0.041373      0.082746
CI5_Crozet               19.54      5.85    0.71395      0.013765      0.017633      0.000916      0.001833
KI816_Kergulen           19.13      5.03    0.67866      0.054950      0.029996      0.005793      0.011587
HI4_Heard                19.64      5.36    0.69041      0.412865      0.443441      0.246964      0.493928
MI1685_Macquarie         19.79      5.33    0.69584      0.215740      0.141853      0.028419      0.056839
Population              mean_N    mean_k    mean_He    p_sign_TPM    p_stdv_TPM    p_W_1t_TPM    p_W_2t_TPM
137719_South_Shetlands      19.74      6.15    0.71778      0.532852      0.485611      0.341925      0.683851
W6531/31_pup             19.64      6.31    0.75646      0.029477      0.037602      0.001010      0.002021
BI21_Bouvetoya           19.85      5.67    0.69948      0.335539      0.081209      0.037124      0.074247
MIAGM13144_Marion_island      19.74      5.85    0.70670      0.261135      0.353302      0.112987      0.225975
CI40_Crozet              19.69      5.90    0.71993      0.011992      0.020388      0.003917      0.007835
KI816_Kergulen           19.33      5.51    0.69152      0.509871      0.291326      0.524750      0.961490
HI7_Heard                19.79      5.31    0.69628      0.315856      0.233986      0.090060      0.180119
MI2256_Macquarie         19.85      5.21    0.67259      0.332517      0.326114      0.154410      0.308820
Population              mean_N    mean_k    mean_He    p_sign_TPM    p_stdv_TPM    p_W_1t_TPM    p_W_2t_TPM
137693_South_Shetlands      19.90      6.26    0.72280      0.290878      0.110466      0.431538      0.863076
W9176_pup                19.59      6.21    0.73527      0.116141      0.153425      0.090060      0.180119
A1010_Bouvetoya          19.85      5.74    0.69843      0.208245      0.346798      0.107128      0.214257
MIAGM13121_Marion_island      20.00      5.97    0.71592      0.265834      0.069021      0.017857      0.035713
CI5_Crozet               19.54      5.72    0.71408      0.040808      0.012215      0.000042      0.000085
KI814_Kergulen           19.59      5.31    0.68393      0.061128      0.028730      0.003329      0.006657
HI9_Heard                19.59      5.26    0.68178      0.434182      0.208413      0.067364      0.134728
MI2269_Macquarie         19.85      5.74    0.70243      0.187278      0.344128      0.115100      0.230200
Population              mean_N    mean_k    mean_He    p_sign_TPM    p_stdv_TPM    p_W_1t_TPM    p_W_2t_TPM
137694_South_Shetlands      19.74      5.79    0.71360      0.019109      0.038775      0.008079      0.016159
W9169_pup                20.00      6.03    0.72443      0.166782      0.251373      0.025616      0.051233
2249_Bouvetoya           19.90      5.74    0.70923      0.540278      0.263074      0.129284      0.258568
MIAGM13125_Marion_island      19.90      6.21    0.73541      0.093712      0.057292      0.011685      0.023371
CI5_Crozet               19.59      5.77    0.71588      0.001440      0.008361      0.000397      0.000794
KI816_Kergulen           19.28      5.21    0.68575      0.149216      0.040342      0.008079      0.016159
HI4_Heard                19.85      5.23    0.69370      0.085942      0.030902      0.008785      0.017571
MI2270_Macquarie         19.90      5.26    0.68416      0.178173      0.083411      0.062425      0.124850
Population              mean_N    mean_k    mean_He    p_sign_TPM    p_stdv_TPM    p_W_1t_TPM    p_W_2t_TPM
137708_South_Shetlands      19.59      5.92    0.71373      0.291208      0.458726      0.404596      0.809191
W9175_pup                19.90      5.64    0.71803      0.053401      0.008522      0.003917      0.007835
A1070_Bouvetoya          19.79      5.49    0.69097      0.302411      0.090727      0.031509      0.063017
MIAGM13143_Marion_island      19.69      6.08    0.73055      0.182649      0.061158      0.008406      0.016812
CI5_Crozet               19.59      6.00    0.71915      0.044433      0.071438      0.008785      0.017571
KI810_Kergulen           19.59      5.21    0.69233      0.146119      0.058819      0.022234      0.044469
HI9_Heard                19.64      5.21    0.67975      0.048337      0.082952      0.024573      0.049146
MI2269_Macquarie         19.90      5.23    0.68021      0.244210      0.399242      0.178715      0.357431
Population              mean_N    mean_k    mean_He    p_sign_TPM    p_stdv_TPM    p_W_1t_TPM    p_W_2t_TPM
137722_South_Shetlands      19.79      6.28    0.72142      0.443636      0.418162      0.242606      0.485211
Y/B142/43                19.79      6.13    0.74192      0.033091      0.022316      0.001308      0.002615
A1081_Bouvetoya          19.95      5.62    0.69126      0.542656      0.154002      0.070317      0.140633
MIAGM13114_Marion_island      20.00      6.05    0.71269      0.333889      0.210205      0.127569      0.255139
CI32_Crozet              19.64      5.74    0.71716      0.002838      0.002928      0.000020      0.000039
KI816_Kergulen           19.54      5.31    0.69196      0.278350      0.051822      0.033049      0.066098
HI7_Heard                19.74      5.13    0.68066      0.046832      0.170396      0.020686      0.041373
MI2264_Macquarie         19.85      5.44    0.68264      0.554347      0.327473      0.312869      0.625738
Population              mean_N    mean_k    mean_He    p_sign_TPM    p_stdv_TPM    p_W_1t_TPM    p_W_2t_TPM
137675_South_Shetlands      19.95      5.97    0.71785      0.556473      0.309759      0.197457      0.394915
W6756                    19.74      6.00    0.72133      0.038809      0.150043      0.012159      0.024319
A1082_Bouvetoya          19.54      5.67    0.71902      0.289729      0.276035      0.132257      0.264514
MIAGM13137_Marion_island      19.95      6.28    0.72725      0.073240      0.370747      0.178699      0.357397
CI5_Crozet               19.69      5.90    0.72031      0.212106      0.036510      0.003981      0.007961
KI812_Kergulen           19.54      4.97    0.67275      0.288360      0.096207      0.056963      0.113925
HI7_Heard                19.59      5.31    0.69219      0.154430      0.287038      0.046374      0.092749
MI2260_Macquarie         19.85      5.46    0.68787      0.153078      0.337856      0.044952      0.089904
Population              mean_N    mean_k    mean_He    p_sign_TPM    p_stdv_TPM    p_W_1t_TPM    p_W_2t_TPM
137714_South_Shetlands      19.49      5.90    0.72688      0.194765      0.150816      0.090060      0.180119
Y/B132/33                19.95      5.90    0.71291      0.392925      0.312739      0.043731      0.087463
BI7_Bouvetoya            19.95      5.74    0.71450      0.003751      0.013126      0.000321      0.000642
MIAGM13140_Marion_island      19.85      6.10    0.71736      0.294097      0.496548      0.264798      0.529596
CI39_Crozet              19.49      5.69    0.70825      0.050662      0.009764      0.000082      0.000163
KI795_Kergulen           19.38      5.21    0.67676      0.353071      0.391932      0.240836      0.481672
HI7_Heard                19.59      5.36    0.69778      0.470032      0.187967      0.065537      0.131075
MI2267_Macquarie         20.00      5.74    0.70661      0.367624      0.398729      0.178715      0.357431
Population              mean_N    mean_k    mean_He    p_sign_TPM    p_stdv_TPM    p_W_1t_TPM    p_W_2t_TPM
137702_South_Shetlands      19.85      6.31    0.73989      0.430420      0.375234      0.388632      0.777263
W6525/25                 19.64      6.00    0.72253      0.159321      0.103669      0.012159      0.024319
A1084_Bouvetoya          19.79      5.82    0.69505      0.196754      0.096336      0.031509      0.063017
MIAGM13138_Marion_island      19.79      6.26    0.72728      0.185582      0.289468      0.072192      0.144384
CI5_Crozet               19.49      5.79    0.70570      0.535684      0.108791      0.011685      0.023371
KI813_Kergulen           19.79      5.15    0.70196      0.004714      0.002579      0.000471      0.000943
HI36_Heard               19.64      5.26    0.69004      0.535057      0.251451      0.126357      0.252714
MI2258_Macquarie         19.85      5.13    0.69603      0.106285      0.028723      0.010250      0.020501
Population              mean_N    mean_k    mean_He    p_sign_TPM    p_stdv_TPM    p_W_1t_TPM    p_W_2t_TPM
137711_South_Shetlands      20.00      6.21    0.73657      0.194083      0.157804      0.050746      0.101491
ATF39                    19.79      6.08    0.72703      0.171079      0.211006      0.026525      0.053049
A1057_Bouvetoya          20.00      5.74    0.71457      0.032659      0.014448      0.002062      0.004124
MIAGM13125_Marion_island      19.74      5.74    0.72490      0.005156      0.037172      0.001854      0.003708
CI40_Crozet              19.64      5.67    0.71578      0.001317      0.011307      0.000333      0.000667
KI814_Kergulen           19.38      5.21    0.68480      0.045379      0.100560      0.027459      0.054917
HI9_Heard                19.79      5.33    0.68380      0.525535      0.393345      0.147809      0.295618
MI2250_Macquarie         19.85      5.41    0.68232      0.342044      0.162857      0.097075      0.194150
Population              mean_N    mean_k    mean_He    p_sign_TPM    p_stdv_TPM    p_W_1t_TPM    p_W_2t_TPM
137685_South_Shetlands      19.79      6.51    0.74461      0.112044      0.299996      0.079138      0.158277
W9164_mum                19.79      5.69    0.72736      0.000718      0.001801      0.000150      0.000299
A1098_Bouvetoya          19.90      5.62    0.68928      0.444804      0.181747      0.088306      0.176611
MIAGM13108_Marion_island      20.00      6.08    0.70985      0.377634      0.236000      0.198233      0.396465
CI5_Crozet               19.49      5.74    0.70486      0.032664      0.121637      0.019289      0.038578
KI814_Kergulen           19.54      5.33    0.70801      0.010553      0.006687      0.001521      0.003043
HI5_Heard                19.85      5.18    0.67187      0.316931      0.458554      0.225587      0.451174
MI2262_Macquarie         19.95      5.59    0.71582      0.025068      0.001728      0.001134      0.002269
Population              mean_N    mean_k    mean_He    p_sign_TPM    p_stdv_TPM    p_W_1t_TPM    p_W_2t_TPM
137714_South_Shetlands      19.79      6.15    0.73839      0.204300      0.051733      0.004882      0.009763
AGP14148                 19.79      5.90    0.71414      0.085421      0.205791      0.040890      0.081780
BI23_Bouvetoya           19.64      5.64    0.69821      0.200868      0.110048      0.016779      0.033559
MIAGM13111_Marion_island      19.79      5.87    0.72874      0.001883      0.011772      0.001376      0.002752
CI38_Crozet              19.64      5.85    0.72621      0.000525      0.000509      0.000001      0.000002
KI801_Kergulen           19.64      5.05    0.68017      0.074723      0.086344      0.019229      0.038457
HI5_Heard                19.69      5.21    0.68635      0.357288      0.299913      0.223238      0.446475
MI2262_Macquarie         19.90      5.26    0.68999      0.057704      0.085679      0.035220      0.070440
Population              mean_N    mean_k    mean_He    p_sign_TPM    p_stdv_TPM    p_W_1t_TPM    p_W_2t_TPM
137702_South_Shetlands      19.69      6.31    0.74357      0.409809      0.070517      0.035220      0.070440
W9137_pup                19.59      6.00    0.71402      0.548867      0.339752      0.213269      0.426539
A1092_Bouvetoya          19.33      5.64    0.71545      0.112258      0.054778      0.019289      0.038578
MIAGM13113_Marion_island      20.00      6.05    0.71970      0.432239      0.155579      0.097116      0.194231
CI5_Crozet               19.59      5.77    0.70713      0.066490      0.063422      0.021449      0.042898
KI814_Kergulen           19.59      5.46    0.69993      0.188636      0.135420      0.053785      0.107569
HI7_Heard                19.69      5.49    0.68345      0.210369      0.138145      0.739720      0.529596
MI2252_Macquarie         19.74      5.44    0.69597      0.205769      0.464696      0.171513      0.343026
Population              mean_N    mean_k    mean_He    p_sign_TPM    p_stdv_TPM    p_W_1t_TPM    p_W_2t_TPM
137683_South_Shetlands      20.00      6.54    0.74265      0.205349      0.388258      0.217332      0.434664
W6551                    19.85      6.08    0.72035      0.321818      0.336905      0.126357      0.252714
A1043_Bouvetoya          20.00      5.77    0.72092      0.008044      0.001963      0.000221      0.000442
MIAGM13142_Marion_island      20.00      5.85    0.70999      0.244685      0.098796      0.049324      0.098649
CI40_Crozet              19.69      5.74    0.70640      0.079159      0.031045      0.002022      0.004043
KI810_Kergulen           19.74      5.10    0.68538      0.033697      0.022248      0.008079      0.016159
HI9_Heard                19.79      4.95    0.66204      0.040638      0.100037      0.015356      0.030713
MI2267_Macquarie         20.00      5.56    0.69069      0.485483      0.386384      0.312869      0.625738
Population              mean_N    mean_k    mean_He    p_sign_TPM    p_stdv_TPM    p_W_1t_TPM    p_W_2t_TPM
137723_South_Shetlands      19.64      6.44    0.73545      0.424226      0.474689      0.292696      0.585392
W6756                    19.69      6.00    0.71178      0.447243      0.441078      0.241377      0.482754
A1098_Bouvetoya          19.90      5.85    0.69937      0.249207      0.171790      0.107493      0.214987
MIAGM13143_Marion_island      19.95      5.97    0.72695      0.033638      0.025507      0.006046      0.012092
CI5_Crozet               19.59      5.97    0.73310      0.000477      0.002170      0.000142      0.000284
KI810_Kergulen           19.38      5.36    0.69801      0.383639      0.144223      0.077077      0.154154
HI9_Heard                19.79      5.18    0.67134      0.129185      0.222752      0.021449      0.042898
MI2260_Macquarie         19.90      5.33    0.68771      0.432082      0.491587      0.302283      0.604566
Population              mean_N    mean_k    mean_He    p_sign_TPM    p_stdv_TPM    p_W_1t_TPM    p_W_2t_TPM
137722_South_Shetlands      19.85      6.23    0.73394      0.068742      0.080197      0.052248      0.104496
W6541/41_pup             19.85      6.10    0.73835      0.431807      0.120292      0.023752      0.047505
A1089_Bouvetoya          19.79      6.21    0.72337      0.162916      0.071136      0.003626      0.007252
MIAGM13108_Marion_island      20.00      6.00    0.70958      0.281318      0.153188      0.056963      0.113925
CI5_Crozet               19.64      6.00    0.71880      0.013021      0.031633      0.003581      0.007162
KI802_Kergulen           19.23      5.05    0.69299      0.001375      0.017968      0.006575      0.013149
HI7_Heard                19.54      5.10    0.67627      0.355108      0.176540      0.092146      0.184292
MI2262_Macquarie         20.00      5.28    0.69825      0.081841      0.021013      0.002857      0.005714
Population              mean_N    mean_k    mean_He    p_sign_TPM    p_stdv_TPM    p_W_1t_TPM    p_W_2t_TPM
137722_South_Shetlands      19.90      6.26    0.73175      0.403593      0.489752      0.486244      0.972488
Y/B142/43                19.79      6.15    0.73547      0.042403      0.081951      0.003800      0.007599
2260_Bouvetoya           20.00      5.62    0.70823      0.140471      0.119539      0.006523      0.013047
MIAGM13105_Marion_island      19.95      6.18    0.72482      0.456487      0.465813      0.205275      0.410550
CI5_Crozet               19.59      5.87    0.72042      0.059259      0.058969      0.017965      0.035930
KI806_Kergulen           19.49      5.08    0.67977      0.346551      0.087112      0.059056      0.118111
HI9_Heard                19.69      5.28    0.69749      0.338986      0.111505      0.054021      0.108042
MI2264_Macquarie         19.95      5.46    0.70289      0.104234      0.110567      0.017965      0.035930
Population              mean_N    mean_k    mean_He    p_sign_TPM    p_stdv_TPM    p_W_1t_TPM    p_W_2t_TPM
137678_South_Shetlands      19.85      6.41    0.73144      0.207329      0.358242      0.546675      0.917591
W9171_mum                19.69      5.77    0.71982      0.240708      0.055413      0.044952      0.089904
BI2_Bouvetoya            19.79      5.82    0.70445      0.468126      0.104985      0.025616      0.051233
MIAGM13136_Marion_island      19.59      6.10    0.72243      0.507361      0.210455      0.156918      0.313835
CI40_Crozet              19.74      5.74    0.70967      0.075297      0.041546      0.002722      0.005443
KI814_Kergulen           19.49      5.59    0.70239      0.187009      0.137174      0.037504      0.075008
HI28_Heard               19.59      5.21    0.67317      0.477715      0.286305      0.201344      0.402688
MI1688_Macquarie         19.95      5.59    0.70031      0.336643      0.208758      0.060811      0.121623
Population              mean_N    mean_k    mean_He    p_sign_TPM    p_stdv_TPM    p_W_1t_TPM    p_W_2t_TPM
137718_South_Shetlands      19.85      6.44    0.72792      0.479789      0.324671      0.147809      0.295618
W6522/22                 19.74      5.90    0.70681      0.367624      0.171106      0.102190      0.204380
BI25_Bouvetoya           19.90      6.00    0.70985      0.435677      0.424296      0.094721      0.189442
MIAGM13138_Marion_island      20.00      6.23    0.72524      0.479803      0.118846      0.068234      0.136468
CI40_Crozet              19.74      5.74    0.72109      0.007865      0.008536      0.000140      0.000280
KI812_Kergulen           19.33      5.44    0.71272      0.060298      0.051637      0.010658      0.021316
HI9_Heard                19.79      4.97    0.65658      0.333071      0.471878      0.255617      0.511233
MI2270_Macquarie         19.95      5.54    0.68905      0.468769      0.273541      0.206378      0.412756
Population              mean_N    mean_k    mean_He    p_sign_TPM    p_stdv_TPM    p_W_1t_TPM    p_W_2t_TPM
137707_South_Shetlands      19.54      6.18    0.72315      0.246396      0.336967      0.092146      0.184292
W6532/32                 19.90      5.90    0.70746      0.432295      0.334215      0.175083      0.350166
BI12_Bouvetoya           19.85      5.95    0.72565      0.506867      0.219168      0.094587      0.189174
MIAGM13141_Marion_island      19.85      5.87    0.70434      0.055292      0.026375      0.004586      0.009172
CI5_Crozet               19.59      5.90    0.72474      0.016893      0.011143      0.000435      0.000870
KI816_Kergulen           19.54      5.46    0.69792      0.352389      0.174731      0.050853      0.101706
HI9_Heard                19.59      5.51    0.68283      0.318600      0.310499      0.123475      0.246950
MI2259_Macquarie         20.00      5.44    0.68489      0.350583      0.481483      0.312869      0.625738
Population              mean_N    mean_k    mean_He    p_sign_TPM    p_stdv_TPM    p_W_1t_TPM    p_W_2t_TPM
137723_South_Shetlands      19.90      6.03    0.72620      0.417969      0.298185      0.087792      0.175584
W9168_pup                19.74      5.82    0.70607      0.446034      0.365693      0.197457      0.394915
A1092_Bouvetoya          19.74      5.46    0.70302      0.001257      0.003375      0.000070      0.000141
MIAGM13067_Marion_island      19.95      6.03    0.71179      0.380804      0.471808      0.415327      0.830654
CI5_Crozet               19.44      5.74    0.71597      0.001501      0.013274      0.000194      0.000388
KI806_Kergulen           19.23      5.15    0.68525      0.018531      0.145958      0.022234      0.044469
HI7_Heard                19.64      5.26    0.69400      0.369049      0.166646      0.028419      0.056839
MI2254_Macquarie         19.90      5.44    0.68493      0.240968      0.276421      0.092146      0.184292
Population              mean_N    mean_k    mean_He    p_sign_TPM    p_stdv_TPM    p_W_1t_TPM    p_W_2t_TPM
137719_South_Shetlands      19.49      6.08    0.71047      0.338280      0.071246      0.028419      0.056839
W6538                    19.69      6.00    0.72004      0.051754      0.169114      0.025416      0.050833
A1055_Bouvetoya          19.79      5.69    0.70308      0.546924      0.162004      0.126357      0.252714
MIAGM13134_Marion_island      19.90      6.18    0.72730      0.168901      0.077670      0.013201      0.026403
CI40_Crozet              19.64      5.77    0.70542      0.050506      0.099171      0.021939      0.043879
KI813_Kergulen           19.23      5.10    0.68028      0.094426      0.275628      0.097075      0.194150
HI9_Heard                19.79      5.41    0.67838      0.446424      0.263709      0.556985      0.897361
MI2256_Macquarie         19.85      5.46    0.68445      0.225094      0.250861      0.102190      0.204380
Population              mean_N    mean_k    mean_He    p_sign_TPM    p_stdv_TPM    p_W_1t_TPM    p_W_2t_TPM
137719_South_Shetlands      19.74      6.28    0.73023      0.320076      0.191540      0.071132      0.142264
W9133_pup                19.74      6.03    0.72828      0.044271      0.098518      0.004782      0.009564
A1098_Bouvetoya          19.79      6.05    0.72207      0.102276      0.066816      0.024519      0.049038
MIAGM13130_Marion_island      19.79      6.05    0.73493      0.118750      0.015581      0.000959      0.001917
CI5_Crozet               19.49      5.72    0.70601      0.210092      0.141502      0.038689      0.077379
KI807_Kergulen           19.23      5.56    0.69532      0.554203      0.486045      0.378088      0.756177
HI7_Heard                19.49      5.36    0.69868      0.114379      0.157275      0.047842      0.095683
MI2270_Macquarie         20.00      5.59    0.69622      0.081663      0.103290      0.003981      0.007961
Population              mean_N    mean_k    mean_He    p_sign_TPM    p_stdv_TPM    p_W_1t_TPM    p_W_2t_TPM
137711_South_Shetlands      19.85      6.41    0.74580      0.553647      0.260987      0.144607      0.289213
W6754                    20.00      5.79    0.72443      0.006077      0.022477      0.001181      0.002361
A1100_Bouvetoya          19.74      5.67    0.69739      0.273831      0.156385      0.035220      0.070440
MIAGM13136_Marion_island      19.85      6.08    0.73572      0.032038      0.009199      0.000528      0.001055
CI5_Crozet               19.59      5.87    0.72921      0.001614      0.003627      0.000248      0.000495
KI812_Kergulen           19.33      5.08    0.69047      0.041759      0.074114      0.022234      0.044469
HI7_Heard                19.74      5.03    0.67889      0.088003      0.069083      0.017202      0.034404
MI2269_Macquarie         19.85      5.62    0.70191      0.396158      0.420848      0.297472      0.594945
Population              mean_N    mean_k    mean_He    p_sign_TPM    p_stdv_TPM    p_W_1t_TPM    p_W_2t_TPM
137718_South_Shetlands      19.69      6.38    0.74829      0.211088      0.097160      0.029030      0.058060
W9168_mum                19.85      5.64    0.71283      0.228254      0.027363      0.003145      0.006291
A1087_Bouvetoya          19.74      5.79    0.71484      0.258504      0.058082      0.012159      0.024319
MIAGM13133_Marion_island      19.90      5.77    0.71412      0.120759      0.091143      0.046439      0.092879
CI5_Crozet               19.59      5.72    0.71103      0.224036      0.027541      0.006245      0.012491
KI806_Kergulen           19.44      5.08    0.69215      0.059806      0.025259      0.004281      0.008562
HI9_Heard                19.69      5.31    0.68767      0.506336      0.375678      0.171252      0.342503
MI2262_Macquarie         20.00      5.15    0.67611      0.093716      0.069233      0.025432      0.050864
Population              mean_N    mean_k    mean_He    p_sign_TPM    p_stdv_TPM    p_W_1t_TPM    p_W_2t_TPM
137707_South_Shetlands      19.79      6.03    0.72583      0.305328      0.229013      0.147809      0.295618
W9163_pup                19.90      5.69    0.70641      0.339056      0.052091      0.025616      0.051233
A1059_Bouvetoya          19.79      5.67    0.70903      0.092737      0.057354      0.016567      0.033135
MIAGM13116_Marion_island      20.00      5.82    0.71984      0.385219      0.027124      0.019946      0.039893
CI40_Crozet              19.85      5.85    0.71352      0.024188      0.100947      0.025416      0.050833
KI816_Kergulen           19.49      4.92    0.68259      0.066580      0.018509      0.012907      0.025814
HI7_Heard                19.64      5.05    0.67356      0.527488      0.271064      0.201344      0.402688
MI2262_Macquarie         19.90      5.33    0.68101      0.466155      0.398774      0.150049      0.300097
Population              mean_N    mean_k    mean_He    p_sign_TPM    p_stdv_TPM    p_W_1t_TPM    p_W_2t_TPM
137707_South_Shetlands      19.85      6.13    0.72869      0.051763      0.055306      0.004782      0.009564
W9178_pup                19.69      5.87    0.71293      0.362726      0.402871      0.178715      0.357431
BI17_Bouvetoya           19.74      5.72    0.70673      0.016167      0.021552      0.002722      0.005443
MIAGM13135_Marion_island      19.95      6.03    0.73972      0.125982      0.029177      0.001064      0.002129
CI39_Crozet              19.74      5.90    0.72726      0.006647      0.002361      0.000042      0.000085
KI813_Kergulen           19.69      5.28    0.68780      0.283224      0.125412      0.036348      0.072695
HI4_Heard                19.79      5.23    0.69778      0.196270      0.093352      0.049277      0.098554
MI2260_Macquarie         20.00      5.15    0.67962      0.179613      0.159068      0.083383      0.166766
Population              mean_N    mean_k    mean_He    p_sign_TPM    p_stdv_TPM    p_W_1t_TPM    p_W_2t_TPM
137709_South_Shetlands      19.95      6.23    0.73512      0.182924      0.039760      0.013913      0.027825
W9138_pup                19.59      6.41    0.75184      0.325606      0.126370      0.053785      0.107569
BI3_Bouvetoya            19.95      5.72    0.71665      0.144572      0.013306      0.009943      0.019885
MIAGM13131_Marion_island      19.95      6.26    0.72141      0.438711      0.421293      0.336864      0.673729
CI5_Crozet               19.54      5.77    0.72408      0.109919      0.006997      0.000471      0.000943
KI816_Kergulen           19.33      5.44    0.69570      0.158263      0.115463      0.030422      0.060845
HI5_Heard                19.85      5.28    0.67752      0.431025      0.395188      0.312005      0.624010
MI2248_Macquarie         19.74      5.51    0.68830      0.308725      0.308131      0.190280      0.380559
Population              mean_N    mean_k    mean_He    p_sign_TPM    p_stdv_TPM    p_W_1t_TPM    p_W_2t_TPM
137721_South_Shetlands      19.79      6.13    0.72827      0.301031      0.194245      0.024573      0.049146
W6701_pup                19.69      6.08    0.71982      0.164732      0.164677      0.028419      0.056839
A1094_Bouvetoya          19.74      5.59    0.69659      0.369529      0.423287      0.259146      0.518291
MIAGM13132_Marion_island      19.54      5.92    0.72051      0.283425      0.182284      0.065537      0.131075
CI40_Crozet              19.64      5.79    0.72765      0.003730      0.003099      0.000133      0.000266
KI798_Kergulen           19.38      5.13    0.68016      0.154086      0.113007      0.046374      0.092749
HI9_Heard                19.74      5.41    0.69156      0.287823      0.393506      0.326829      0.653658
MI2261_Macquarie         19.95      5.51    0.68867      0.368838      0.441350      0.156918      0.313835
Population              mean_N    mean_k    mean_He    p_sign_TPM    p_stdv_TPM    p_W_1t_TPM    p_W_2t_TPM
137711_South_Shetlands      19.95      6.44    0.74008      0.066225      0.243829      0.052248      0.104496
W9166_pup                19.79      6.15    0.72647      0.156957      0.131836      0.146689      0.293377
BI23_Bouvetoya           19.95      5.72    0.70628      0.281812      0.230397      0.141450      0.282901
MIAGM13107_Marion_island      19.44      6.15    0.73446      0.429271      0.241919      0.099554      0.199107
CI38_Crozet              19.59      5.69    0.72211      0.000344      0.000958      0.000006      0.000012
KI816_Kergulen           19.44      5.21    0.67249      0.357940      0.463912      0.202281      0.404563
HI5_Heard                19.79      5.36    0.69049      0.541970      0.276455      0.147809      0.295618
MI2270_Macquarie         19.79      5.36    0.69959      0.523958      0.359466      0.129284      0.258568
Population              mean_N    mean_k    mean_He    p_sign_TPM    p_stdv_TPM    p_W_1t_TPM    p_W_2t_TPM
137720_South_Shetlands      19.69      6.13    0.71899      0.412220      0.464287      0.175083      0.350166
W6513/13_pup             19.85      6.10    0.72052      0.476218      0.213678      0.097075      0.194150
A1092_Bouvetoya          19.69      5.74    0.71547      0.125511      0.201233      0.094721      0.189442
MIAGM13063_Marion_island      19.95      6.28    0.73318      0.213886      0.091006      0.008750      0.017501
CI40_Crozet              19.54      5.87    0.72213      0.012249      0.042450      0.002360      0.004719
KI812_Kergulen           19.38      5.05    0.68794      0.172925      0.061207      0.042425      0.084850
HI9_Heard                19.64      5.38    0.69690      0.547179      0.356449      0.234013      0.468025
MI2269_Macquarie         19.95      5.28    0.68111      0.117323      0.161405      0.065537      0.131075
Population              mean_N    mean_k    mean_He    p_sign_TPM    p_stdv_TPM    p_W_1t_TPM    p_W_2t_TPM
137688_South_Shetlands      20.00      6.44    0.73752      0.313588      0.205877      0.097116      0.194231
W9162_pup                19.85      6.23    0.72417      0.306268      0.036327      0.002809      0.005618
BI14_Bouvetoya           19.85      5.85    0.69429      0.388822      0.287756      0.218611      0.437222
MIAGM13123_Marion_island      19.95      6.15    0.73620      0.004500      0.014728      0.001599      0.003198
CI39_Crozet              19.59      5.64    0.71110      0.015274      0.004041      0.000009      0.000019
KI810_Kergulen           19.74      5.15    0.67989      0.109201      0.145840      0.026283      0.052567
HI27_Heard               19.79      5.26    0.69361      0.170558      0.050405      0.022179      0.044358
MI1688_Macquarie         19.90      5.56    0.68750      0.467741      0.362344      0.420475      0.840951
Population              mean_N    mean_k    mean_He    p_sign_TPM    p_stdv_TPM    p_W_1t_TPM    p_W_2t_TPM
137721_South_Shetlands      19.64      6.26    0.73289      0.186358      0.084327      0.020692      0.041384
W6512/12                 19.79      5.97    0.71064      0.468116      0.408537      0.535726      0.939518
BI7_Bouvetoya            19.90      5.85    0.71905      0.020978      0.024813      0.001565      0.003130
MIAGM13061_Marion_island      19.90      5.90    0.70529      0.148289      0.088874      0.042210      0.084421
CI5_Crozet               19.59      5.82    0.71574      0.017372      0.016570      0.000182      0.000364
KI812_Kergulen           19.28      5.03    0.67702      0.461803      0.077954      0.014779      0.029559
HI3_Heard                19.74      5.08    0.67317      0.480854      0.178295      0.115100      0.230200
MI1665_Macquarie         19.79      5.26    0.68941      0.385399      0.232371      0.123475      0.246950
Population              mean_N    mean_k    mean_He    p_sign_TPM    p_stdv_TPM    p_W_1t_TPM    p_W_2t_TPM
137723_South_Shetlands      19.85      6.00    0.73803      0.209911      0.093985      0.029030      0.058060
Y/B134/35                19.90      5.79    0.72069      0.278547      0.151619      0.064442      0.128884
A1099_Bouvetoya          19.90      5.90    0.71974      0.042791      0.101645      0.023043      0.046087
MIAGM13134_Marion_island      19.85      6.00    0.72129      0.018500      0.027456      0.004570      0.009139
CI5_Crozet               19.59      5.74    0.71191      0.017850      0.008979      0.000182      0.000364
KI816_Kergulen           19.54      5.23    0.68064      0.443494      0.274852      0.092146      0.184292
HI7_Heard                19.69      4.92    0.66693      0.091323      0.153286      0.042210      0.084421
MI2256_Macquarie         19.90      5.72    0.70786      0.333653      0.499309      0.431718      0.863436
Population              mean_N    mean_k    mean_He    p_sign_TPM    p_stdv_TPM    p_W_1t_TPM    p_W_2t_TPM
137716_South_Shetlands      19.79      6.10    0.73035      0.346059      0.265806      0.090060      0.180119
W6537                    19.95      6.23    0.72526      0.391547      0.249632      0.186376      0.372752
A1086_Bouvetoya          19.85      6.03    0.72999      0.005205      0.054075      0.003270      0.006540
MIAGM13143_Marion_island      19.90      5.95    0.71941      0.051391      0.013636      0.000301      0.000602
CI5_Crozet               19.38      5.74    0.71311      0.023588      0.005215      0.000388      0.000777
KI816_Kergulen           19.49      5.13    0.67305      0.149961      0.422437      0.160427      0.320853
HI9_Heard                19.74      5.31    0.67652      0.231762      0.363896      0.500000      1.000000
MI2256_Macquarie         19.85      5.64    0.70142      0.466525      0.380749      0.312005      0.624010
Population              mean_N    mean_k    mean_He    p_sign_TPM    p_stdv_TPM    p_W_1t_TPM    p_W_2t_TPM
137717_South_Shetlands      19.79      6.41    0.72913      0.052740      0.240139      0.030422      0.060845
W9166_pup                19.69      5.67    0.70450      0.105848      0.171488      0.081240      0.162480
BI8_Bouvetoya            19.74      5.62    0.70539      0.023951      0.029574      0.001268      0.002537
MIAGM13137_Marion_island      19.95      6.31    0.74241      0.436114      0.236586      0.126357      0.252714
CI40_Crozet              19.69      5.77    0.72378      0.003036      0.002498      0.000004      0.000008
KI816_Kergulen           19.74      5.18    0.68134      0.494078      0.129896      0.102035      0.204070
HI5_Heard                19.64      5.15    0.66884      0.375243      0.326304      0.123475      0.246950
MI2251_Macquarie         19.69      5.56    0.71238      0.074446      0.055116      0.033049      0.066098
Population              mean_N    mean_k    mean_He    p_sign_TPM    p_stdv_TPM    p_W_1t_TPM    p_W_2t_TPM
137719_South_Shetlands      20.00      6.69    0.74575      0.035397      0.055697      0.005554      0.011108
W9173_pup                19.85      5.97    0.71791      0.183013      0.066042      0.011964      0.023927
A1095_Bouvetoya          19.85      5.85    0.70868      0.060673      0.049815      0.010288      0.020576
MIAGM13140_Marion_island      19.74      6.15    0.73483      0.193593      0.027033      0.006348      0.012697
CI34_Crozet              19.49      5.46    0.70939      0.000457      0.001394      0.000010      0.000021
KI807_Kergulen           19.64      5.05    0.68098      0.110668      0.092319      0.039904      0.079809
HI4_Heard                19.90      5.31    0.68629      0.270688      0.216120      0.163985      0.327971
MI2256_Macquarie         19.90      5.56    0.71246      0.121443      0.062697      0.039904      0.079809
Population              mean_N    mean_k    mean_He    p_sign_TPM    p_stdv_TPM    p_W_1t_TPM    p_W_2t_TPM
137712_South_Shetlands      19.54      6.00    0.73046      0.207455      0.221492      0.126357      0.252714
W15                      19.59      5.74    0.70871      0.300115      0.458724      0.264798      0.529596
A1100_Bouvetoya          19.85      5.82    0.71678      0.041437      0.038327      0.007423      0.014845
MIAGM13115_Marion_island      19.90      5.97    0.71185      0.015986      0.066705      0.011227      0.022454
CI5_Crozet               19.54      5.67    0.70438      0.183763      0.115770      0.025416      0.050833
KI813_Kergulen           19.64      5.15    0.68583      0.116014      0.062876      0.020692      0.041384
HI9_Heard                19.64      4.95    0.67094      0.404503      0.152813      0.117847      0.235693
MI2269_Macquarie         19.95      5.59    0.69355      0.311018      0.255022      0.025616      0.051233
Population              mean_N    mean_k    mean_He    p_sign_TPM    p_stdv_TPM    p_W_1t_TPM    p_W_2t_TPM
137722_South_Shetlands      19.90      6.21    0.72697      0.485888      0.161446      0.060811      0.121623
W9161_mum                19.69      5.87    0.71943      0.026859      0.043512      0.005322      0.010643
A1084_Bouvetoya          19.95      6.00    0.71422      0.308732      0.105625      0.101126      0.202253
MIAGM13121_Marion_island      19.85      6.05    0.72412      0.304799      0.123874      0.067364      0.134728
CI5_Crozet               19.64      6.00    0.71900      0.039265      0.087876      0.008785      0.017571
KI812_Kergulen           19.08      5.15    0.69939      0.005940      0.020462      0.003981      0.007961
HI5_Heard                19.59      5.28    0.68244      0.203976      0.445517      0.147809      0.295618
MI2267_Macquarie         19.90      5.67    0.70758      0.139570      0.104316      0.022234      0.044469
Population              mean_N    mean_k    mean_He    p_sign_TPM    p_stdv_TPM    p_W_1t_TPM    p_W_2t_TPM
137719_South_Shetlands      19.79      6.31    0.72819      0.435882      0.291473      0.144607      0.289213
W9169_mum                19.74      6.10    0.72429      0.413517      0.304633      0.102035      0.204070
BI22_Bouvetoya           20.00      5.85    0.70121      0.524693      0.249359      0.070192      0.140385
MIAGM13142_Marion_island      19.95      5.95    0.71473      0.162658      0.333473      0.140118      0.280235
CI5_Crozet               19.54      5.87    0.72102      0.027512      0.013355      0.001010      0.002021
KI814_Kergulen           19.23      5.21    0.70417      0.016684      0.014781      0.001648      0.003296
HI7_Heard                19.59      5.10    0.68077      0.315094      0.335322      0.175083      0.350166
MI1664_Macquarie         19.95      5.31    0.69053      0.534598      0.309854      0.102190      0.204380
Population              mean_N    mean_k    mean_He    p_sign_TPM    p_stdv_TPM    p_W_1t_TPM    p_W_2t_TPM
137708_South_Shetlands      19.74      6.31    0.72881      0.432390      0.297990      0.297472      0.594945
W9168_pup                19.90      5.97    0.72957      0.014451      0.099126      0.003746      0.007492
BI8_Bouvetoya            19.95      5.95    0.70996      0.554949      0.375298      0.193615      0.387231
MIAGM13138_Marion_island      19.90      6.03    0.73503      0.027194      0.054724      0.005795      0.011591
CI5_Crozet               19.49      5.85    0.71956      0.003696      0.003336      0.000008      0.000016
KI796_Kergulen           19.28      5.13    0.68563      0.283283      0.095725      0.083383      0.166766
HI9_Heard                19.54      5.28    0.67837      0.328741      0.265510      0.480745      0.961490
MI2261_Macquarie         20.00      5.54    0.68691      0.415118      0.230170      0.154410      0.308820
Population              mean_N    mean_k    mean_He    p_sign_TPM    p_stdv_TPM    p_W_1t_TPM    p_W_2t_TPM
137695_South_Shetlands      19.90      6.21    0.72897      0.321264      0.180729      0.063749      0.127497
W6537/37_FWB_pup         19.85      5.85    0.71976      0.171576      0.090839      0.013156      0.026312
BI5_Bouvetoya            19.85      5.79    0.72136      0.054504      0.031482      0.002173      0.004346
MIAGM13144_Marion_island      19.69      6.28    0.73311      0.304477      0.147752      0.043731      0.087463
CI5_Crozet               19.49      5.92    0.72001      0.020301      0.035576      0.008074      0.016147
KI813_Kergulen           19.33      4.97    0.69208      0.289938      0.041275      0.033049      0.066098
HI9_Heard                19.74      5.31    0.67692      0.493666      0.309213      0.268557      0.537113
MI1675_Macquarie         19.95      5.33    0.68213      0.538999      0.416395      0.178715      0.357431
Population              mean_N    mean_k    mean_He    p_sign_TPM    p_stdv_TPM    p_W_1t_TPM    p_W_2t_TPM
137715_South_Shetlands      19.85      6.15    0.73363      0.110175      0.066411      0.013913      0.027825
W6531/31                 19.79      6.10    0.75036      0.016058      0.024456      0.000734      0.001468
A1079_Bouvetoya          19.90      5.67    0.70043      0.552093      0.449523      0.186067      0.372133
MIAGM13134_Marion_island      19.85      6.00    0.71542      0.123217      0.014337      0.002670      0.005340
CI5_Crozet               19.69      5.85    0.72466      0.007192      0.017274      0.000410      0.000819
KI814_Kergulen           19.49      5.05    0.68394      0.152729      0.022568      0.003981      0.007961
HI7_Heard                19.69      5.15    0.68916      0.112742      0.169426      0.039904      0.079809
MI2261_Macquarie         19.90      5.51    0.70913      0.107706      0.056865      0.005322      0.010643
Population              mean_N    mean_k    mean_He    p_sign_TPM    p_stdv_TPM    p_W_1t_TPM    p_W_2t_TPM
137704_South_Shetlands      19.90      6.00    0.72817      0.065820      0.070729      0.001181      0.002361
Y/B144/45                19.59      6.08    0.72292      0.057546      0.134453      0.023752      0.047505
A1090_Bouvetoya          19.95      5.67    0.70132      0.237014      0.182616      0.076320      0.152639
MIAGM13128_Marion_island      20.00      6.18    0.72672      0.002928      0.013774      0.002857      0.005714
CI40_Crozet              19.59      5.77    0.71578      0.003491      0.037355      0.001181      0.002361
KI816_Kergulen           19.33      5.21    0.69215      0.103419      0.061437      0.030987      0.061974
HI7_Heard                19.69      5.03    0.67087      0.535551      0.361971      0.193615      0.387231
MI2259_Macquarie         20.00      5.46    0.68664      0.533880      0.328998      0.480745      0.961490
