Population              mean_N    mean_k    mean_He    p_sign_TPM    p_stdv_TPM    p_W_1t_TPM    p_W_2t_TPM
137711_South_Shetlands      19.85      6.31    0.73117      0.541940      0.356997      0.151057      0.302114
W9166_pup                19.90      5.97    0.72173      0.423363      0.342839      0.157692      0.315383
A1079_Bouvetoya          19.69      5.92    0.73196      0.001312      0.007012      0.000217      0.000434
MIAGM13134_Marion_island      19.90      6.13    0.72341      0.328929      0.151189      0.077077      0.154154
CI40_Crozet              19.74      5.77    0.71264      0.024631      0.084943      0.012428      0.024856
KI814_Kergulen           19.33      5.15    0.67053      0.465837      0.152556      0.115807      0.231613
HI7_Heard                19.74      5.21    0.67849      0.535044      0.446882      0.302283      0.604566
MI2261_Macquarie         19.90      5.31    0.66332      0.460669      0.210399      0.377098      0.754195
Population              mean_N    mean_k    mean_He    p_sign_TPM    p_stdv_TPM    p_W_1t_TPM    p_W_2t_TPM
137680_South_Shetlands      19.79      6.31    0.72996      0.431777      0.319562      0.436968      0.873937
W9178_mum                19.79      5.92    0.72608      0.219508      0.034462      0.002468      0.004935
A1064_Bouvetoya          19.95      5.87    0.70762      0.126696      0.143979      0.115217      0.230435
MIAGM13051_Marion_island      19.95      6.15    0.72771      0.533238      0.342389      0.129284      0.258568
CI5_Crozet               19.69      5.87    0.70765      0.074496      0.102215      0.023043      0.046087
KI813_Kergulen           19.54      5.26    0.69573      0.110587      0.118003      0.063749      0.127497
HI5_Heard                19.74      5.13    0.67513      0.393289      0.254863      0.171513      0.343026
MI2265_Macquarie         19.95      5.46    0.68669      0.456021      0.496991      0.259146      0.518291
Population              mean_N    mean_k    mean_He    p_sign_TPM    p_stdv_TPM    p_W_1t_TPM    p_W_2t_TPM
137722_South_Shetlands      19.54      5.97    0.71676      0.100491      0.158310      0.078448      0.156895
ATP43                    19.95      5.92    0.72582      0.308436      0.128652      0.034121      0.068242
A1071_Bouvetoya          19.90      5.62    0.71392      0.062372      0.027038      0.006348      0.012697
MIAGM13137_Marion_island      20.00      6.18    0.73792      0.067010      0.027205      0.003746      0.007492
CI40_Crozet              19.79      6.00    0.73206      0.004036      0.002047      0.000037      0.000073
KI810_Kergulen           19.64      5.36    0.68445      0.235309      0.451406      0.336864      0.673729
HI9_Heard                19.74      5.13    0.68117      0.387454      0.222185      0.104560      0.209119
MI2261_Macquarie         19.95      5.44    0.69048      0.508416      0.308956      0.282981      0.565961
Population              mean_N    mean_k    mean_He    p_sign_TPM    p_stdv_TPM    p_W_1t_TPM    p_W_2t_TPM
137705_South_Shetlands      19.85      6.28    0.72076      0.420116      0.336095      0.331832      0.663664
W9178_mum                19.74      5.72    0.71040      0.271707      0.084720      0.021449      0.042898
BI14_Bouvetoya           19.74      5.56    0.69280      0.454368      0.251862      0.135276      0.270551
MIAGM13139_Marion_island      19.95      6.10    0.72387      0.193752      0.122966      0.063749      0.127497
CI40_Crozet              19.54      5.62    0.71666      0.004884      0.005724      0.000042      0.000085
KI816_Kergulen           19.33      5.31    0.68681      0.153503      0.094071      0.070192      0.140385
HI4_Heard                19.69      5.23    0.69580      0.276952      0.110480      0.060283      0.120565
MI1663_Macquarie         20.00      5.64    0.70418      0.398734      0.206294      0.090060      0.180119
Population              mean_N    mean_k    mean_He    p_sign_TPM    p_stdv_TPM    p_W_1t_TPM    p_W_2t_TPM
137723_South_Shetlands      19.79      6.13    0.72122      0.076937      0.221602      0.029995      0.059991
W17                      19.90      5.95    0.71585      0.074437      0.089040      0.008785      0.017571
BI16_Bouvetoya           19.79      5.51    0.70893      0.136815      0.012891      0.004570      0.009139
MIAGM13123_Marion_island      20.00      6.10    0.71984      0.160353      0.063177      0.009543      0.019087
CI5_Crozet               19.64      5.77    0.72261      0.000684      0.005269      0.000070      0.000141
KI816_Kergulen           19.23      5.21    0.69728      0.031583      0.006256      0.002360      0.004719
HI7_Heard                19.54      5.08    0.68135      0.543297      0.312874      0.217332      0.434664
MI2265_Macquarie         19.85      5.26    0.68945      0.010277      0.039300      0.008665      0.017331
Population              mean_N    mean_k    mean_He    p_sign_TPM    p_stdv_TPM    p_W_1t_TPM    p_W_2t_TPM
137712_South_Shetlands      19.74      6.15    0.72699      0.031247      0.137902      0.017965      0.035930
W9173_pup                19.95      6.15    0.73796      0.444435      0.044987      0.017332      0.034665
A1064_Bouvetoya          19.74      5.59    0.71318      0.048737      0.038622      0.012159      0.024319
MIAGM13138_Marion_island      20.00      6.33    0.73846      0.317254      0.120813      0.067364      0.134728
CI40_Crozet              19.64      5.72    0.71340      0.040600      0.005648      0.000100      0.000200
KI810_Kergulen           19.38      5.28    0.70141      0.293241      0.140151      0.038689      0.077379
HI7_Heard                19.54      5.10    0.67944      0.526451      0.207345      0.193615      0.387231
MI2265_Macquarie         19.79      5.64    0.69502      0.233164      0.364166      0.089750      0.179501
Population              mean_N    mean_k    mean_He    p_sign_TPM    p_stdv_TPM    p_W_1t_TPM    p_W_2t_TPM
137712_South_Shetlands      19.59      6.03    0.72261      0.317474      0.267518      0.458796      0.917591
W6535                    19.90      5.97    0.73175      0.530606      0.061694      0.041149      0.082299
BI6_Bouvetoya            19.90      5.92    0.71244      0.307342      0.315448      0.102035      0.204070
MIAGM13132_Marion_island      19.85      6.13    0.72585      0.535815      0.285478      0.251363      0.502726
CI5_Crozet               19.69      5.79    0.71240      0.054807      0.044192      0.016122      0.032244
KI807_Kergulen           19.38      5.13    0.67601      0.245570      0.360143      0.193615      0.387231
HI7_Heard                19.79      4.95    0.66744      0.238235      0.231172      0.121590      0.243181
MI2258_Macquarie         19.85      5.41    0.68869      0.186332      0.055082      0.019587      0.039175
Population              mean_N    mean_k    mean_He    p_sign_TPM    p_stdv_TPM    p_W_1t_TPM    p_W_2t_TPM
137712_South_Shetlands      19.44      5.69    0.70623      0.517569      0.188042      0.112398      0.224797
W12                      19.74      6.28    0.73564      0.295821      0.103047      0.053785      0.107569
A1067_Bouvetoya          19.95      5.82    0.71532      0.168065      0.090711      0.071132      0.142264
MIAGM13139_Marion_island      19.74      6.10    0.73340      0.013637      0.017785      0.000375      0.000749
CI40_Crozet              19.64      5.87    0.72805      0.011155      0.005820      0.000161      0.000322
KI814_Kergulen           19.44      5.28    0.70448      0.030355      0.057707      0.011514      0.023028
HI7_Heard                19.64      5.23    0.68722      0.425486      0.139436      0.045069      0.090139
MI2259_Macquarie         19.95      5.23    0.68763      0.219660      0.065092      0.029407      0.058814
Population              mean_N    mean_k    mean_He    p_sign_TPM    p_stdv_TPM    p_W_1t_TPM    p_W_2t_TPM
137712_South_Shetlands      19.74      6.00    0.72557      0.305343      0.137296      0.022955      0.045909
W9133_mum                19.64      5.92    0.71229      0.100835      0.070095      0.004586      0.009172
BI8_Bouvetoya            19.95      5.79    0.70086      0.431231      0.235957      0.056963      0.113925
MIAGM13049_Marion_island      20.00      5.95    0.71835      0.059866      0.065770      0.014440      0.028879
CI39_Crozet              19.64      5.82    0.71617      0.014622      0.013429      0.000107      0.000214
KI816_Kergulen           19.38      5.23    0.68469      0.074389      0.222861      0.076320      0.152639
HI36_Heard               19.64      5.36    0.69171      0.538836      0.237311      0.109741      0.219482
MI2250_Macquarie         19.90      5.18    0.67678      0.265396      0.082431      0.029365      0.058730
Population              mean_N    mean_k    mean_He    p_sign_TPM    p_stdv_TPM    p_W_1t_TPM    p_W_2t_TPM
137720_South_Shetlands      19.90      6.28    0.73512      0.121777      0.071896      0.032005      0.064009
W6540/40                 19.95      5.82    0.70586      0.327888      0.325994      0.251363      0.502726
A1069_Bouvetoya          19.69      5.79    0.69905      0.472245      0.462279      0.347014      0.694029
MIAGM13134_Marion_island      19.79      6.13    0.72036      0.432898      0.060202      0.030422      0.060843
CI5_Crozet               19.49      5.90    0.71319      0.128100      0.054675      0.001565      0.003130
KI802_Kergulen           19.33      5.21    0.68030      0.332817      0.445428      0.182360      0.364720
HI7_Heard                19.59      5.33    0.69063      0.220348      0.330808      0.292696      0.585392
MI2265_Macquarie         19.95      5.33    0.68084      0.231972      0.273840      0.121590      0.243181
Population              mean_N    mean_k    mean_He    p_sign_TPM    p_stdv_TPM    p_W_1t_TPM    p_W_2t_TPM
137673_South_Shetlands      19.90      6.33    0.71236      0.530085      0.242872      0.269355      0.538709
W6526/26                 19.69      6.21    0.70954      0.182004      0.203109      0.590704      0.829754
A1077_Bouvetoya          19.90      5.92    0.70822      0.484279      0.133870      0.037124      0.074247
MIAGM13138_Marion_island      19.90      6.10    0.71476      0.226776      0.056654      0.021449      0.042898
CI5_Crozet               19.54      5.92    0.72417      0.017517      0.010521      0.000284      0.000568
KI813_Kergulen           19.69      5.18    0.69129      0.413549      0.156186      0.090060      0.180119
HI9_Heard                19.90      5.13    0.67380      0.037191      0.059541      0.015952      0.031905
MI2256_Macquarie         19.95      5.54    0.69432      0.419454      0.114797      0.045647      0.091294
Population              mean_N    mean_k    mean_He    p_sign_TPM    p_stdv_TPM    p_W_1t_TPM    p_W_2t_TPM
137702_South_Shetlands      19.64      6.10    0.71978      0.199390      0.360865      0.464274      0.928548
W6516/16_pup             19.74      6.10    0.71302      0.560043      0.241218      0.093284      0.186569
BI24_Bouvetoya           19.85      5.74    0.71123      0.123181      0.073013      0.011514      0.023028
MIAGM13143_Marion_island      19.95      5.97    0.71044      0.501156      0.275662      0.150049      0.300097
CI5_Crozet               19.54      5.79    0.71856      0.005957      0.004753      0.000031      0.000063
KI807_Kergulen           19.49      4.95    0.66479      0.336362      0.325428      0.194232      0.388464
HI9_Heard                19.85      5.41    0.69908      0.071200      0.060806      0.052419      0.104837
MI2261_Macquarie         19.85      5.51    0.69971      0.039699      0.059582      0.012159      0.024319
Population              mean_N    mean_k    mean_He    p_sign_TPM    p_stdv_TPM    p_W_1t_TPM    p_W_2t_TPM
137719_South_Shetlands      19.69      6.13    0.73112      0.059406      0.090403      0.030987      0.061974
W9168_mum                20.00      5.97    0.72686      0.127151      0.110369      0.011514      0.023028
BI10_Bouvetoya           19.95      5.79    0.72339      0.048897      0.013249      0.002468      0.004935
MIAGM13126_Marion_island      19.95      6.10    0.73738      0.004704      0.005632      0.000658      0.001317
CI40_Crozet              19.59      5.72    0.70525      0.209552      0.126227      0.016567      0.033135
KI813_Kergulen           19.79      5.44    0.69324      0.379358      0.246732      0.151057      0.302114
HI9_Heard                19.69      5.05    0.67187      0.252486      0.078120      0.035220      0.070440
MI2265_Macquarie         19.85      5.26    0.67857      0.237441      0.348578      0.112987      0.225975
Population              mean_N    mean_k    mean_He    p_sign_TPM    p_stdv_TPM    p_W_1t_TPM    p_W_2t_TPM
137697_South_Shetlands      19.95      6.05    0.72603      0.333392      0.399890      0.388632      0.777263
W6521/21                 19.90      6.23    0.73778      0.560303      0.275608      0.038689      0.077379
BI16_Bouvetoya           19.90      5.67    0.69030      0.476130      0.339703      0.218611      0.437222
MIAGM13120_Marion_island      19.95      6.03    0.71995      0.423352      0.401084      0.312005      0.624010
CI5_Crozet               19.64      5.69    0.70866      0.036414      0.026188      0.003626      0.007252
KI813_Kergulen           19.79      5.10    0.69397      0.107757      0.019813      0.003746      0.007492
HI3_Heard                19.74      5.15    0.67259      0.520051      0.498302      0.469759      0.939518
MI2269_Macquarie         20.00      5.36    0.68543      0.300254      0.262762      0.205275      0.410550
Population              mean_N    mean_k    mean_He    p_sign_TPM    p_stdv_TPM    p_W_1t_TPM    p_W_2t_TPM
137698_South_Shetlands      19.85      6.33    0.71587      0.159829      0.395413      0.494283      0.988565
W9173_mum                19.49      6.28    0.74479      0.088198      0.030152      0.001080      0.002159
A1072_Bouvetoya          19.79      5.64    0.71911      0.043967      0.009813      0.000820      0.001640
MIAGM13125_Marion_island      19.85      5.79    0.70554      0.040562      0.046848      0.007745      0.015490
CI39_Crozet              19.74      5.72    0.71445      0.004186      0.007017      0.000064      0.000129
KI810_Kergulen           19.54      5.03    0.68145      0.290061      0.209978      0.087792      0.175584
HI9_Heard                19.74      5.51    0.69052      0.275504      0.296220      0.225587      0.451174
MI2264_Macquarie         19.95      5.31    0.70318      0.078329      0.043737      0.010356      0.020712
Population              mean_N    mean_k    mean_He    p_sign_TPM    p_stdv_TPM    p_W_1t_TPM    p_W_2t_TPM
137720_South_Shetlands      19.79      6.18    0.73700      0.430478      0.098910      0.053785      0.107569
W6531/31_pup             19.79      5.85    0.73970      0.005462      0.002267      0.001447      0.002894
BI14_Bouvetoya           19.69      5.72    0.70977      0.288160      0.046242      0.013749      0.027497
MIAGM13122_Marion_island      19.79      6.05    0.72199      0.128139      0.096534      0.026283      0.052567
CI39_Crozet              19.79      5.87    0.72937      0.028174      0.003730      0.000084      0.000168
KI814_Kergulen           19.54      5.41    0.69798      0.089972      0.111096      0.064442      0.128884
HI36_Heard               19.74      5.26    0.67904      0.539118      0.392381      0.264798      0.529596
MI2253_Macquarie         19.90      5.13    0.67772      0.107955      0.014598      0.004808      0.009616
Population              mean_N    mean_k    mean_He    p_sign_TPM    p_stdv_TPM    p_W_1t_TPM    p_W_2t_TPM
137714_South_Shetlands      19.85      5.97    0.72258      0.379103      0.246111      0.130632      0.261265
ATP43                    19.95      6.26    0.72362      0.363249      0.193444      0.076320      0.152639
BI7_Bouvetoya            19.64      5.92    0.71305      0.440586      0.384576      0.341925      0.683851
MIAGM13060_Marion_island      19.95      6.21    0.72970      0.198775      0.153435      0.067364      0.134728
CI5_Crozet               19.59      5.85    0.72007      0.021583      0.014610      0.000957      0.001913
KI814_Kergulen           19.13      5.18    0.69029      0.169462      0.011658      0.003106      0.006212
HI9_Heard                19.59      5.08    0.67957      0.444924      0.385954      0.217332      0.434664
MI2258_Macquarie         19.95      5.28    0.68036      0.538490      0.097472      0.082835      0.165670
Population              mean_N    mean_k    mean_He    p_sign_TPM    p_stdv_TPM    p_W_1t_TPM    p_W_2t_TPM
137720_South_Shetlands      19.85      6.13    0.72341      0.454899      0.249763      0.147809      0.295618
W6532/32_pup             20.00      6.05    0.71215      0.553011      0.264528      0.530241      0.950500
BI8_Bouvetoya            19.85      5.69    0.69788      0.122650      0.124678      0.034958      0.069917
MIAGM13130_Marion_island      20.00      5.97    0.71619      0.165220      0.168414      0.046439      0.092879
CI40_Crozet              19.85      5.77    0.72226      0.001505      0.010568      0.001681      0.003361
KI816_Kergulen           19.69      5.41    0.69645      0.078331      0.161508      0.007423      0.014845
HI4_Heard                19.79      5.44    0.70342      0.222438      0.084078      0.009158      0.018315
MI1688_Macquarie         19.85      5.51    0.68386      0.513736      0.422556      0.287868      0.575736
Population              mean_N    mean_k    mean_He    p_sign_TPM    p_stdv_TPM    p_W_1t_TPM    p_W_2t_TPM
137684_South_Shetlands      19.95      6.15    0.73686      0.112714      0.087002      0.020692      0.041384
W9132_mum                19.79      5.90    0.71073      0.391433      0.228218      0.124555      0.249111
A1076_Bouvetoya          19.90      6.05    0.71131      0.354861      0.124218      0.115807      0.231613
MIAGM13064_Marion_island      19.90      6.08    0.73148      0.124746      0.091804      0.038689      0.077379
CI38_Crozet              19.64      5.87    0.71699      0.007366      0.008996      0.000107      0.000214
KI816_Kergulen           19.64      5.28    0.68856      0.425851      0.175926      0.154351      0.308703
HI9_Heard                19.64      5.10    0.66465      0.314023      0.335033      0.189818      0.379637
MI2267_Macquarie         20.00      5.59    0.70148      0.198462      0.437468      0.336864      0.673729
Population              mean_N    mean_k    mean_He    p_sign_TPM    p_stdv_TPM    p_W_1t_TPM    p_W_2t_TPM
137712_South_Shetlands      19.49      5.92    0.72358      0.014502      0.055037      0.002250      0.004500
W9135_pup                19.74      5.90    0.71611      0.192305      0.321145      0.141450      0.282901
A1082_Bouvetoya          19.90      5.72    0.71017      0.268467      0.180225      0.075056      0.150111
MIAGM13142_Marion_island      20.00      5.90    0.72119      0.060081      0.018027      0.006046      0.012092
CI40_Crozet              19.59      6.00    0.72464      0.002650      0.031643      0.000018      0.000036
KI816_Kergulen           19.38      5.26    0.69279      0.258661      0.025047      0.006575      0.013149
HI9_Heard                19.95      4.95    0.66147      0.257161      0.078907      0.033049      0.066098
MI2270_Macquarie         19.90      5.54    0.70576      0.222962      0.026967      0.011685      0.023371
Population              mean_N    mean_k    mean_He    p_sign_TPM    p_stdv_TPM    p_W_1t_TPM    p_W_2t_TPM
137708_South_Shetlands      19.85      6.31    0.72772      0.192649      0.169957      0.541204      0.928548
ATP16                    19.79      6.10    0.71969      0.266112      0.250487      0.037124      0.074247
A1097_Bouvetoya          19.85      5.79    0.73208      0.013297      0.000633      0.000016      0.000032
MIAGM13121_Marion_island      19.95      6.00    0.71851      0.226155      0.290827      0.251363      0.502726
CI5_Crozet               19.49      5.92    0.72123      0.005727      0.013679      0.003299      0.006598
KI798_Kergulen           19.69      5.28    0.68591      0.459994      0.369898      0.367633      0.735266
HI7_Heard                19.64      5.46    0.70482      0.092094      0.131676      0.044952      0.089904
MI2267_Macquarie         19.90      5.56    0.68446      0.429642      0.428115      0.176899      0.353798
Population              mean_N    mean_k    mean_He    p_sign_TPM    p_stdv_TPM    p_W_1t_TPM    p_W_2t_TPM
137706_South_Shetlands      19.79      6.03    0.71383      0.431979      0.319376      0.205275      0.410550
W6558                    19.74      5.87    0.73535      0.069735      0.022435      0.006853      0.013707
A1077_Bouvetoya          19.95      5.97    0.71493      0.074156      0.070336      0.016567      0.033135
MIAGM13139_Marion_island      19.85      5.92    0.70724      0.156559      0.253778      0.085095      0.170191
CI5_Crozet               19.54      5.56    0.70865      0.005306      0.010231      0.000354      0.000707
KI814_Kergulen           19.49      5.28    0.68988      0.074008      0.111022      0.032538      0.065076
HI7_Heard                19.64      4.82    0.66614      0.139927      0.068594      0.021449      0.042898
MI1654_Macquarie         19.90      5.41    0.67954      0.491439      0.399626      0.443015      0.886029
Population              mean_N    mean_k    mean_He    p_sign_TPM    p_stdv_TPM    p_W_1t_TPM    p_W_2t_TPM
137714_South_Shetlands      20.00      6.21    0.72969      0.427916      0.188790      0.104560      0.209119
W6512/12_pup             19.95      6.00    0.74343      0.112917      0.064838      0.014440      0.028879
A1041_Bouvetoya          19.74      5.56    0.70336      0.090677      0.033395      0.010784      0.021568
MIAGM13142_Marion_island      19.90      6.31    0.74585      0.145315      0.048991      0.011079      0.022158
CI5_Crozet               19.64      5.85    0.71288      0.088840      0.057187      0.008406      0.016812
KI812_Kergulen           19.44      5.15    0.67494      0.526584      0.085518      0.036173      0.072347
HI5_Heard                19.64      5.31    0.69356      0.028295      0.106097      0.041149      0.082299
MI2248_Macquarie         20.00      5.31    0.68880      0.468022      0.295115      0.112987      0.225975
Population              mean_N    mean_k    mean_He    p_sign_TPM    p_stdv_TPM    p_W_1t_TPM    p_W_2t_TPM
137722_South_Shetlands      19.79      6.28    0.71755      0.502874      0.392015      0.409296      0.818591
W9175_mum                19.69      6.03    0.72445      0.021484      0.043762      0.003270      0.006540
A1020_Bouvetoya          19.74      5.64    0.70937      0.117422      0.096210      0.022955      0.045909
MIAGM13140_Marion_island      19.90      6.51    0.74606      0.222025      0.288899      0.073074      0.146148
CI5_Crozet               19.64      5.77    0.71996      0.000550      0.001730      0.000005      0.000010
KI812_Kergulen           19.44      4.92    0.68235      0.003488      0.020524      0.000957      0.001913
HI9_Heard                19.85      5.21    0.66134      0.490522      0.251894      0.370786      0.741572
MI2269_Macquarie         19.79      5.46    0.69717      0.322340      0.269582      0.201344      0.402688
Population              mean_N    mean_k    mean_He    p_sign_TPM    p_stdv_TPM    p_W_1t_TPM    p_W_2t_TPM
137716_South_Shetlands      20.00      6.41    0.72470      0.457873      0.498689      0.154351      0.308703
W9178_pup                19.95      6.13    0.73641      0.126636      0.080050      0.009856      0.019713
A1081_Bouvetoya          20.00      5.64    0.70891      0.162018      0.137030      0.085095      0.170191
MIAGM13118_Marion_island      19.85      6.15    0.73170      0.007737      0.026024      0.003981      0.007961
CI40_Crozet              19.54      5.97    0.73206      0.002096      0.008533      0.000049      0.000098
KI813_Kergulen           19.54      5.08    0.69714      0.057590      0.022236      0.000695      0.001391
HI9_Heard                19.74      5.18    0.66931      0.532444      0.405625      0.357273      0.714546
MI2270_Macquarie         19.90      5.44    0.69454      0.407932      0.177487      0.073074      0.146148
Population              mean_N    mean_k    mean_He    p_sign_TPM    p_stdv_TPM    p_W_1t_TPM    p_W_2t_TPM
137715_South_Shetlands      19.69      6.15    0.73631      0.335934      0.307008      0.182360      0.364720
W6542/42_pup             19.79      6.23    0.72933      0.512312      0.237203      0.052419      0.104837
A1013_Bouvetoya          19.79      5.72    0.69975      0.052388      0.087178      0.047146      0.094292
MIAGM13122_Marion_island      19.95      6.21    0.72651      0.177314      0.147928      0.041149      0.082299
CI40_Crozet              19.59      5.92    0.72834      0.000640      0.001554      0.000006      0.000011
KI810_Kergulen           19.13      5.05    0.69510      0.108308      0.025252      0.007112      0.014224
HI9_Heard                19.79      5.38    0.68272      0.554485      0.398202      0.264798      0.529596
MI2265_Macquarie         19.95      5.49    0.69957      0.074487      0.115579      0.039602      0.079205
Population              mean_N    mean_k    mean_He    p_sign_TPM    p_stdv_TPM    p_W_1t_TPM    p_W_2t_TPM
137720_South_Shetlands      19.69      6.10    0.72160      0.186225      0.448547      0.341925      0.683851
W5737/38                 19.95      6.08    0.71736      0.292877      0.414458      0.269355      0.538709
A1056_Bouvetoya          19.90      5.79    0.70951      0.234623      0.086008      0.029407      0.058814
MIAGM13112_Marion_island      19.95      6.56    0.74407      0.464563      0.134603      0.071132      0.142264
CI5_Crozet               19.54      5.90    0.72447      0.005424      0.003725      0.000070      0.000141
KI814_Kergulen           19.59      5.46    0.70644      0.134035      0.046726      0.013402      0.026804
HI9_Heard                19.79      5.36    0.68964      0.255575      0.239302      0.050853      0.101706
MI2255_Macquarie         19.69      5.23    0.68744      0.527858      0.390938      0.143378      0.286757
Population              mean_N    mean_k    mean_He    p_sign_TPM    p_stdv_TPM    p_W_1t_TPM    p_W_2t_TPM
137709_South_Shetlands      19.74      6.10    0.72411      0.313233      0.491823      0.213269      0.426539
W9137_pup                19.59      6.18    0.72896      0.215311      0.030051      0.004808      0.009616
BI8_Bouvetoya            20.00      5.49    0.70256      0.242824      0.019594      0.005003      0.010006
MIAGM13134_Marion_island      19.79      6.33    0.73839      0.318731      0.157612      0.041149      0.082299
CI5_Crozet               19.59      5.92    0.71408      0.164976      0.108815      0.060283      0.120565
KI813_Kergulen           19.54      5.08    0.69951      0.026411      0.014210      0.003746      0.007492
HI5_Heard                19.64      5.23    0.67410      0.551515      0.482166      0.287955      0.575910
MI2251_Macquarie         19.90      5.44    0.69809      0.236028      0.112344      0.102190      0.204380
Population              mean_N    mean_k    mean_He    p_sign_TPM    p_stdv_TPM    p_W_1t_TPM    p_W_2t_TPM
137723_South_Shetlands      20.00      6.38    0.72591      0.303268      0.258213      0.469759      0.939518
Y/B132/33                19.79      5.97    0.72018      0.009496      0.118015      0.013156      0.026312
A1022_Bouvetoya          19.85      5.87    0.71827      0.307159      0.137660      0.038704      0.077408
MIAGM13136_Marion_island      19.85      6.05    0.73120      0.210661      0.060282      0.011227      0.022454
CI5_Crozet               19.54      5.77    0.71220      0.257580      0.036767      0.006575      0.013149
KI807_Kergulen           19.28      5.15    0.70706      0.176117      0.059993      0.029030      0.058060
HI36_Heard               19.69      5.31    0.68389      0.409092      0.391000      0.189818      0.379637
MI2253_Macquarie         19.90      5.21    0.68424      0.401115      0.396767      0.055356      0.110712
Population              mean_N    mean_k    mean_He    p_sign_TPM    p_stdv_TPM    p_W_1t_TPM    p_W_2t_TPM
137714_South_Shetlands      19.95      6.13    0.71989      0.084139      0.059067      0.020686      0.041373
W9178_mum                19.49      6.10    0.74053      0.066016      0.028341      0.001681      0.003361
BI23_Bouvetoya           19.95      5.69    0.71876      0.044244      0.003614      0.000654      0.001308
MIAGM13105_Marion_island      19.74      6.26    0.72734      0.111403      0.126467      0.123475      0.246950
CI40_Crozet              19.69      5.74    0.71323      0.015952      0.014808      0.000490      0.000979
KI812_Kergulen           19.38      5.36    0.69366      0.050422      0.040450      0.020347      0.040694
HI7_Heard                19.49      5.44    0.70338      0.331323      0.188303      0.083383      0.166766
MI2267_Macquarie         19.90      5.41    0.68346      0.220458      0.308352      0.524750      0.961490
Population              mean_N    mean_k    mean_He    p_sign_TPM    p_stdv_TPM    p_W_1t_TPM    p_W_2t_TPM
137714_South_Shetlands      19.95      6.10    0.72256      0.225688      0.385971      0.156918      0.313835
Y/B132/33                19.95      6.13    0.72717      0.552824      0.229962      0.127569      0.255139
A1028_Bouvetoya          20.00      5.64    0.70391      0.001778      0.018501      0.001341      0.002681
MIAGM13136_Marion_island      19.74      5.82    0.72355      0.224537      0.045229      0.008426      0.016852
CI5_Crozet               19.74      5.85    0.72053      0.181685      0.010673      0.006575      0.013149
KI807_Kergulen           19.59      5.26    0.69885      0.262530      0.037550      0.019289      0.038578
HI9_Heard                19.69      5.00    0.66017      0.484906      0.467448      0.491745      0.983491
MI2260_Macquarie         19.90      5.49    0.69917      0.379672      0.118591      0.095848      0.191696
Population              mean_N    mean_k    mean_He    p_sign_TPM    p_stdv_TPM    p_W_1t_TPM    p_W_2t_TPM
137716_South_Shetlands      19.90      6.10    0.72985      0.114256      0.203818      0.043731      0.087463
W6530/30_pup             19.74      5.92    0.72582      0.282817      0.372554      0.154351      0.308703
BI24_Bouvetoya           19.49      5.79    0.73386      0.055113      0.011149      0.000695      0.001391
MIAGM13111_Marion_island      20.00      6.18    0.71363      0.389048      0.413828      0.124555      0.249111
CI5_Crozet               19.59      5.72    0.70933      0.030521      0.099181      0.014983      0.029967
KI814_Kergulen           19.33      5.64    0.71685      0.061963      0.031635      0.009475      0.018950
HI4_Heard                19.64      5.26    0.68414      0.279174      0.165392      0.083383      0.166766
MI2265_Macquarie         19.74      5.31    0.68442      0.494911      0.449116      0.174959      0.349918
Population              mean_N    mean_k    mean_He    p_sign_TPM    p_stdv_TPM    p_W_1t_TPM    p_W_2t_TPM
137700_South_Shetlands      19.74      6.23    0.73190      0.295503      0.113150      0.081240      0.162480
W9169_pup                19.85      6.08    0.71959      0.050081      0.253390      0.055356      0.110712
BI6_Bouvetoya            19.90      5.82    0.71589      0.197223      0.168007      0.132257      0.264514
MIAGM13143_Marion_island      19.95      6.21    0.73926      0.102627      0.012046      0.000333      0.000667
CI40_Crozet              19.69      5.77    0.71670      0.029579      0.034184      0.004674      0.009348
KI813_Kergulen           19.59      5.46    0.70278      0.283588      0.181139      0.123475      0.246950
HI9_Heard                19.74      5.23    0.68577      0.059544      0.186333      0.126357      0.252714
MI2255_Macquarie         19.85      5.64    0.70944      0.313741      0.238380      0.083383      0.166766
Population              mean_N    mean_k    mean_He    p_sign_TPM    p_stdv_TPM    p_W_1t_TPM    p_W_2t_TPM
137711_South_Shetlands      19.44      6.38    0.73910      0.218611      0.460905      0.209250      0.418500
W9168_pup                19.59      5.67    0.71651      0.427809      0.253240      0.071132      0.142264
A1091_Bouvetoya          19.79      5.62    0.71561      0.131186      0.011099      0.002044      0.004087
MIAGM13124_Marion_island      19.95      5.62    0.70689      0.139865      0.041700      0.009158      0.018315
CI5_Crozet               19.59      5.90    0.73005      0.030552      0.003358      0.000233      0.000466
KI801_Kergulen           19.59      5.26    0.67660      0.286995      0.308028      0.055226      0.110452
HI5_Heard                19.69      5.23    0.69134      0.274463      0.101627      0.060283      0.120565
MI2251_Macquarie         19.95      5.33    0.68650      0.119047      0.196230      0.053785      0.107569
Population              mean_N    mean_k    mean_He    p_sign_TPM    p_stdv_TPM    p_W_1t_TPM    p_W_2t_TPM
137720_South_Shetlands      19.79      6.33    0.72671      0.542001      0.488258      0.336864      0.673729
W04                      19.69      6.08    0.73376      0.069700      0.126367      0.035220      0.070440
BI8_Bouvetoya            19.90      5.79    0.70599      0.255005      0.082415      0.030422      0.060845
MIAGM13116_Marion_island      19.85      6.21    0.72008      0.177175      0.299927      0.264798      0.529596
CI40_Crozet              19.85      5.87    0.72216      0.006532      0.018226      0.000235      0.000470
KI812_Kergulen           19.49      4.97    0.67364      0.225117      0.107818      0.064442      0.128884
HI9_Heard                19.69      5.08    0.68341      0.490536      0.150894      0.055661      0.111322
MI2256_Macquarie         19.79      5.51    0.70391      0.103287      0.017939      0.003971      0.007943
Population              mean_N    mean_k    mean_He    p_sign_TPM    p_stdv_TPM    p_W_1t_TPM    p_W_2t_TPM
137699_South_Shetlands      19.85      6.23    0.71712      0.449934      0.451187      0.278581      0.557162
W6754                    19.85      5.77    0.72717      0.006709      0.008958      0.000076      0.000151
BI10_Bouvetoya           19.85      5.87    0.72191      0.002300      0.007969      0.000410      0.000819
MIAGM13128_Marion_island      19.95      6.00    0.72337      0.257076      0.101945      0.046374      0.092749
CI5_Crozet               19.69      5.82    0.71948      0.014883      0.010034      0.000693      0.001385
KI806_Kergulen           19.64      5.38    0.70490      0.314411      0.081335      0.016718      0.033436
HI9_Heard                19.79      5.36    0.68324      0.521401      0.213792      0.130632      0.261265
MI2265_Macquarie         19.79      5.49    0.70519      0.497977      0.130543      0.067364      0.134728
Population              mean_N    mean_k    mean_He    p_sign_TPM    p_stdv_TPM    p_W_1t_TPM    p_W_2t_TPM
137712_South_Shetlands      19.54      6.10    0.71309      0.311961      0.462613      0.154410      0.308820
W1_Wilson_Harbour        19.85      6.00    0.71195      0.042117      0.103001      0.007745      0.015490
BI14_Bouvetoya           19.90      5.79    0.69314      0.461551      0.178152      0.130632      0.261265
MIAGM13137_Marion_island      19.85      6.00    0.72605      0.237104      0.144992      0.099609      0.199218
CI38_Crozet              19.79      5.74    0.71362      0.101329      0.029503      0.006046      0.012092
KI813_Kergulen           19.49      5.18    0.68139      0.566296      0.371331      0.326829      0.653658
HI7_Heard                19.49      5.26    0.69150      0.418862      0.329161      0.182360      0.364720
MI2269_Macquarie         19.95      5.26    0.66945      0.090404      0.124165      0.707304      0.594945
Population              mean_N    mean_k    mean_He    p_sign_TPM    p_stdv_TPM    p_W_1t_TPM    p_W_2t_TPM
137684_South_Shetlands      19.90      6.41    0.72776      0.540175      0.380479      0.112398      0.224797
W6550                    19.64      6.10    0.73756      0.533630      0.068194      0.014440      0.028879
A1100_Bouvetoya          19.95      5.92    0.71114      0.508935      0.489762      0.202281      0.404563
MIAGM13122_Marion_island      19.95      6.03    0.72387      0.149501      0.216368      0.078448      0.156895
CI5_Crozet               19.54      5.59    0.71711      0.003981      0.003186      0.000110      0.000219
KI813_Kergulen           19.33      5.36    0.69911      0.296639      0.211923      0.129284      0.258568
HI9_Heard                19.59      5.23    0.68471      0.118764      0.224559      0.081240      0.162480
MI2264_Macquarie         20.00      5.77    0.70756      0.541211      0.486231      0.225587      0.451174
Population              mean_N    mean_k    mean_He    p_sign_TPM    p_stdv_TPM    p_W_1t_TPM    p_W_2t_TPM
137691_South_Shetlands      19.95      6.36    0.73908      0.055301      0.028513      0.007442      0.014884
W16                      19.90      6.10    0.72081      0.073176      0.098560      0.014221      0.028441
A1021_Bouvetoya          19.79      5.49    0.69078      0.155670      0.157455      0.035932      0.071863
MIAGM13134_Marion_island      19.79      5.82    0.70743      0.434812      0.218285      0.083383      0.166766
CI40_Crozet              19.69      5.79    0.71364      0.077795      0.023594      0.002468      0.004935
KI807_Kergulen           19.49      5.21    0.68264      0.134361      0.195273      0.060811      0.121623
HI9_Heard                19.95      5.28    0.68712      0.457692      0.170775      0.112987      0.225975
MI1669_Macquarie         19.79      5.18    0.66941      0.401325      0.260287      0.115807      0.231613
Population              mean_N    mean_k    mean_He    p_sign_TPM    p_stdv_TPM    p_W_1t_TPM    p_W_2t_TPM
137707_South_Shetlands      19.79      6.08    0.71692      0.266853      0.449129      0.336864      0.673729
Y/B142/43                19.79      6.00    0.70784      0.381142      0.156025      0.037124      0.074247
A1095_Bouvetoya          19.95      5.74    0.70271      0.254252      0.248855      0.068234      0.136468
MIAGM13131_Marion_island      20.00      6.13    0.73374      0.125019      0.068700      0.013402      0.026804
CI5_Crozet               19.54      5.82    0.71474      0.079212      0.006780      0.000618      0.001236
KI816_Kergulen           19.49      5.28    0.68792      0.078278      0.122678      0.055661      0.111322
HI9_Heard                19.79      5.08    0.67114      0.441729      0.217395      0.169188      0.338376
MI2256_Macquarie         19.95      5.38    0.69620      0.092878      0.010087      0.002809      0.005618
Population              mean_N    mean_k    mean_He    p_sign_TPM    p_stdv_TPM    p_W_1t_TPM    p_W_2t_TPM
137638_South_Shetlands      19.79      6.13    0.74744      0.034362      0.005035      0.000471      0.000943
Y/B132/33                19.54      5.90    0.72052      0.203566      0.141266      0.085567      0.171134
A1059_Bouvetoya          19.90      5.67    0.69950      0.234871      0.226842      0.072192      0.144384
MIAGM13115_Marion_island      19.85      6.23    0.74712      0.022505      0.016736      0.001139      0.002279
CI40_Crozet              19.59      5.74    0.70987      0.007447      0.033922      0.000775      0.001551
KI807_Kergulen           19.49      5.31    0.68735      0.466891      0.335978      0.234013      0.468025
HI4_Heard                19.74      5.31    0.69240      0.105969      0.117105      0.036348      0.072695
MI2252_Macquarie         19.90      5.46    0.69459      0.468369      0.117146      0.087400      0.174800
Population              mean_N    mean_k    mean_He    p_sign_TPM    p_stdv_TPM    p_W_1t_TPM    p_W_2t_TPM
137702_South_Shetlands      19.64      6.31    0.72968      0.136671      0.418639      0.144607      0.289213
Y/B132/33                19.74      6.10    0.72894      0.244602      0.246338      0.038347      0.076694
A1076_Bouvetoya          19.64      5.95    0.71699      0.193010      0.394214      0.238288      0.476577
MIAGM13135_Marion_island      20.00      5.90    0.70958      0.082992      0.041648      0.008785      0.017571
CI5_Crozet               19.54      5.49    0.70042      0.017274      0.017736      0.000435      0.000870
KI807_Kergulen           19.44      5.15    0.69415      0.017510      0.012866      0.002722      0.005443
HI9_Heard                19.64      5.23    0.68486      0.453221      0.334285      0.157692      0.315383
MI2253_Macquarie         19.95      5.41    0.69203      0.106873      0.166427      0.036348      0.072695
Population              mean_N    mean_k    mean_He    p_sign_TPM    p_stdv_TPM    p_W_1t_TPM    p_W_2t_TPM
137707_South_Shetlands      19.79      6.23    0.72565      0.474284      0.398867      0.242606      0.485211
W6551                    19.85      6.23    0.71883      0.354273      0.270097      0.146689      0.293377
A1074_Bouvetoya          19.69      5.54    0.70263      0.036797      0.102942      0.035932      0.071863
MIAGM13117_Marion_island      19.95      6.18    0.72909      0.001639      0.022777      0.001947      0.003894
CI5_Crozet               19.49      5.92    0.72592      0.009844      0.011282      0.000558      0.001116
KI816_Kergulen           19.49      5.05    0.68636      0.132067      0.040973      0.016122      0.032244
HI7_Heard                19.74      5.00    0.67211      0.537606      0.329030      0.107493      0.214987
MI2262_Macquarie         19.90      5.38    0.70059      0.267671      0.098486      0.025416      0.050833
Population              mean_N    mean_k    mean_He    p_sign_TPM    p_stdv_TPM    p_W_1t_TPM    p_W_2t_TPM
137692_South_Shetlands      19.74      6.23    0.74242      0.083109      0.031346      0.006305      0.012611
W9134_mum                19.85      6.05    0.72933      0.033720      0.077386      0.013913      0.027825
BI1_Bouvetoya            19.95      5.92    0.71782      0.564052      0.474274      0.447863      0.895725
MIAGM13141_Marion_island      19.64      6.18    0.73071      0.199139      0.043210      0.005098      0.010195
CI5_Crozet               19.69      5.79    0.71498      0.166797      0.018170      0.003123      0.006247
KI806_Kergulen           18.97      5.15    0.69756      0.062074      0.034384      0.012907      0.025814
HI7_Heard                19.64      5.31    0.67677      0.322984      0.287414      0.519255      0.972488
MI2260_Macquarie         19.90      5.18    0.66766      0.508938      0.469259      0.317977      0.635953
Population              mean_N    mean_k    mean_He    p_sign_TPM    p_stdv_TPM    p_W_1t_TPM    p_W_2t_TPM
137704_South_Shetlands      19.79      6.28    0.74127      0.565544      0.314838      0.606066      0.798511
W9177_pup                19.90      5.92    0.72677      0.256568      0.055397      0.046439      0.092879
A1047_Bouvetoya          19.90      5.74    0.71890      0.011959      0.006057      0.000296      0.000593
MIAGM13123_Marion_island      20.00      5.95    0.70972      0.343869      0.026432      0.009943      0.019885
CI40_Crozet              19.59      5.82    0.72543      0.011848      0.005390      0.000354      0.000707
KI813_Kergulen           19.44      5.28    0.70359      0.305597      0.050798      0.026283      0.052567
HI7_Heard                19.79      5.28    0.69122      0.510852      0.292318      0.104818      0.209636
MI2260_Macquarie         19.79      5.08    0.68085      0.010682      0.034514      0.014983      0.029967
Population              mean_N    mean_k    mean_He    p_sign_TPM    p_stdv_TPM    p_W_1t_TPM    p_W_2t_TPM
137701_South_Shetlands      19.90      6.31    0.74883      0.014730      0.021381      0.010658      0.021316
W6552                    19.95      5.72    0.72020      0.019315      0.026483      0.000386      0.000771
BI17_Bouvetoya           19.79      5.56    0.70796      0.306060      0.018489      0.014315      0.028630
MIAGM13126_Marion_island      19.85      5.87    0.72176      0.038654      0.007419      0.001202      0.002405
CI5_Crozet               19.59      5.95    0.72861      0.001968      0.001215      0.000039      0.000079
KI806_Kergulen           19.49      5.21    0.70701      0.196468      0.025228      0.009107      0.018213
HI5_Heard                19.74      5.31    0.67933      0.394924      0.306024      0.193615      0.387231
MI2260_Macquarie         19.90      5.36    0.67078      0.121886      0.134969      0.283250      0.566500
Population              mean_N    mean_k    mean_He    p_sign_TPM    p_stdv_TPM    p_W_1t_TPM    p_W_2t_TPM
137719_South_Shetlands      19.90      6.31    0.72590      0.568283      0.434874      0.201344      0.402688
SG15_South_Georgia       19.85      6.10    0.72926      0.296171      0.189198      0.022955      0.045909
A1002_Bouvetoya          19.85      5.77    0.70965      0.143040      0.098216      0.057339      0.114678
MIAGM13069_Marion_island      19.69      6.26    0.73451      0.119555      0.069087      0.003422      0.006844
CI5_Crozet               19.54      5.67    0.70287      0.231528      0.126453      0.013156      0.026312
KI812_Kergulen           19.13      4.97    0.67420      0.112889      0.085174      0.042761      0.085522
HI4_Heard                19.69      5.36    0.69707      0.438793      0.278709      0.201344      0.402688
MI2261_Macquarie         20.00      5.15    0.66572      0.404633      0.302525      0.085890      0.171780
Population              mean_N    mean_k    mean_He    p_sign_TPM    p_stdv_TPM    p_W_1t_TPM    p_W_2t_TPM
137714_South_Shetlands      19.79      6.00    0.70869      0.534383      0.265886      0.236369      0.472737
W9162_mum                19.79      5.87    0.71375      0.086406      0.089944      0.010356      0.020712
A1093_Bouvetoya          19.79      5.77    0.71441      0.103397      0.070799      0.012907      0.025814
MIAGM13128_Marion_island      19.79      5.95    0.72774      0.079715      0.151753      0.024573      0.049146
CI40_Crozet              19.69      5.85    0.71675      0.016232      0.011588      0.002126      0.004252
KI813_Kergulen           19.49      5.26    0.69033      0.447498      0.111697      0.039602      0.079205
HI9_Heard                19.85      5.36    0.69150      0.401052      0.165607      0.085095      0.170191
MI2250_Macquarie         20.00      5.15    0.66680      0.411818      0.119584      0.022773      0.045547
Population              mean_N    mean_k    mean_He    p_sign_TPM    p_stdv_TPM    p_W_1t_TPM    p_W_2t_TPM
137683_South_Shetlands      19.90      6.69    0.73943      0.528761      0.488067      0.321856      0.643713
W9177_mum                19.74      5.69    0.70673      0.009589      0.003286      0.000232      0.000463
BI23_Bouvetoya           19.90      6.03    0.71273      0.131262      0.207388      0.124555      0.249111
MIAGM13139_Marion_island      20.00      6.03    0.71862      0.272409      0.081186      0.011227      0.022454
CI5_Crozet               19.74      5.85    0.72223      0.071676      0.003337      0.000284      0.000568
KI801_Kergulen           19.54      5.26    0.69990      0.418242      0.061555      0.023752      0.047505
HI9_Heard                19.69      5.36    0.68230      0.527643      0.449149      0.387160      0.774320
MI2267_Macquarie         20.00      5.67    0.68866      0.425589      0.294561      0.180834      0.361668
Population              mean_N    mean_k    mean_He    p_sign_TPM    p_stdv_TPM    p_W_1t_TPM    p_W_2t_TPM
137705_South_Shetlands      19.64      6.00    0.73196      0.415572      0.248711      0.094721      0.189442
W6542/42                 19.79      6.13    0.72179      0.239550      0.304854      0.104818      0.209636
BI14_Bouvetoya           19.90      5.72    0.69528      0.057217      0.150440      0.036173      0.072347
MIAGM13138_Marion_island      19.69      5.90    0.71938      0.150439      0.109408      0.029407      0.058814
CI39_Crozet              19.74      5.72    0.71049      0.117579      0.014250      0.003981      0.007961
KI816_Kergulen           19.49      5.08    0.69286      0.014447      0.005237      0.001447      0.002894
HI9_Heard                19.95      5.10    0.67011      0.435177      0.200972      0.102035      0.204070
MI2270_Macquarie         19.79      5.21    0.67365      0.538240      0.400418      0.273324      0.546649
