Population              mean_N    mean_k    mean_He    p_sign_TPM    p_stdv_TPM    p_W_1t_TPM    p_W_2t_TPM
137723_South_Shetlands      19.90      6.44    0.74981      0.001695      0.011276      0.000421      0.000841
W6546                    19.79      5.95    0.72624      0.153144      0.017747      0.000968      0.001936
BI6_Bouvetoya            19.85      5.74    0.70477      0.108898      0.128731      0.058604      0.117209
MIAGM13136_Marion_island      19.85      6.10    0.71743      0.399036      0.192480      0.115807      0.231613
CI5_Crozet               19.38      5.79    0.70360      0.464811      0.201178      0.038347      0.076694
KI816_Kergulen           19.23      5.18    0.68703      0.238632      0.173106      0.082835      0.165670
HI9_Heard                19.64      4.97    0.66332      0.376797      0.287881      0.147809      0.295618
MI2269_Macquarie         19.90      5.41    0.68646      0.089080      0.400774      0.458796      0.917591
Population              mean_N    mean_k    mean_He    p_sign_TPM    p_stdv_TPM    p_W_1t_TPM    p_W_2t_TPM
137712_South_Shetlands      19.59      5.97    0.73435      0.011524      0.014242      0.005322      0.010643
W9170_mum                19.90      6.08    0.74182      0.182219      0.039782      0.009475      0.018950
A1098_Bouvetoya          19.74      5.85    0.72490      0.035984      0.036808      0.000314      0.000629
MIAGM13144_Marion_island      19.74      6.38    0.72884      0.534383      0.141877      0.070192      0.140385
CI5_Crozet               19.59      5.51    0.70480      0.001979      0.002995      0.000007      0.000013
KI813_Kergulen           19.79      5.23    0.69355      0.054486      0.051587      0.012428      0.024856
HI28_Heard               19.69      5.38    0.68624      0.348153      0.355325      0.110216      0.220433
MI2254_Macquarie         19.90      5.56    0.69520      0.466665      0.282808      0.153458      0.306917
Population              mean_N    mean_k    mean_He    p_sign_TPM    p_stdv_TPM    p_W_1t_TPM    p_W_2t_TPM
137722_South_Shetlands      19.79      6.41    0.75262      0.339568      0.172574      0.094721      0.189442
W9134_pup                19.74      6.05    0.72471      0.091430      0.147136      0.031466      0.062932
2270_Bouvetoya           19.95      5.90    0.71087      0.151394      0.107602      0.033639      0.067279
MIAGM13141_Marion_island      19.74      6.08    0.72042      0.117990      0.050640      0.005532      0.011064
CI5_Crozet               19.69      5.74    0.71730      0.031456      0.030438      0.004281      0.008562
KI816_Kergulen           19.85      5.38    0.68365      0.505297      0.347611      0.225587      0.451174
HI5_Heard                19.54      5.18    0.68043      0.453885      0.133298      0.064442      0.128884
MI2270_Macquarie         19.90      5.26    0.70324      0.227386      0.008831      0.002349      0.004697
Population              mean_N    mean_k    mean_He    p_sign_TPM    p_stdv_TPM    p_W_1t_TPM    p_W_2t_TPM
137723_South_Shetlands      19.90      6.31    0.72913      0.120807      0.455044      0.123475      0.246950
Y/B144/45                19.79      5.92    0.72428      0.067577      0.113630      0.067364      0.134728
A1033_Bouvetoya          19.85      5.69    0.71736      0.402805      0.063124      0.017965      0.035930
MIAGM13142_Marion_island      19.90      6.26    0.73161      0.112489      0.128035      0.071132      0.142264
CI5_Crozet               19.54      5.77    0.71546      0.003783      0.029990      0.000775      0.001550
KI794_Kergulen           19.54      5.08    0.69169      0.035970      0.033274      0.002349      0.004697
HI9_Heard                19.69      5.21    0.67580      0.487343      0.374304      0.231946      0.463892
MI1666_Macquarie         19.90      5.82    0.69397      0.463609      0.452093      0.317977      0.635953
Population              mean_N    mean_k    mean_He    p_sign_TPM    p_stdv_TPM    p_W_1t_TPM    p_W_2t_TPM
137688_South_Shetlands      19.95      6.51    0.75056      0.308558      0.105861      0.016122      0.032244
W9134_mum                19.74      5.97    0.71286      0.538151      0.430755      0.273949      0.547898
A1073_Bouvetoya          19.85      5.59    0.69849      0.158113      0.091569      0.014221      0.028441
MIAGM13133_Marion_island      19.95      6.21    0.70872      0.244176      0.325466      0.202281      0.404563
CI40_Crozet              19.59      5.97    0.72498      0.163069      0.038116      0.002594      0.005187
KI813_Kergulen           19.38      5.08    0.68565      0.138742      0.032832      0.008426      0.016852
HI5_Heard                19.64      5.05    0.67585      0.192378      0.167104      0.081240      0.162480
MI2259_Macquarie         20.00      5.54    0.69271      0.302832      0.382295      0.270272      0.540545
Population              mean_N    mean_k    mean_He    p_sign_TPM    p_stdv_TPM    p_W_1t_TPM    p_W_2t_TPM
137722_South_Shetlands      20.00      6.13    0.72537      0.151153      0.084294      0.012159      0.024319
W6550                    19.74      6.05    0.71704      0.312174      0.346259      0.051875      0.103749
A1051_Bouvetoya          19.79      5.90    0.71176      0.522742      0.200931      0.102190      0.204380
MIAGM13133_Marion_island      19.85      6.15    0.72373      0.316659      0.168757      0.081240      0.162480
CI5_Crozet               19.54      5.59    0.71167      0.073625      0.008931      0.000618      0.001236
KI813_Kergulen           19.23      5.28    0.69342      0.538856      0.117095      0.042425      0.084850
HI9_Heard                19.69      5.46    0.68656      0.251009      0.181930      0.552137      0.906650
MI2270_Macquarie         19.90      5.41    0.68170      0.535283      0.207079      0.190280      0.380559
Population              mean_N    mean_k    mean_He    p_sign_TPM    p_stdv_TPM    p_W_1t_TPM    p_W_2t_TPM
137704_South_Shetlands      19.90      6.38    0.74712      0.226644      0.471811      0.164510      0.329021
W9138_pup                19.79      6.05    0.74022      0.027509      0.011249      0.000471      0.000943
A1081_Bouvetoya          19.64      5.69    0.70757      0.354873      0.056007      0.019946      0.039893
MIAGM13133_Marion_island      19.90      6.21    0.71607      0.294253      0.273952      0.064332      0.128663
CI5_Crozet               19.59      5.62    0.71297      0.004605      0.004224      0.000142      0.000284
KI806_Kergulen           19.18      5.23    0.70299      0.204244      0.064987      0.025416      0.050833
HI9_Heard                19.69      5.15    0.66821      0.392458      0.345911      0.255802      0.511604
MI2267_Macquarie         19.95      5.15    0.67478      0.569614      0.332784      0.201302      0.402604
Population              mean_N    mean_k    mean_He    p_sign_TPM    p_stdv_TPM    p_W_1t_TPM    p_W_2t_TPM
137708_South_Shetlands      19.79      6.23    0.72547      0.315186      0.296498      0.606066      0.798511
Y/B144/45                19.59      6.05    0.71436      0.528996      0.198624      0.372849      0.745698
A1051_Bouvetoya          19.74      5.74    0.71045      0.061312      0.093425      0.005532      0.011064
MIAGM13116_Marion_island      20.00      5.95    0.71457      0.043738      0.129803      0.032538      0.065076
CI40_Crozet              19.64      5.82    0.71260      0.116154      0.117145      0.030987      0.061974
KI813_Kergulen           19.69      5.08    0.68452      0.067076      0.028823      0.007112      0.014224
HI5_Heard                19.79      5.38    0.68425      0.192645      0.246498      0.117847      0.235693
MI2270_Macquarie         19.95      5.26    0.68209      0.547193      0.261175      0.169188      0.338376
Population              mean_N    mean_k    mean_He    p_sign_TPM    p_stdv_TPM    p_W_1t_TPM    p_W_2t_TPM
137717_South_Shetlands      19.95      6.10    0.71585      0.349089      0.288042      0.178699      0.357397
W6755                    19.85      5.97    0.70135      0.073249      0.024720      0.842308      0.322156
2261_Bouvetoya           19.64      5.74    0.70668      0.080237      0.049536      0.006523      0.013047
MIAGM13144_Marion_island      19.85      6.26    0.72874      0.396844      0.380585      0.067364      0.134728
CI5_Crozet               19.54      5.90    0.72404      0.021768      0.000825      0.000004      0.000008
KI806_Kergulen           19.59      5.05    0.68015      0.072208      0.104005      0.017857      0.035713
HI9_Heard                19.79      5.31    0.67397      0.449304      0.451389      0.246076      0.492152
MI2259_Macquarie         19.95      5.56    0.70781      0.102520      0.042832      0.005795      0.011591
Population              mean_N    mean_k    mean_He    p_sign_TPM    p_stdv_TPM    p_W_1t_TPM    p_W_2t_TPM
137712_South_Shetlands      19.64      6.21    0.71171      0.487425      0.343975      0.392663      0.785327
W6541/41_pup             19.79      6.00    0.71717      0.538892      0.472054      0.269355      0.538709
A1074_Bouvetoya          19.74      5.67    0.71775      0.281358      0.107412      0.060283      0.120565
MIAGM13128_Marion_island      19.95      6.18    0.72981      0.443041      0.302335      0.104560      0.209119
CI40_Crozet              19.59      5.62    0.71044      0.028978      0.019997      0.000375      0.000749
KI813_Kergulen           19.85      5.33    0.68777      0.313347      0.474289      0.147809      0.295618
HI5_Heard                19.79      5.31    0.69368      0.337408      0.058688      0.012649      0.025299
MI2265_Macquarie         19.64      5.03    0.66463      0.214387      0.201303      0.059445      0.118890
Population              mean_N    mean_k    mean_He    p_sign_TPM    p_stdv_TPM    p_W_1t_TPM    p_W_2t_TPM
137721_South_Shetlands      19.79      6.13    0.71957      0.438697      0.484243      0.287955      0.575910
W6552                    19.90      6.18    0.72715      0.523656      0.265575      0.060283      0.120565
A1066_Bouvetoya          19.90      5.62    0.69597      0.296644      0.103120      0.011192      0.022383
MIAGM13112_Marion_island      19.90      6.10    0.72037      0.143279      0.055735      0.023876      0.047753
CI5_Crozet               19.33      5.69    0.71381      0.012391      0.005672      0.000144      0.000288
KI807_Kergulen           19.33      5.21    0.69896      0.303600      0.074601      0.063749      0.127497
HI5_Heard                19.69      5.31    0.69131      0.414352      0.187129      0.094721      0.189442
MI2267_Macquarie         19.95      5.59    0.69939      0.186202      0.164074      0.055226      0.110452
Population              mean_N    mean_k    mean_He    p_sign_TPM    p_stdv_TPM    p_W_1t_TPM    p_W_2t_TPM
137706_South_Shetlands      19.95      6.51    0.74736      0.332502      0.209684      0.099554      0.199107
W6540/40_pup             19.74      5.79    0.71444      0.005421      0.053060      0.002857      0.005714
BI17_Bouvetoya           19.90      5.74    0.70238      0.194449      0.070575      0.007266      0.014532
MIAGM13144_Marion_island      19.85      6.03    0.72085      0.557742      0.294178      0.112398      0.224797
CI5_Crozet               19.49      5.69    0.71371      0.002045      0.005809      0.000025      0.000050
KI816_Kergulen           19.33      5.00    0.67361      0.148312      0.023697      0.008785      0.017571
HI9_Heard                19.69      5.08    0.68074      0.418267      0.236238      0.126357      0.252714
MI2259_Macquarie         19.74      5.36    0.69233      0.496764      0.220941      0.133745      0.267489
Population              mean_N    mean_k    mean_He    p_sign_TPM    p_stdv_TPM    p_W_1t_TPM    p_W_2t_TPM
137714_South_Shetlands      19.95      5.97    0.72384      0.251335      0.177435      0.068234      0.136468
W9177_pup                19.74      6.05    0.72843      0.081970      0.006538      0.000302      0.000604
A1078_Bouvetoya          19.69      5.82    0.70084      0.113048      0.264969      0.120638      0.241276
MIAGM13133_Marion_island      19.79      6.18    0.73496      0.098894      0.104318      0.014221      0.028441
CI5_Crozet               19.54      5.82    0.71168      0.011247      0.037184      0.009475      0.018950
KI812_Kergulen           19.28      5.08    0.68610      0.058474      0.086879      0.025432      0.050864
HI7_Heard                19.74      5.26    0.68373      0.298679      0.474344      0.123475      0.246950
MI2269_Macquarie         20.00      5.46    0.69879      0.099294      0.074456      0.013913      0.027825
Population              mean_N    mean_k    mean_He    p_sign_TPM    p_stdv_TPM    p_W_1t_TPM    p_W_2t_TPM
137707_South_Shetlands      19.64      6.46    0.73034      0.348351      0.460782      0.292696      0.585392
W9136_pup                19.90      6.36    0.73278      0.469892      0.273196      0.209250      0.418500
A1011_Bouvetoya          19.85      5.56    0.71575      0.033325      0.012508      0.004096      0.008191
MIAGM13137_Marion_island      19.95      6.03    0.73194      0.114236      0.053831      0.029030      0.058060
CI40_Crozet              19.74      5.92    0.72531      0.007028      0.028183      0.000618      0.001236
KI814_Kergulen           19.49      5.03    0.69042      0.028869      0.021273      0.008406      0.016812
HI9_Heard                19.64      5.05    0.67800      0.409627      0.147297      0.043731      0.087463
MI2267_Macquarie         19.85      5.23    0.68052      0.195918      0.140957      0.037422      0.074843
Population              mean_N    mean_k    mean_He    p_sign_TPM    p_stdv_TPM    p_W_1t_TPM    p_W_2t_TPM
137723_South_Shetlands      19.79      6.15    0.73653      0.032038      0.274795      0.011514      0.023028
W04                      19.95      5.97    0.73380      0.190345      0.056627      0.016718      0.033436
BI2_Bouvetoya            19.95      5.74    0.70201      0.131179      0.043201      0.018532      0.037064
MIAGM13136_Marion_island      19.64      6.00    0.71897      0.029282      0.009162      0.000365      0.000729
CI34_Crozet              19.59      5.85    0.71884      0.010362      0.004972      0.000024      0.000047
KI812_Kergulen           19.13      5.15    0.69962      0.096303      0.010425      0.001827      0.003653
HI9_Heard                19.69      5.28    0.68817      0.433237      0.297656      0.238288      0.476577
MI2260_Macquarie         20.00      5.64    0.71066      0.330178      0.105009      0.060811      0.121623
Population              mean_N    mean_k    mean_He    p_sign_TPM    p_stdv_TPM    p_W_1t_TPM    p_W_2t_TPM
137672_South_Shetlands      19.79      6.28    0.71972      0.495411      0.456331      0.210522      0.421045
W9137_mum                19.64      6.00    0.72478      0.530995      0.356460      0.097116      0.194231
A1085_Bouvetoya          19.69      5.56    0.69922      0.163484      0.182153      0.110216      0.220433
MIAGM13137_Marion_island      20.00      5.90    0.71498      0.016359      0.057289      0.005471      0.010943
CI39_Crozet              19.69      5.74    0.71926      0.001283      0.005398      0.000333      0.000667
KI812_Kergulen           19.74      5.15    0.69476      0.076751      0.017447      0.009158      0.018315
HI7_Heard                19.85      5.18    0.66972      0.099775      0.313202      0.076709      0.153418
MI2269_Macquarie         19.90      5.21    0.67157      0.512481      0.452384      0.321856      0.643713
Population              mean_N    mean_k    mean_He    p_sign_TPM    p_stdv_TPM    p_W_1t_TPM    p_W_2t_TPM
137710_South_Shetlands      19.95      5.95    0.70126      0.173502      0.187484      0.092146      0.184292
W9175_pup                19.54      6.00    0.72664      0.465368      0.158168      0.019289      0.038578
A1069_Bouvetoya          20.00      5.77    0.69042      0.519987      0.310767      0.178715      0.357431
MIAGM13138_Marion_island      19.85      6.18    0.72928      0.323460      0.313195      0.053785      0.107569
CI40_Crozet              19.69      6.03    0.73007      0.026718      0.015062      0.001766      0.003531
KI813_Kergulen           19.38      5.36    0.70205      0.120452      0.270112      0.081240      0.162480
HI7_Heard                19.74      5.18    0.68143      0.191046      0.338043      0.182360      0.364720
MI1680_Macquarie         19.85      5.31    0.67850      0.554177      0.239314      0.130615      0.261230
Population              mean_N    mean_k    mean_He    p_sign_TPM    p_stdv_TPM    p_W_1t_TPM    p_W_2t_TPM
137691_South_Shetlands      19.64      6.26    0.72740      0.405792      0.445115      0.150049      0.300097
W6532/32                 19.69      6.23    0.73177      0.400697      0.070029      0.029030      0.058060
BI1_Bouvetoya            19.90      5.77    0.71882      0.079979      0.019742      0.004365      0.008731
MIAGM13136_Marion_island      19.90      6.56    0.73314      0.276971      0.385759      0.302759      0.605517
CI5_Crozet               19.49      5.85    0.72042      0.000950      0.000790      0.000002      0.000004
KI810_Kergulen           19.59      5.38    0.68808      0.434568      0.198442      0.074235      0.148469
HI4_Heard                19.79      5.26    0.68666      0.112156      0.163835      0.055356      0.110712
MI1680_Macquarie         19.95      5.28    0.67646      0.230706      0.476184      0.156918      0.313835
Population              mean_N    mean_k    mean_He    p_sign_TPM    p_stdv_TPM    p_W_1t_TPM    p_W_2t_TPM
137696_South_Shetlands      19.79      5.77    0.71398      0.094165      0.047236      0.014440      0.028879
W9166_mum                19.74      6.21    0.72675      0.303472      0.212868      0.058604      0.117209
A1087_Bouvetoya          19.85      5.41    0.69918      0.013376      0.016316      0.000414      0.000827
MIAGM13142_Marion_island      19.85      6.23    0.72851      0.322656      0.498289      0.312005      0.624010
CI40_Crozet              19.54      5.92    0.72322      0.079176      0.050590      0.005003      0.010006
KI805_Kergulen           19.18      5.46    0.70291      0.544568      0.197762      0.117847      0.235693
HI5_Heard                19.74      5.21    0.68769      0.290427      0.148044      0.079138      0.158277
MI2264_Macquarie         19.85      5.18    0.67988      0.285098      0.295880      0.099554      0.199107
Population              mean_N    mean_k    mean_He    p_sign_TPM    p_stdv_TPM    p_W_1t_TPM    p_W_2t_TPM
137679_South_Shetlands      19.95      6.38    0.73082      0.440784      0.492786      0.255802      0.511604
W6551                    19.74      6.10    0.72585      0.506951      0.151349      0.049324      0.098649
A1076_Bouvetoya          19.90      5.82    0.72352      0.028763      0.023366      0.002718      0.005436
MIAGM13141_Marion_island      19.95      5.87    0.71519      0.017954      0.032801      0.002022      0.004043
CI39_Crozet              19.69      5.87    0.71715      0.016639      0.007368      0.000107      0.000214
KI813_Kergulen           19.38      5.10    0.69764      0.175784      0.013678      0.001599      0.003198
HI7_Heard                19.74      5.10    0.68800      0.156429      0.135048      0.050853      0.101706
MI2267_Macquarie         20.00      5.31    0.69217      0.417079      0.387810      0.242606      0.485211
Population              mean_N    mean_k    mean_He    p_sign_TPM    p_stdv_TPM    p_W_1t_TPM    p_W_2t_TPM
137718_South_Shetlands      19.74      6.13    0.73131      0.416400      0.341434      0.102035      0.204070
AGP11197                 19.90      5.95    0.72222      0.010233      0.026334      0.002670      0.005340
A1084_Bouvetoya          19.85      5.79    0.71513      0.157551      0.034708      0.016718      0.033436
MIAGM13142_Marion_island      19.90      6.23    0.72052      0.082262      0.237013      0.060811      0.121623
CI5_Crozet               19.54      5.46    0.69704      0.130002      0.035540      0.003299      0.006598
KI810_Kergulen           19.74      5.36    0.68469      0.276522      0.350900      0.307127      0.614255
HI9_Heard                19.64      5.38    0.68903      0.240618      0.349475      0.246964      0.493928
MI2270_Macquarie         19.79      5.46    0.70519      0.195658      0.050923      0.027174      0.054348
Population              mean_N    mean_k    mean_He    p_sign_TPM    p_stdv_TPM    p_W_1t_TPM    p_W_2t_TPM
137674_South_Shetlands      19.90      6.03    0.71341      0.486762      0.400604      0.370786      0.741572
W9175_mum                19.74      5.82    0.71670      0.065533      0.051897      0.006853      0.013707
2197_Bouvetoya           20.00      5.82    0.70594      0.212787      0.068431      0.029407      0.058814
MIAGM13119_Marion_island      19.90      6.38    0.74244      0.068243      0.219848      0.026283      0.052567
CI5_Crozet               19.74      5.82    0.72506      0.005851      0.000912      0.000053      0.000106
KI806_Kergulen           19.54      5.00    0.68551      0.065572      0.025688      0.016122      0.032244
HI9_Heard                19.69      5.18    0.67208      0.538085      0.311904      0.186067      0.372133
MI2264_Macquarie         19.95      5.18    0.68354      0.558620      0.213599      0.071132      0.142264
Population              mean_N    mean_k    mean_He    p_sign_TPM    p_stdv_TPM    p_W_1t_TPM    p_W_2t_TPM
137719_South_Shetlands      19.79      6.23    0.72345      0.403478      0.308263      0.182360      0.364720
W9167_pup                19.85      6.10    0.72344      0.028609      0.054951      0.027174      0.054348
A1087_Bouvetoya          19.64      5.77    0.70304      0.430406      0.129562      0.017448      0.034896
MIAGM13138_Marion_island      19.95      6.15    0.71698      0.350383      0.335405      0.124555      0.249111
CI5_Crozet               19.69      5.67    0.72034      0.010975      0.003602      0.000499      0.000997
KI794_Kergulen           19.13      5.08    0.66512      0.233615      0.361210      0.171252      0.342503
HI3_Heard                19.69      5.13    0.68169      0.184843      0.091691      0.010658      0.021316
MI2265_Macquarie         19.90      5.49    0.68736      0.392186      0.478277      0.273324      0.546649
Population              mean_N    mean_k    mean_He    p_sign_TPM    p_stdv_TPM    p_W_1t_TPM    p_W_2t_TPM
137696_South_Shetlands      19.90      6.26    0.72972      0.414296      0.277023      0.707304      0.594945
Y/B142/43                19.59      6.03    0.73012      0.099523      0.030604      0.003981      0.007961
A1096_Bouvetoya          19.85      5.77    0.69987      0.075312      0.096701      0.023043      0.046087
MIAGM13143_Marion_island      19.95      6.28    0.73556      0.479659      0.248695      0.059056      0.118111
CI5_Crozet               19.54      5.85    0.71703      0.021827      0.003314      0.000026      0.000051
KI807_Kergulen           19.33      5.21    0.70808      0.061855      0.003893      0.002044      0.004087
HI7_Heard                19.59      5.05    0.68254      0.084566      0.070223      0.005003      0.010006
MI2258_Macquarie         19.95      5.41    0.67336      0.540807      0.411012      0.197104      0.394207
Population              mean_N    mean_k    mean_He    p_sign_TPM    p_stdv_TPM    p_W_1t_TPM    p_W_2t_TPM
137695_South_Shetlands      19.95      6.41    0.74273      0.208757      0.179292      0.056962      0.113925
W9171_mum                19.74      6.10    0.72551      0.458813      0.143176      0.052248      0.104496
A1059_Bouvetoya          19.95      5.77    0.72002      0.145572      0.055793      0.030422      0.060845
MIAGM13134_Marion_island      19.95      5.92    0.71867      0.252405      0.103007      0.042210      0.084421
CI5_Crozet               19.59      5.59    0.71567      0.027613      0.002387      0.000161      0.000322
KI816_Kergulen           19.44      5.23    0.70094      0.199036      0.072141      0.058604      0.117209
HI7_Heard                19.64      5.41    0.67396      0.565095      0.239985      0.606066      0.798511
MI2246_Macquarie         19.79      5.72    0.71389      0.373306      0.482928      0.231946      0.463892
Population              mean_N    mean_k    mean_He    p_sign_TPM    p_stdv_TPM    p_W_1t_TPM    p_W_2t_TPM
137701_South_Shetlands      19.74      6.36    0.75510      0.068058      0.008987      0.000862      0.001725
W6512/12                 19.64      5.92    0.72581      0.170653      0.093720      0.025616      0.051233
A1062_Bouvetoya          19.69      5.77    0.70545      0.460513      0.359104      0.092369      0.184738
MIAGM13122_Marion_island      19.79      5.97    0.71429      0.016559      0.130720      0.038347      0.076694
CI34_Crozet              19.64      5.77    0.70917      0.002939      0.018904      0.000154      0.000309
KI796_Kergulen           19.38      5.31    0.68465      0.341845      0.329310      0.189818      0.379637
HI9_Heard                19.59      5.03    0.66366      0.286799      0.195453      0.097116      0.194231
MI2269_Macquarie         19.90      5.74    0.70740      0.382331      0.323267      0.143378      0.286757
Population              mean_N    mean_k    mean_He    p_sign_TPM    p_stdv_TPM    p_W_1t_TPM    p_W_2t_TPM
137708_South_Shetlands      19.79      6.15    0.72288      0.470679      0.319144      0.246964      0.493928
W6521/21                 19.95      6.21    0.70907      0.399264      0.315324      0.182521      0.365043
A1089_Bouvetoya          19.69      6.13    0.72549      0.322524      0.212386      0.115807      0.231613
MIAGM13142_Marion_island      19.95      6.10    0.74220      0.081844      0.056658      0.002360      0.004719
CI40_Crozet              19.69      5.95    0.72536      0.014737      0.002027      0.000057      0.000114
KI814_Kergulen           19.54      5.28    0.69919      0.123990      0.035705      0.012428      0.024856
HI7_Heard                19.74      5.51    0.69837      0.227852      0.247702      0.046374      0.092749
MI1666_Macquarie         19.85      5.62    0.69680      0.063889      0.100432      0.008426      0.016852
Population              mean_N    mean_k    mean_He    p_sign_TPM    p_stdv_TPM    p_W_1t_TPM    p_W_2t_TPM
137721_South_Shetlands      20.00      6.28    0.72551      0.524272      0.223293      0.127569      0.255139
SG19_South_Georgia       20.00      5.77    0.71053      0.339191      0.058815      0.014221      0.028441
BI5_Bouvetoya            19.79      5.64    0.71791      0.140725      0.030795      0.006523      0.013047
MIAGM13139_Marion_island      19.79      6.21    0.72686      0.254704      0.208790      0.046374      0.092749
CI39_Crozet              19.49      5.59    0.71278      0.005259      0.006526      0.000233      0.000466
KI807_Kergulen           19.28      5.36    0.70366      0.020755      0.040332      0.003981      0.007961
HI5_Heard                19.69      5.00    0.67693      0.140112      0.029014      0.007423      0.014845
MI1667_Macquarie         19.90      5.46    0.69223      0.058278      0.127217      0.028338      0.056677
Population              mean_N    mean_k    mean_He    p_sign_TPM    p_stdv_TPM    p_W_1t_TPM    p_W_2t_TPM
137709_South_Shetlands      19.69      6.33    0.73894      0.032737      0.328820      0.063749      0.127497
W6520/20                 19.90      6.10    0.74028      0.115898      0.099612      0.014440      0.028879
BI25_Bouvetoya           19.85      5.44    0.68803      0.008027      0.016835      0.007423      0.014845
MIAGM13143_Marion_island      19.79      5.72    0.71793      0.056125      0.043662      0.002594      0.005187
CI40_Crozet              19.59      5.77    0.71822      0.023865      0.022212      0.001064      0.002129
KI814_Kergulen           19.59      5.00    0.68536      0.033059      0.003622      0.000733      0.001466
HI9_Heard                19.85      5.38    0.68639      0.221899      0.483827      0.388632      0.777263
MI2261_Macquarie         20.00      5.21    0.67206      0.113339      0.174756      0.012672      0.025345
Population              mean_N    mean_k    mean_He    p_sign_TPM    p_stdv_TPM    p_W_1t_TPM    p_W_2t_TPM
137708_South_Shetlands      19.79      6.05    0.72302      0.297230      0.418694      0.388632      0.777263
W9173_pup                19.79      6.08    0.72381      0.151862      0.065571      0.019946      0.039893
A1095_Bouvetoya          20.00      5.79    0.72051      0.054204      0.037480      0.003981      0.007961
MIAGM13142_Marion_island      20.00      6.15    0.72659      0.429731      0.064475      0.009475      0.018950
CI5_Crozet               19.38      5.64    0.71675      0.000466      0.002908      0.000084      0.000168
KI810_Kergulen           19.64      5.18    0.68802      0.185401      0.136243      0.050746      0.101491
HI5_Heard                19.74      5.44    0.67838      0.185491      0.425436      0.227569      0.455138
MI2249_Macquarie         19.79      5.08    0.67497      0.242446      0.130701      0.064442      0.128884
Population              mean_N    mean_k    mean_He    p_sign_TPM    p_stdv_TPM    p_W_1t_TPM    p_W_2t_TPM
137716_South_Shetlands      19.79      6.13    0.71706      0.399406      0.305913      0.167989      0.335977
W9173_pup                19.85      6.08    0.73321      0.560400      0.204333      0.081240      0.162480
BI8_Bouvetoya            19.90      5.82    0.70986      0.543262      0.150109      0.083383      0.166766
MIAGM13144_Marion_island      19.44      6.00    0.71481      0.284528      0.120279      0.034121      0.068242
CI40_Crozet              19.59      5.79    0.71806      0.057511      0.038776      0.001766      0.003531
KI816_Kergulen           19.54      5.18    0.68153      0.255519      0.161074      0.067364      0.134728
HI9_Heard                19.85      5.28    0.67035      0.420809      0.205220      0.217332      0.434664
MI2267_Macquarie         19.90      5.51    0.69853      0.178944      0.453079      0.278581      0.557162
Population              mean_N    mean_k    mean_He    p_sign_TPM    p_stdv_TPM    p_W_1t_TPM    p_W_2t_TPM
137686_South_Shetlands      19.74      6.26    0.74647      0.022004      0.010621      0.001022      0.002045
W6701/01                 19.74      6.18    0.72097      0.007501      0.042323      0.002592      0.005184
BI24_Bouvetoya           19.79      5.72    0.71568      0.354259      0.076758      0.046374      0.092749
MIAGM13123_Marion_island      19.95      5.95    0.71851      0.045908      0.025829      0.002126      0.004252
CI39_Crozet              19.69      5.82    0.71412      0.015983      0.008400      0.000194      0.000388
KI813_Kergulen           19.64      5.23    0.70865      0.013874      0.006039      0.000528      0.001055
HI7_Heard                19.64      5.03    0.67153      0.454895      0.414405      0.229779      0.459558
MI1665_Macquarie         19.90      5.28    0.69317      0.134638      0.020627      0.017202      0.034404
Population              mean_N    mean_k    mean_He    p_sign_TPM    p_stdv_TPM    p_W_1t_TPM    p_W_2t_TPM
137683_South_Shetlands      19.90      6.08    0.72077      0.305806      0.298988      0.175083      0.350166
W9178_pup                19.74      5.77    0.72136      0.026488      0.024852      0.002474      0.004949
A1100_Bouvetoya          19.85      5.77    0.70900      0.103130      0.209212      0.161078      0.322156
MIAGM13131_Marion_island      19.74      6.15    0.73358      0.316879      0.083126      0.013402      0.026804
CI5_Crozet               19.44      5.67    0.71580      0.000748      0.002837      0.000003      0.000005
KI810_Kergulen           19.54      5.31    0.69624      0.151220      0.027343      0.018532      0.037064
HI7_Heard                19.74      5.38    0.68858      0.491541      0.453805      0.249904      0.499808
MI2270_Macquarie         19.85      5.46    0.70118      0.018419      0.069534      0.005003      0.010006
Population              mean_N    mean_k    mean_He    p_sign_TPM    p_stdv_TPM    p_W_1t_TPM    p_W_2t_TPM
137714_South_Shetlands      19.90      6.10    0.71871      0.517557      0.329991      0.154351      0.308703
W6529/29                 19.59      6.44    0.73335      0.368812      0.359270      0.302759      0.605517
A1075_Bouvetoya          19.90      5.92    0.71595      0.190956      0.132983      0.038689      0.077379
MIAGM13123_Marion_island      20.00      6.03    0.72969      0.020060      0.002842      0.000100      0.000200
CI40_Crozet              19.79      5.87    0.71596      0.015328      0.046879      0.005233      0.010465
KI814_Kergulen           19.54      5.15    0.67297      0.470116      0.290442      0.143378      0.286757
HI9_Heard                19.69      5.41    0.69787      0.455305      0.318758      0.197457      0.394915
MI2258_Macquarie         20.00      5.51    0.68731      0.299264      0.261551      0.562640      0.886029
Population              mean_N    mean_k    mean_He    p_sign_TPM    p_stdv_TPM    p_W_1t_TPM    p_W_2t_TPM
137723_South_Shetlands      19.90      6.05    0.72124      0.420625      0.232350      0.075056      0.150111
W6514/14                 19.74      5.97    0.71878      0.371265      0.314018      0.150049      0.300097
A1093_Bouvetoya          19.64      5.97    0.72207      0.063039      0.132954      0.056962      0.113925
MIAGM13142_Marion_island      20.00      6.26    0.72699      0.557679      0.471479      0.273949      0.547898
CI5_Crozet               19.54      5.87    0.72174      0.006568      0.002168      0.000150      0.000299
KI798_Kergulen           19.33      5.15    0.65691      0.230050      0.420908      0.297758      0.595515
HI9_Heard                19.95      5.23    0.67470      0.233681      0.314843      0.254503      0.509007
MI2267_Macquarie         19.69      5.33    0.69985      0.454980      0.159076      0.037124      0.074247
Population              mean_N    mean_k    mean_He    p_sign_TPM    p_stdv_TPM    p_W_1t_TPM    p_W_2t_TPM
137716_South_Shetlands      19.64      6.05    0.70507      0.233689      0.366159      0.458796      0.917591
W9170_mum                19.90      6.05    0.72156      0.143513      0.050069      0.012649      0.025299
A1098_Bouvetoya          19.74      5.72    0.69683      0.354388      0.191444      0.085890      0.171780
MIAGM13133_Marion_island      19.85      6.23    0.73862      0.112822      0.114840      0.022179      0.044358
CI5_Crozet               19.59      5.92    0.71879      0.401602      0.080361      0.034121      0.068242
KI805_Kergulen           19.28      5.26    0.69324      0.294848      0.226866      0.138340      0.276680
HI9_Heard                19.69      5.38    0.68568      0.281646      0.373436      0.209250      0.418500
MI2262_Macquarie         19.90      5.36    0.69060      0.201806      0.436021      0.154351      0.308703
Population              mean_N    mean_k    mean_He    p_sign_TPM    p_stdv_TPM    p_W_1t_TPM    p_W_2t_TPM
137718_South_Shetlands      19.79      6.18    0.72183      0.335055      0.211072      0.069229      0.138457
AGP14207                 19.79      6.13    0.72240      0.374440      0.156826      0.030422      0.060845
A1030_Bouvetoya          19.85      5.77    0.71966      0.006934      0.004980      0.000221      0.000442
MIAGM13118_Marion_island      19.95      6.18    0.72750      0.091395      0.159970      0.074235      0.148469
CI38_Crozet              19.59      5.79    0.72416      0.000577      0.001395      0.000001      0.000003
KI806_Kergulen           19.23      4.79    0.67502      0.035888      0.014778      0.005233      0.010465
HI9_Heard                19.74      5.10    0.67502      0.177349      0.095270      0.026283      0.052567
MI2270_Macquarie         19.85      5.21    0.67830      0.141027      0.119362      0.043564      0.087128
Population              mean_N    mean_k    mean_He    p_sign_TPM    p_stdv_TPM    p_W_1t_TPM    p_W_2t_TPM
137723_South_Shetlands      19.90      6.18    0.72725      0.427264      0.234300      0.120638      0.241276
W6535                    19.90      5.77    0.72048      0.007886      0.010063      0.000916      0.001833
BI25_Bouvetoya           19.85      5.72    0.68696      0.486739      0.277357      0.606066      0.798511
MIAGM13108_Marion_island      19.90      6.21    0.72353      0.259216      0.366612      0.282981      0.565961
CI5_Crozet               19.64      5.85    0.71647      0.066475      0.057938      0.007112      0.014224
KI805_Kergulen           19.85      5.46    0.70492      0.018705      0.045735      0.012159      0.024319
HI9_Heard                19.95      5.33    0.67173      0.395512      0.482736      0.338740      0.677480
MI2269_Macquarie         20.00      5.36    0.69393      0.234494      0.199784      0.097075      0.194150
Population              mean_N    mean_k    mean_He    p_sign_TPM    p_stdv_TPM    p_W_1t_TPM    p_W_2t_TPM
137719_South_Shetlands      19.95      6.28    0.72981      0.435871      0.226300      0.129284      0.258568
ATP11                    20.00      5.92    0.72065      0.247238      0.200080      0.062607      0.125213
A1046_Bouvetoya          19.95      5.87    0.70515      0.432574      0.466478      0.278581      0.557162
MIAGM13132_Marion_island      19.85      5.79    0.72042      0.232441      0.024530      0.008426      0.016852
CI5_Crozet               19.54      5.72    0.70944      0.008749      0.011458      0.000101      0.000203
KI816_Kergulen           19.33      5.13    0.68392      0.133250      0.172278      0.092146      0.184292
HI7_Heard                19.74      5.38    0.69459      0.038483      0.161976      0.034770      0.069541
MI2270_Macquarie         19.95      5.46    0.69718      0.097818      0.281885      0.115100      0.230200
Population              mean_N    mean_k    mean_He    p_sign_TPM    p_stdv_TPM    p_W_1t_TPM    p_W_2t_TPM
137681_South_Shetlands      19.79      6.08    0.72680      0.185369      0.070550      0.043731      0.087463
W6532/32                 19.64      6.18    0.73467      0.065117      0.082949      0.003917      0.007835
BI8_Bouvetoya            20.00      5.64    0.68583      0.213540      0.271090      0.121590      0.243181
MIAGM13135_Marion_island      19.85      6.21    0.72485      0.354641      0.496560      0.221438      0.442876
CI39_Crozet              19.64      5.64    0.71940      0.001592      0.000984      0.000079      0.000158
KI813_Kergulen           19.38      5.28    0.69648      0.055825      0.086178      0.019289      0.038578
HI5_Heard                19.90      5.00    0.67833      0.017083      0.018960      0.000435      0.000870
MI2261_Macquarie         19.95      5.62    0.70660      0.292557      0.297322      0.104560      0.209119
