Population              mean_N    mean_k    mean_He    p_sign_TPM    p_stdv_TPM    p_W_1t_TPM    p_W_2t_TPM
137700_South_Shetlands      19.85      6.31    0.71832      0.383605      0.313739      0.370786      0.741572
W6517/17_pup             19.79      6.41    0.72555      0.295303      0.457493      0.307127      0.614255
A1058_Bouvetoya          19.90      5.64    0.71688      0.024232      0.010973      0.001766      0.003531
MIAGM13133_Marion_island      19.90      6.62    0.72469      0.304323      0.073890      0.563032      0.884820
CI40_Crozet              19.64      5.95    0.72740      0.003738      0.010692      0.000151      0.000302
KI812_Kergulen           19.13      5.21    0.68808      0.422389      0.255219      0.175083      0.350166
HI9_Heard                19.69      5.13    0.68868      0.211121      0.102175      0.062607      0.125213
MI2249_Macquarie         20.00      5.62    0.70769      0.547395      0.267815      0.102190      0.204380
Population              mean_N    mean_k    mean_He    p_sign_TPM    p_stdv_TPM    p_W_1t_TPM    p_W_2t_TPM
137723_South_Shetlands      19.64      6.18    0.71388      0.542329      0.406765      0.393934      0.787868
W9177_mum                19.69      5.92    0.71848      0.200473      0.310192      0.053785      0.107569
A1034_Bouvetoya          19.90      5.97    0.71303      0.392799      0.288040      0.254503      0.509007
MIAGM13126_Marion_island      19.95      6.38    0.72572      0.264116      0.417357      0.160427      0.320853
CI5_Crozet               19.38      5.74    0.70735      0.172965      0.203709      0.065537      0.131075
KI812_Kergulen           19.23      5.21    0.70303      0.193141      0.013271      0.006575      0.013149
HI9_Heard                19.74      5.51    0.68854      0.434793      0.495419      0.372849      0.745698
MI2256_Macquarie         19.79      5.51    0.70718      0.188455      0.063376      0.026372      0.052745
Population              mean_N    mean_k    mean_He    p_sign_TPM    p_stdv_TPM    p_W_1t_TPM    p_W_2t_TPM
137685_South_Shetlands      20.00      6.28    0.74211      0.558050      0.203021      0.011079      0.022158
Y/B134/35                19.85      6.08    0.73126      0.073086      0.273363      0.073074      0.146148
A1076_Bouvetoya          20.00      5.97    0.72537      0.141692      0.035336      0.001486      0.002971
MIAGM13142_Marion_island      20.00      6.15    0.71390      0.439629      0.253113      0.426121      0.852241
CI5_Crozet               19.54      5.74    0.72008      0.032581      0.003404      0.000140      0.000280
KI814_Kergulen           19.85      4.97    0.67991      0.075237      0.031325      0.026525      0.053049
HI9_Heard                19.59      5.33    0.68349      0.315988      0.400203      0.171513      0.343026
MI2265_Macquarie         20.00      5.49    0.70418      0.138973      0.094528      0.037124      0.074247
Population              mean_N    mean_k    mean_He    p_sign_TPM    p_stdv_TPM    p_W_1t_TPM    p_W_2t_TPM
137679_South_Shetlands      19.69      6.15    0.72789      0.062323      0.169255      0.075056      0.150111
W9168_mum                19.79      6.31    0.73469      0.559047      0.146400      0.063749      0.127497
A1030_Bouvetoya          19.95      5.92    0.72080      0.329523      0.068738      0.017857      0.035713
MIAGM13131_Marion_island      20.00      6.15    0.72672      0.172499      0.033134      0.005098      0.010195
CI5_Crozet               19.59      5.74    0.71892      0.071975      0.006263      0.001080      0.002159
KI807_Kergulen           19.44      5.00    0.67481      0.224496      0.061130      0.052419      0.104837
HI9_Heard                19.85      4.97    0.67088      0.409095      0.069627      0.034958      0.069917
MI2251_Macquarie         20.00      5.62    0.69649      0.394216      0.350450      0.312005      0.624010
Population              mean_N    mean_k    mean_He    p_sign_TPM    p_stdv_TPM    p_W_1t_TPM    p_W_2t_TPM
137715_South_Shetlands      19.69      5.97    0.70652      0.382667      0.202531      0.085567      0.171134
Y/B134/35                19.85      6.10    0.72805      0.128848      0.061376      0.014983      0.029967
BI8_Bouvetoya            19.79      5.72    0.69670      0.521101      0.117224      0.127569      0.255139
MIAGM13119_Marion_island      19.90      6.15    0.71554      0.268201      0.276257      0.448681      0.897361
CI5_Crozet               19.64      5.79    0.71670      0.038091      0.017140      0.002592      0.005184
KI805_Kergulen           19.54      5.05    0.68307      0.228465      0.027717      0.009158      0.018315
HI9_Heard                19.74      5.33    0.68407      0.501417      0.384601      0.268557      0.537113
MI2269_Macquarie         19.90      5.03    0.69381      0.071319      0.007344      0.000461      0.000923
Population              mean_N    mean_k    mean_He    p_sign_TPM    p_stdv_TPM    p_W_1t_TPM    p_W_2t_TPM
137719_South_Shetlands      19.95      6.38    0.74168      0.185870      0.177519      0.010658      0.021316
W9172_mum                19.79      6.26    0.73046      0.552394      0.191392      0.083383      0.166766
A1078_Bouvetoya          19.49      5.56    0.69800      0.387637      0.194135      0.190280      0.380559
MIAGM13115_Marion_island      19.90      6.31    0.72920      0.273147      0.185743      0.087792      0.175584
CI5_Crozet               19.64      6.00    0.73545      0.000349      0.008014      0.000558      0.001116
KI814_Kergulen           19.13      5.26    0.69113      0.099741      0.073046      0.017202      0.034404
HI7_Heard                19.74      5.15    0.68753      0.300801      0.270207      0.099554      0.199107
MI2255_Macquarie         19.90      5.26    0.68265      0.468636      0.264339      0.121590      0.243181
Population              mean_N    mean_k    mean_He    p_sign_TPM    p_stdv_TPM    p_W_1t_TPM    p_W_2t_TPM
137723_South_Shetlands      20.00      6.18    0.72065      0.434048      0.483272      0.115100      0.230200
Y/B142/43                19.54      6.10    0.73410      0.197935      0.072337      0.032005      0.064009
BI10_Bouvetoya           19.79      5.87    0.71676      0.082301      0.049996      0.011685      0.023371
MIAGM13070_Marion_island      19.74      6.03    0.72996      0.315749      0.114947      0.034121      0.068242
CI5_Crozet               19.44      5.90    0.72572      0.012722      0.015531      0.000354      0.000707
KI813_Kergulen           19.44      5.21    0.69999      0.056929      0.039327      0.011514      0.023028
HI9_Heard                19.74      5.21    0.66712      0.412058      0.490248      0.370786      0.741572
MI2253_Macquarie         20.00      5.15    0.67746      0.562601      0.408776      0.251363      0.502726
Population              mean_N    mean_k    mean_He    p_sign_TPM    p_stdv_TPM    p_W_1t_TPM    p_W_2t_TPM
137721_South_Shetlands      19.79      5.87    0.69972      0.434349      0.475447      0.209250      0.418500
W6548                    19.90      6.15    0.73052      0.296487      0.290531      0.109741      0.219482
A1100_Bouvetoya          19.90      5.97    0.71263      0.200867      0.221686      0.611368      0.787868
MIAGM13118_Marion_island      19.74      6.00    0.71943      0.206746      0.100515      0.075056      0.150111
CI40_Crozet              19.74      5.97    0.72994      0.011258      0.013072      0.000909      0.001819
KI806_Kergulen           19.49      5.36    0.69873      0.204134      0.172510      0.099554      0.199107
HI9_Heard                19.69      5.13    0.67689      0.206832      0.117200      0.081240      0.162480
MI2259_Macquarie         19.95      5.41    0.68840      0.390449      0.238929      0.121218      0.242436
Population              mean_N    mean_k    mean_He    p_sign_TPM    p_stdv_TPM    p_W_1t_TPM    p_W_2t_TPM
137710_South_Shetlands      19.95      6.13    0.72048      0.532132      0.485248      0.283250      0.566500
W9174_pup                19.64      6.08    0.71986      0.561199      0.297259      0.171513      0.343026
A1099_Bouvetoya          19.69      6.00    0.71518      0.515901      0.200309      0.085095      0.170191
MIAGM13132_Marion_island      19.69      6.08    0.72257      0.551222      0.347904      0.189818      0.379637
CI39_Crozet              19.74      5.77    0.71710      0.052359      0.022455      0.001521      0.003043
KI816_Kergulen           19.38      5.36    0.69435      0.026521      0.048847      0.024519      0.049038
HI9_Heard                19.74      5.26    0.67515      0.505406      0.477857      0.236369      0.472737
MI2261_Macquarie         19.90      5.31    0.68922      0.019949      0.036258      0.007596      0.015193
Population              mean_N    mean_k    mean_He    p_sign_TPM    p_stdv_TPM    p_W_1t_TPM    p_W_2t_TPM
137674_South_Shetlands      19.85      6.23    0.72851      0.422233      0.099703      0.042425      0.084850
W6540/40                 19.79      6.26    0.71990      0.452961      0.291456      0.127569      0.255139
A1099_Bouvetoya          19.74      5.95    0.70680      0.307470      0.181510      0.404596      0.809191
MIAGM13120_Marion_island      19.95      5.85    0.72819      0.026505      0.006073      0.000110      0.000219
CI5_Crozet               19.54      5.95    0.72017      0.146154      0.087839      0.008785      0.017571
KI814_Kergulen           19.23      5.18    0.68535      0.418589      0.322439      0.264798      0.529596
HI9_Heard                19.85      5.21    0.68420      0.150057      0.124169      0.104818      0.209636
MI2261_Macquarie         19.79      5.13    0.68790      0.154067      0.031258      0.020686      0.041373
Population              mean_N    mean_k    mean_He    p_sign_TPM    p_stdv_TPM    p_W_1t_TPM    p_W_2t_TPM
137703_South_Shetlands      19.74      6.41    0.74005      0.235470      0.203769      0.083383      0.166766
W6537/37_FWB_pup         19.90      6.44    0.73171      0.127053      0.322688      0.552137      0.906650
A1061_Bouvetoya          19.79      5.92    0.70968      0.553487      0.356353      0.147343      0.294686
MIAGM13116_Marion_island      19.90      6.05    0.71791      0.344245      0.255799      0.163985      0.327971
CI39_Crozet              19.69      5.79    0.72342      0.024072      0.007039      0.000775      0.001550
KI802_Kergulen           19.38      5.08    0.67803      0.263174      0.277342      0.090060      0.180119
HI9_Heard                19.64      5.38    0.68577      0.448395      0.285604      0.210522      0.421045
MI2260_Macquarie         20.00      5.69    0.70364      0.292089      0.302741      0.307127      0.614255
Population              mean_N    mean_k    mean_He    p_sign_TPM    p_stdv_TPM    p_W_1t_TPM    p_W_2t_TPM
137712_South_Shetlands      19.74      6.18    0.73000      0.439738      0.109638      0.041149      0.082299
W9164_pup                19.85      6.03    0.71050      0.146140      0.293518      0.511434      0.988565
A1057_Bouvetoya          19.95      5.54    0.70575      0.065572      0.015245      0.004168      0.008336
MIAGM13055_Marion_island      19.90      6.18    0.73501      0.364576      0.094614      0.009543      0.019087
CI5_Crozet               19.49      5.82    0.71691      0.022591      0.022110      0.000775      0.001550
KI816_Kergulen           19.44      5.31    0.70253      0.018147      0.005992      0.000519      0.001038
HI9_Heard                19.64      5.36    0.67878      0.552635      0.459337      0.367633      0.735266
MI1667_Macquarie         19.74      5.49    0.70281      0.045938      0.042550      0.005003      0.010006
Population              mean_N    mean_k    mean_He    p_sign_TPM    p_stdv_TPM    p_W_1t_TPM    p_W_2t_TPM
137718_South_Shetlands      20.00      6.44    0.73671      0.292952      0.233146      0.097116      0.194231
W9176_pup                19.74      6.15    0.74012      0.094225      0.010449      0.000461      0.000923
BI8_Bouvetoya            19.90      5.46    0.68845      0.152813      0.117556      0.053530      0.107060
MIAGM13126_Marion_island      20.00      6.23    0.73171      0.036656      0.021533      0.001268      0.002536
CI40_Crozet              19.59      5.72    0.71848      0.001361      0.007212      0.000125      0.000250
KI816_Kergulen           19.38      5.31    0.70206      0.113018      0.025794      0.004096      0.008191
HI9_Heard                19.69      5.36    0.69269      0.142320      0.097696      0.029407      0.058814
MI2269_Macquarie         20.00      5.64    0.70553      0.405334      0.176786      0.107128      0.214257
Population              mean_N    mean_k    mean_He    p_sign_TPM    p_stdv_TPM    p_W_1t_TPM    p_W_2t_TPM
137716_South_Shetlands      19.69      6.15    0.73688      0.134863      0.073650      0.038689      0.077379
Y/B142/43                19.95      5.90    0.73068      0.441605      0.155007      0.052248      0.104496
BI3_Bouvetoya            19.74      5.56    0.70228      0.143677      0.129601      0.097075      0.194150
MIAGM13143_Marion_island      19.95      6.18    0.71508      0.161174      0.226482      0.087400      0.174800
CI5_Crozet               19.54      5.62    0.71416      0.000315      0.002568      0.000248      0.000495
KI816_Kergulen           19.64      5.31    0.70342      0.100181      0.018573      0.008074      0.016147
HI9_Heard                19.79      5.10    0.66478      0.236850      0.433810      0.323119      0.646237
MI2260_Macquarie         20.00      5.49    0.68448      0.512019      0.475412      0.392663      0.785327
Population              mean_N    mean_k    mean_He    p_sign_TPM    p_stdv_TPM    p_W_1t_TPM    p_W_2t_TPM
137719_South_Shetlands      19.69      6.33    0.74442      0.445822      0.180586      0.069229      0.138457
W6538/38_FWB_pup         19.69      5.95    0.73643      0.002982      0.023775      0.001080      0.002159
A1089_Bouvetoya          19.74      5.74    0.70682      0.105565      0.234470      0.033776      0.067553
MIAGM13142_Marion_island      19.79      6.31    0.74057      0.248141      0.099523      0.050853      0.101706
CI40_Crozet              19.85      6.03    0.72940      0.016136      0.007443      0.000160      0.000320
KI810_Kergulen           19.64      5.13    0.66955      0.250194      0.312224      0.254503      0.509007
HI5_Heard                19.79      5.13    0.68950      0.124124      0.065681      0.015544      0.031088
MI2255_Macquarie         19.79      5.00    0.67321      0.538761      0.271873      0.176899      0.353798
Population              mean_N    mean_k    mean_He    p_sign_TPM    p_stdv_TPM    p_W_1t_TPM    p_W_2t_TPM
137718_South_Shetlands      20.00      6.03    0.74265      0.028464      0.114791      0.008074      0.016147
ATP40                    19.95      5.85    0.71825      0.017502      0.021521      0.000267      0.000534
A1059_Bouvetoya          19.69      5.77    0.71738      0.163421      0.069914      0.014221      0.028441
MIAGM13127_Marion_island      19.90      6.00    0.71696      0.089192      0.108717      0.055661      0.111322
CI40_Crozet              19.49      5.85    0.72543      0.007552      0.004289      0.000007      0.000015
KI31_Kergulen            19.54      5.23    0.68534      0.298873      0.216270      0.151057      0.302114
HI36_Heard               19.85      5.41    0.68736      0.238470      0.124487      0.031466      0.062932
MI2256_Macquarie         19.90      5.44    0.67939      0.237214      0.468530      0.245348      0.490696
Population              mean_N    mean_k    mean_He    p_sign_TPM    p_stdv_TPM    p_W_1t_TPM    p_W_2t_TPM
137716_South_Shetlands      19.85      6.31    0.72023      0.526018      0.393249      0.234013      0.468025
W9136_mum                19.95      6.13    0.73730      0.297908      0.098423      0.010658      0.021316
A1032_Bouvetoya          19.95      5.67    0.71563      0.075467      0.007303      0.000235      0.000470
MIAGM13140_Marion_island      19.85      5.95    0.71623      0.240991      0.124340      0.007745      0.015490
CI40_Crozet              19.79      5.87    0.71437      0.016465      0.061775      0.002857      0.005714
KI816_Kergulen           19.64      5.15    0.68591      0.108720      0.038590      0.011079      0.022158
HI7_Heard                19.64      5.18    0.68003      0.466640      0.345699      0.238288      0.476577
MI2265_Macquarie         19.95      5.36    0.67606      0.153293      0.241712      0.072192      0.144384
Population              mean_N    mean_k    mean_He    p_sign_TPM    p_stdv_TPM    p_W_1t_TPM    p_W_2t_TPM
137684_South_Shetlands      19.59      6.00    0.70994      0.497127      0.413096      0.344010      0.688020
W9178_pup                19.85      5.82    0.72859      0.043673      0.004574      0.000583      0.001166
A1094_Bouvetoya          20.00      5.74    0.71242      0.002851      0.002408      0.000122      0.000245
MIAGM13131_Marion_island      20.00      6.26    0.73509      0.213468      0.208446      0.094721      0.189442
CI40_Crozet              19.64      5.92    0.72071      0.038698      0.016762      0.005003      0.010006
KI806_Kergulen           19.13      5.08    0.69856      0.305319      0.092404      0.071132      0.142264
HI5_Heard                19.64      5.15    0.67413      0.270114      0.429801      0.175083      0.350166
MI2262_Macquarie         19.95      5.54    0.70144      0.360796      0.203756      0.043564      0.087128
Population              mean_N    mean_k    mean_He    p_sign_TPM    p_stdv_TPM    p_W_1t_TPM    p_W_2t_TPM
137720_South_Shetlands      19.85      6.18    0.73053      0.403139      0.212827      0.094721      0.189442
W9176_pup                19.69      6.41    0.72783      0.368772      0.448924      0.206378      0.412756
A1094_Bouvetoya          19.79      5.87    0.71277      0.142699      0.204347      0.042210      0.084421
MIAGM13067_Marion_island      20.00      6.18    0.72564      0.177291      0.059651      0.037504      0.075008
CI5_Crozet               19.59      5.90    0.72398      0.027146      0.024663      0.000397      0.000794
KI812_Kergulen           19.38      5.36    0.68533      0.160296      0.319102      0.094587      0.189174
HI36_Heard               19.54      5.33    0.68529      0.555846      0.408076      0.302283      0.604566
MI2265_Macquarie         19.79      5.46    0.68744      0.461406      0.338162      0.292794      0.585588
Population              mean_N    mean_k    mean_He    p_sign_TPM    p_stdv_TPM    p_W_1t_TPM    p_W_2t_TPM
137717_South_Shetlands      19.74      6.38    0.71286      0.446742      0.061030      0.552137      0.906650
W6515/15                 19.69      6.00    0.71909      0.272589      0.063880      0.014440      0.028879
A1082_Bouvetoya          19.64      5.82    0.72833      0.025844      0.001344      0.000033      0.000065
MIAGM13065_Marion_island      19.74      5.77    0.72645      0.029956      0.035250      0.001064      0.002129
CI38_Crozet              19.59      5.67    0.71620      0.022262      0.003378      0.000499      0.000997
KI807_Kergulen           19.44      5.44    0.69865      0.499156      0.493454      0.283250      0.566500
HI36_Heard               19.79      5.21    0.67462      0.300672      0.248384      0.135276      0.270551
MI2264_Macquarie         19.95      5.41    0.68217      0.351183      0.456407      0.420717      0.841433
Population              mean_N    mean_k    mean_He    p_sign_TPM    p_stdv_TPM    p_W_1t_TPM    p_W_2t_TPM
137697_South_Shetlands      19.85      6.26    0.73897      0.463309      0.440221      0.217332      0.434664
W5509/10                 19.79      5.82    0.70647      0.272383      0.055715      0.006643      0.013285
A1086_Bouvetoya          19.74      5.69    0.71073      0.118152      0.185587      0.075056      0.150111
MIAGM13132_Marion_island      19.79      6.08    0.72689      0.283840      0.104990      0.025416      0.050833
CI39_Crozet              19.64      5.74    0.71909      0.005003      0.010047      0.001064      0.002129
KI806_Kergulen           19.59      5.15    0.67807      0.174821      0.129617      0.018851      0.037703
HI36_Heard               19.85      5.46    0.69235      0.387020      0.159767      0.099609      0.199218
MI2270_Macquarie         19.90      5.38    0.69501      0.186798      0.196689      0.025416      0.050833
Population              mean_N    mean_k    mean_He    p_sign_TPM    p_stdv_TPM    p_W_1t_TPM    p_W_2t_TPM
137712_South_Shetlands      19.54      6.03    0.72719      0.276432      0.036426      0.011514      0.023028
W6754                    19.90      5.95    0.72185      0.516918      0.124369      0.036348      0.072695
A1063_Bouvetoya          19.79      5.92    0.71971      0.033170      0.138979      0.047842      0.095683
MIAGM13138_Marion_island      19.95      6.03    0.71405      0.106508      0.167776      0.071132      0.142264
CI5_Crozet               19.49      5.79    0.70268      0.471789      0.293778      0.349309      0.698618
KI806_Kergulen           19.33      5.21    0.69942      0.087129      0.020616      0.005003      0.010006
HI9_Heard                19.64      4.90    0.66540      0.336221      0.086778      0.038347      0.076694
MI2261_Macquarie         19.85      5.38    0.67892      0.472759      0.177315      0.074532      0.149064
Population              mean_N    mean_k    mean_He    p_sign_TPM    p_stdv_TPM    p_W_1t_TPM    p_W_2t_TPM
137716_South_Shetlands      19.90      5.79    0.70684      0.344494      0.251857      0.076320      0.152639
W6536                    19.90      5.79    0.72094      0.081963      0.005130      0.000207      0.000414
BI1_Bouvetoya            19.79      5.79    0.69170      0.179496      0.470539      0.201302      0.402604
MIAGM13132_Marion_island      19.85      6.18    0.73497      0.423793      0.181368      0.092369      0.184738
CI40_Crozet              19.74      5.92    0.71698      0.164689      0.048076      0.007752      0.015505
KI801_Kergulen           19.33      4.87    0.67604      0.010677      0.002295      0.000468      0.000937
HI9_Heard                19.95      5.21    0.66752      0.389935      0.452871      0.302283      0.604566
MI2270_Macquarie         19.95      5.41    0.69514      0.216257      0.067374      0.021449      0.042898
Population              mean_N    mean_k    mean_He    p_sign_TPM    p_stdv_TPM    p_W_1t_TPM    p_W_2t_TPM
137715_South_Shetlands      19.79      6.41    0.73231      0.554017      0.339360      0.331832      0.663664
W9173_mum                19.85      6.15    0.72891      0.449068      0.469720      0.264798      0.529596
BI2_Bouvetoya            19.85      5.82    0.70966      0.121174      0.307078      0.225587      0.451174
MIAGM13124_Marion_island      19.79      5.90    0.72570      0.272577      0.146096      0.039904      0.079809
CI40_Crozet              19.64      5.77    0.71357      0.013693      0.048194      0.001447      0.002894
KI810_Kergulen           19.13      5.31    0.69598      0.517174      0.178306      0.178699      0.357397
HI9_Heard                19.74      5.33    0.69030      0.520844      0.121905      0.069229      0.138457
MI2264_Macquarie         20.00      5.33    0.67679      0.513916      0.266284      0.112398      0.224797
Population              mean_N    mean_k    mean_He    p_sign_TPM    p_stdv_TPM    p_W_1t_TPM    p_W_2t_TPM
137706_South_Shetlands      19.69      6.41    0.73903      0.472241      0.112576      0.031466      0.062932
W6525/25_pup             19.85      5.90    0.71576      0.105542      0.206359      0.074235      0.148469
A1061_Bouvetoya          19.95      5.56    0.70160      0.138211      0.058113      0.020686      0.041373
MIAGM13125_Marion_island      19.90      6.31    0.73036      0.503010      0.267932      0.150049      0.300097
CI38_Crozet              19.74      5.79    0.72708      0.001219      0.001157      0.000133      0.000266
KI814_Kergulen           19.69      5.23    0.67955      0.127315      0.251376      0.052419      0.104837
HI7_Heard                19.64      5.33    0.69551      0.470042      0.402899      0.393934      0.787868
MI2269_Macquarie         19.95      5.62    0.69738      0.354513      0.226801      0.236369      0.472737
Population              mean_N    mean_k    mean_He    p_sign_TPM    p_stdv_TPM    p_W_1t_TPM    p_W_2t_TPM
137718_South_Shetlands      19.85      6.36    0.73729      0.536187      0.472949      0.193615      0.387231
W6528/28_pup             19.74      6.18    0.74137      0.131889      0.116846      0.023752      0.047505
A1043_Bouvetoya          19.95      5.90    0.72277      0.080485      0.016096      0.001486      0.002971
MIAGM13135_Marion_island      19.95      6.13    0.71817      0.192837      0.392454      0.115100      0.230200
CI38_Crozet              19.59      5.74    0.71973      0.000614      0.001251      0.000014      0.000029
KI816_Kergulen           19.44      5.18    0.68293      0.227350      0.090065      0.020686      0.041373
HI9_Heard                19.69      5.23    0.68822      0.184389      0.074470      0.008074      0.016147
MI2269_Macquarie         20.00      5.28    0.68408      0.060419      0.105764      0.038689      0.077379
Population              mean_N    mean_k    mean_He    p_sign_TPM    p_stdv_TPM    p_W_1t_TPM    p_W_2t_TPM
137689_South_Shetlands      20.00      6.08    0.72200      0.088909      0.132994      0.032538      0.065076
W9162_pup                19.64      6.03    0.73152      0.420079      0.085963      0.028090      0.056179
A1091_Bouvetoya          19.85      5.79    0.69561      0.343599      0.458593      0.251363      0.502726
MIAGM13143_Marion_island      20.00      6.00    0.71282      0.489310      0.108920      0.034770      0.069541
CI40_Crozet              19.79      5.85    0.72293      0.053534      0.014897      0.000333      0.000667
KI810_Kergulen           19.59      5.18    0.68439      0.341365      0.210888      0.076320      0.152639
HI9_Heard                19.74      5.54    0.68824      0.248646      0.426386      0.312869      0.625738
MI2270_Macquarie         19.90      5.74    0.70072      0.444495      0.386218      0.469759      0.939518
Population              mean_N    mean_k    mean_He    p_sign_TPM    p_stdv_TPM    p_W_1t_TPM    p_W_2t_TPM
137714_South_Shetlands      19.74      5.92    0.69960      0.257463      0.446444      0.426089      0.852178
W6537                    19.85      6.18    0.72508      0.038695      0.024656      0.008785      0.017571
A1046_Bouvetoya          19.85      5.49    0.69787      0.041911      0.019671      0.004570      0.009139
MIAGM13141_Marion_island      19.90      6.10    0.71586      0.068015      0.197327      0.036348      0.072695
CI40_Crozet              19.69      5.69    0.71788      0.000618      0.000674      0.000001      0.000001
KI814_Kergulen           19.33      5.28    0.69848      0.003723      0.023332      0.002718      0.005436
HI5_Heard                19.85      5.38    0.68759      0.325607      0.171322      0.082835      0.165670
MI2250_Macquarie         19.95      5.36    0.69955      0.396984      0.071081      0.036348      0.072695
Population              mean_N    mean_k    mean_He    p_sign_TPM    p_stdv_TPM    p_W_1t_TPM    p_W_2t_TPM
137721_South_Shetlands      19.90      6.28    0.72650      0.296066      0.396537      0.362441      0.724881
W9163_mum                19.90      5.85    0.71342      0.530112      0.175973      0.107493      0.214987
A1047_Bouvetoya          19.64      5.69    0.71576      0.027242      0.053549      0.005322      0.010643
MIAGM13137_Marion_island      19.90      6.03    0.73500      0.013730      0.004983      0.000279      0.000559
CI5_Crozet               19.49      5.79    0.70570      0.321893      0.085928      0.008079      0.016159
KI801_Kergulen           19.54      5.10    0.68344      0.494069      0.097520      0.067364      0.134728
HI7_Heard                19.64      5.31    0.69115      0.472678      0.426466      0.186376      0.372752
MI2258_Macquarie         19.95      5.69    0.69653      0.553083      0.396721      0.250823      0.501646
Population              mean_N    mean_k    mean_He    p_sign_TPM    p_stdv_TPM    p_W_1t_TPM    p_W_2t_TPM
137694_South_Shetlands      19.85      6.31    0.73071      0.328679      0.430955      0.331832      0.663664
W9175_pup                19.74      6.13    0.73020      0.429784      0.217209      0.092369      0.184738
2258_Bouvetoya           19.79      5.85    0.70725      0.010240      0.040061      0.001759      0.003518
MIAGM13143_Marion_island      19.90      5.92    0.71754      0.317786      0.066556      0.028338      0.056677
CI5_Crozet               19.64      5.74    0.70569      0.103059      0.056703      0.012672      0.025345
KI816_Kergulen           19.33      5.31    0.68975      0.057677      0.081620      0.027341      0.054682
HI9_Heard                20.00      5.10    0.65992      0.227598      0.226288      0.163985      0.327971
MI2255_Macquarie         19.90      5.64    0.70376      0.134694      0.147007      0.014779      0.029559
Population              mean_N    mean_k    mean_He    p_sign_TPM    p_stdv_TPM    p_W_1t_TPM    p_W_2t_TPM
137721_South_Shetlands      19.95      6.49    0.73068      0.018778      0.085640      0.010356      0.020712
W6756                    19.90      5.77    0.71186      0.214946      0.098531      0.008426      0.016852
A1062_Bouvetoya          19.79      5.49    0.70348      0.009564      0.005088      0.000190      0.000379
MIAGM13127_Marion_island      19.85      5.92    0.71311      0.520469      0.264782      0.118674      0.237349
CI5_Crozet               19.49      5.87    0.72226      0.012546      0.032086      0.000375      0.000749
KI814_Kergulen           19.44      5.05    0.69295      0.001071      0.002362      0.000088      0.000175
HI36_Heard               19.64      5.15    0.68832      0.522014      0.434174      0.117847      0.235693
MI1675_Macquarie         19.90      5.49    0.70479      0.541832      0.258705      0.063749      0.127497
Population              mean_N    mean_k    mean_He    p_sign_TPM    p_stdv_TPM    p_W_1t_TPM    p_W_2t_TPM
137679_South_Shetlands      20.00      6.38    0.72605      0.403984      0.046859      0.005795      0.011591
W9172_pup                19.90      5.85    0.71463      0.297293      0.251473      0.154351      0.308703
A1085_Bouvetoya          20.00      5.59    0.69109      0.017511      0.023037      0.008785      0.017571
MIAGM13118_Marion_island      19.90      6.18    0.72778      0.510521      0.337826      0.109741      0.219482
CI32_Crozet              19.54      5.79    0.72257      0.005790      0.002006      0.000004      0.000008
KI794_Kergulen           19.13      5.21    0.68456      0.385301      0.121115      0.068277      0.136554
HI7_Heard                19.69      5.10    0.67151      0.526818      0.398780      0.454357      0.908714
MI2270_Macquarie         19.90      5.38    0.68772      0.017992      0.097395      0.034770      0.069541
Population              mean_N    mean_k    mean_He    p_sign_TPM    p_stdv_TPM    p_W_1t_TPM    p_W_2t_TPM
137673_South_Shetlands      19.85      6.28    0.73027      0.193063      0.334404      0.115100      0.230200
W9178_mum                19.90      6.15    0.72421      0.028856      0.084815      0.010658      0.021316
BI16_Bouvetoya           20.00      6.08    0.71350      0.342073      0.467127      0.388632      0.777263
MIAGM13142_Marion_island      19.64      6.46    0.73336      0.522665      0.450994      0.223238      0.446475
CI38_Crozet              19.54      5.79    0.72722      0.000019      0.000644      0.000000      0.000001
KI816_Kergulen           19.85      5.15    0.68247      0.147485      0.101836      0.040890      0.081780
HI9_Heard                19.59      5.26    0.68548      0.546803      0.455591      0.205275      0.410550
MI2256_Macquarie         19.85      5.26    0.68206      0.512407      0.386995      0.227569      0.455138
Population              mean_N    mean_k    mean_He    p_sign_TPM    p_stdv_TPM    p_W_1t_TPM    p_W_2t_TPM
137718_South_Shetlands      19.95      6.41    0.71220      0.498861      0.354655      0.344010      0.688020
W9175_mum                19.38      5.74    0.72711      0.120337      0.055750      0.016718      0.033436
A1087_Bouvetoya          19.85      6.00    0.72224      0.500620      0.066989      0.018532      0.037064
MIAGM13138_Marion_island      19.85      6.23    0.71828      0.393253      0.485740      0.328294      0.656587
CI5_Crozet               19.44      5.72    0.71206      0.003327      0.007302      0.000035      0.000071
KI812_Kergulen           19.13      5.15    0.68632      0.127011      0.175803      0.068234      0.136468
HI9_Heard                19.90      5.28    0.67442      0.194762      0.432984      0.326829      0.653658
MI2255_Macquarie         19.95      5.36    0.69459      0.062784      0.128201      0.022955      0.045909
Population              mean_N    mean_k    mean_He    p_sign_TPM    p_stdv_TPM    p_W_1t_TPM    p_W_2t_TPM
137715_South_Shetlands      19.64      5.95    0.71264      0.205059      0.325965      0.120638      0.241276
W9136_pup                19.74      6.26    0.73101      0.038382      0.128754      0.013680      0.027359
BI8_Bouvetoya            19.95      5.72    0.71628      0.050220      0.052281      0.004365      0.008731
MIAGM13135_Marion_island      20.00      5.79    0.70904      0.312358      0.115232      0.021131      0.042262
CI40_Crozet              19.69      5.79    0.72590      0.012254      0.011549      0.000775      0.001550
KI813_Kergulen           19.49      5.26    0.69782      0.032191      0.031307      0.005795      0.011591
HI7_Heard                19.64      5.28    0.68472      0.550926      0.445759      0.404596      0.809191
MI2256_Macquarie         19.90      5.15    0.68677      0.075053      0.018517      0.004570      0.009139
Population              mean_N    mean_k    mean_He    p_sign_TPM    p_stdv_TPM    p_W_1t_TPM    p_W_2t_TPM
137708_South_Shetlands      19.74      6.41    0.75418      0.073421      0.044855      0.014440      0.028879
SG26_South_Georgia       19.85      6.31    0.73509      0.064827      0.178750      0.046439      0.092879
BI5_Bouvetoya            19.90      5.79    0.70850      0.060349      0.009728      0.001579      0.003159
MIAGM13143_Marion_island      19.85      6.15    0.74023      0.222165      0.022104      0.001854      0.003708
CI5_Crozet               19.59      5.69    0.71325      0.005950      0.004719      0.000053      0.000106
KI810_Kergulen           19.08      5.36    0.70342      0.044603      0.064000      0.017857      0.035713
HI9_Heard                19.64      5.15    0.66942      0.316824      0.357449      0.508255      0.994497
MI2267_Macquarie         19.95      5.64    0.69866      0.425676      0.402257      0.102035      0.204070
Population              mean_N    mean_k    mean_He    p_sign_TPM    p_stdv_TPM    p_W_1t_TPM    p_W_2t_TPM
137704_South_Shetlands      19.69      6.46    0.73290      0.430774      0.309860      0.378088      0.756177
W6534                    19.64      6.18    0.71838      0.525019      0.276500      0.541204      0.928548
BI8_Bouvetoya            19.90      5.59    0.69122      0.186427      0.043054      0.004808      0.009616
MIAGM13144_Marion_island      19.54      5.95    0.71523      0.073675      0.042724      0.007745      0.015490
CI5_Crozet               19.69      5.85    0.71748      0.092217      0.034329      0.004281      0.008562
KI816_Kergulen           19.44      5.21    0.68720      0.463769      0.128813      0.079138      0.158277
HI5_Heard                19.64      5.18    0.68340      0.229570      0.190630      0.018532      0.037064
MI2256_Macquarie         19.90      5.49    0.69347      0.304707      0.155458      0.081240      0.162480
Population              mean_N    mean_k    mean_He    p_sign_TPM    p_stdv_TPM    p_W_1t_TPM    p_W_2t_TPM
137712_South_Shetlands      19.69      6.21    0.73457      0.211704      0.200315      0.109741      0.219482
ATP43                    19.90      6.08    0.71082      0.403991      0.332183      0.292794      0.585588
A1047_Bouvetoya          19.95      5.69    0.71277      0.225789      0.010177      0.002022      0.004043
MIAGM13143_Marion_island      20.00      5.90    0.73333      0.021790      0.013579      0.001827      0.003653
CI5_Crozet               19.49      5.79    0.70498      0.041009      0.094036      0.011685      0.023371
KI816_Kergulen           19.49      5.33    0.69499      0.180229      0.102989      0.061997      0.123994
HI7_Heard                19.64      5.41    0.69559      0.285340      0.280733      0.109741      0.219482
MI2261_Macquarie         20.00      5.28    0.66788      0.337806      0.367585      0.470297      0.940594
Population              mean_N    mean_k    mean_He    p_sign_TPM    p_stdv_TPM    p_W_1t_TPM    p_W_2t_TPM
137721_South_Shetlands      19.90      6.33    0.72544      0.232634      0.239976      0.147809      0.295618
W9132_mum                19.85      6.13    0.73777      0.041988      0.043745      0.006245      0.012491
BI7_Bouvetoya            19.95      5.67    0.70893      0.134706      0.152221      0.018851      0.037703
MIAGM13114_Marion_island      20.00      6.21    0.71808      0.553631      0.484925      0.321856      0.643713
CI5_Crozet               19.49      5.87    0.71853      0.072428      0.013707      0.001139      0.002279
KI805_Kergulen           19.79      5.23    0.69681      0.280811      0.039380      0.011079      0.022158
HI9_Heard                19.59      5.18    0.67516      0.292649      0.267022      0.104560      0.209119
MI2270_Macquarie         19.90      5.46    0.68012      0.350877      0.445902      0.214714      0.429428
Population              mean_N    mean_k    mean_He    p_sign_TPM    p_stdv_TPM    p_W_1t_TPM    p_W_2t_TPM
137719_South_Shetlands      19.79      6.28    0.73107      0.544151      0.464784      0.357273      0.714546
W9173_pup                19.90      6.05    0.72428      0.136552      0.431143      0.393934      0.787868
A1092_Bouvetoya          19.85      5.49    0.69411      0.264527      0.361076      0.133745      0.267489
MIAGM13125_Marion_island      19.79      6.10    0.72940      0.114521      0.046170      0.006046      0.012092
CI40_Crozet              19.69      5.87    0.72372      0.031497      0.018842      0.001121      0.002242
KI813_Kergulen           19.38      5.18    0.67891      0.336786      0.178943      0.089750      0.179501
HI9_Heard                19.74      5.21    0.67491      0.295543      0.201990      0.074532      0.149064
MI2255_Macquarie         19.90      5.54    0.70319      0.465920      0.141051      0.050853      0.101706
Population              mean_N    mean_k    mean_He    p_sign_TPM    p_stdv_TPM    p_W_1t_TPM    p_W_2t_TPM
137679_South_Shetlands      19.85      6.26    0.74079      0.437393      0.132152      0.069229      0.138457
W9172_mum                19.74      5.95    0.72290      0.064287      0.075606      0.014983      0.029967
BI8_Bouvetoya            19.95      5.79    0.70489      0.089131      0.252284      0.035932      0.071863
MIAGM13135_Marion_island      19.74      5.87    0.72277      0.400650      0.100064      0.062607      0.125213
CI5_Crozet               19.44      5.85    0.71379      0.005549      0.016918      0.003145      0.006291
KI814_Kergulen           19.18      5.36    0.68826      0.225238      0.381373      0.242606      0.485211
HI9_Heard                19.74      5.49    0.68962      0.112242      0.174540      0.075056      0.150111
MI1680_Macquarie         19.79      5.03    0.67351      0.278924      0.139705      0.073074      0.146148
Population              mean_N    mean_k    mean_He    p_sign_TPM    p_stdv_TPM    p_W_1t_TPM    p_W_2t_TPM
137710_South_Shetlands      19.79      6.18    0.73374      0.451790      0.133156      0.039602      0.079205
ATP25                    19.90      6.05    0.71593      0.211844      0.214382      0.046374      0.092749
BI19_Bouvetoya           19.79      6.00    0.72144      0.109015      0.057302      0.029995      0.059991
MIAGM13122_Marion_island      19.95      6.33    0.72303      0.171295      0.198609      0.070192      0.140385
CI40_Crozet              19.64      5.74    0.70830      0.152731      0.107461      0.023043      0.046087
KI813_Kergulen           19.74      5.03    0.68602      0.143688      0.046043      0.017857      0.035713
HI5_Heard                19.59      5.33    0.69567      0.058865      0.088973      0.016122      0.032244
MI2265_Macquarie         19.95      5.33    0.67492      0.518360      0.338206      0.420475      0.840951
Population              mean_N    mean_k    mean_He    p_sign_TPM    p_stdv_TPM    p_W_1t_TPM    p_W_2t_TPM
137686_South_Shetlands      19.90      6.26    0.72337      0.062444      0.149008      0.026283      0.052567
W6541/41_pup             19.85      5.95    0.73326      0.308027      0.121053      0.065537      0.131075
A1040_Bouvetoya          19.95      5.59    0.72056      0.029983      0.008133      0.001447      0.002894
MIAGM13124_Marion_island      19.90      5.90    0.72111      0.199377      0.118029      0.024573      0.049146
CI40_Crozet              19.54      5.92    0.73261      0.000027      0.000808      0.000000      0.000001
KI805_Kergulen           19.38      5.08    0.68931      0.051005      0.023034      0.010658      0.021316
HI9_Heard                19.90      5.28    0.67029      0.462750      0.463033      0.370786      0.741572
MI2267_Macquarie         19.90      5.51    0.70621      0.186854      0.221512      0.099554      0.199107
Population              mean_N    mean_k    mean_He    p_sign_TPM    p_stdv_TPM    p_W_1t_TPM    p_W_2t_TPM
137684_South_Shetlands      19.74      6.23    0.75038      0.122218      0.046338      0.004474      0.008947
AGP14096                 19.79      6.05    0.72924      0.321356      0.212591      0.083383      0.166766
A1044_Bouvetoya          19.79      5.74    0.70998      0.112270      0.067754      0.029365      0.058730
MIAGM13144_Marion_island      19.85      5.95    0.71627      0.084906      0.077591      0.015356      0.030713
CI5_Crozet               19.44      5.95    0.72634      0.141608      0.015693      0.000820      0.001640
KI816_Kergulen           19.44      5.15    0.68877      0.146523      0.068703      0.019229      0.038457
HI9_Heard                19.74      5.23    0.66506      0.530371      0.387139      0.535726      0.939518
MI2264_Macquarie         19.95      5.69    0.68829      0.539601      0.212730      0.460042      0.920085
Population              mean_N    mean_k    mean_He    p_sign_TPM    p_stdv_TPM    p_W_1t_TPM    p_W_2t_TPM
137711_South_Shetlands      20.00      6.51    0.74332      0.014043      0.026264      0.001947      0.003894
Y/B142/43                19.59      5.90    0.71769      0.093732      0.140069      0.033639      0.067279
BI1_Bouvetoya            19.85      5.67    0.71044      0.367972      0.319249      0.133745      0.267489
MIAGM13137_Marion_island      20.00      6.10    0.72308      0.007259      0.044982      0.001922      0.003844
CI39_Crozet              19.74      5.85    0.72635      0.002185      0.002742      0.000061      0.000122
KI813_Kergulen           19.85      5.49    0.68786      0.342046      0.311834      0.352130      0.704261
HI7_Heard                19.79      5.15    0.67907      0.392816      0.168114      0.071132      0.142264
MI2262_Macquarie         19.90      5.49    0.69214      0.395626      0.291006      0.242606      0.485211
Population              mean_N    mean_k    mean_He    p_sign_TPM    p_stdv_TPM    p_W_1t_TPM    p_W_2t_TPM
137722_South_Shetlands      20.00      6.28    0.72497      0.225607      0.455007      0.347014      0.694029
W6513/13                 19.85      5.87    0.71281      0.191567      0.128508      0.041149      0.082299
A1016_Bouvetoya          19.85      5.44    0.70439      0.205233      0.031848      0.005040      0.010080
MIAGM13122_Marion_island      19.79      6.15    0.71554      0.476084      0.262278      0.494283      0.988565
CI39_Crozet              19.59      5.56    0.70690      0.040011      0.015549      0.002592      0.005184
KI814_Kergulen           19.13      5.28    0.70325      0.090646      0.010964      0.003971      0.007943
HI7_Heard                19.49      5.10    0.68182      0.414929      0.300202      0.104560      0.209119
MI2246_Macquarie         19.85      5.54    0.70013      0.410332      0.301985      0.138340      0.276680
Population              mean_N    mean_k    mean_He    p_sign_TPM    p_stdv_TPM    p_W_1t_TPM    p_W_2t_TPM
137701_South_Shetlands      19.79      6.21    0.73303      0.227633      0.123009      0.030987      0.061974
W08                      19.64      6.05    0.72656      0.315698      0.347587      0.092369      0.184738
BI14_Bouvetoya           19.74      5.92    0.71344      0.465159      0.064315      0.029407      0.058814
MIAGM13139_Marion_island      19.95      6.08    0.72704      0.305078      0.308460      0.147809      0.295618
CI38_Crozet              19.69      5.92    0.73234      0.017168      0.003196      0.000093      0.000186
KI814_Kergulen           19.69      5.26    0.70327      0.058897      0.016325      0.034121      0.068242
HI9_Heard                19.69      5.21    0.67565      0.351046      0.346077      0.198233      0.396465
MI2267_Macquarie         19.90      5.41    0.67907      0.442137      0.437201      0.236726      0.473451
Population              mean_N    mean_k    mean_He    p_sign_TPM    p_stdv_TPM    p_W_1t_TPM    p_W_2t_TPM
137693_South_Shetlands      19.90      6.21    0.71738      0.552625      0.387696      0.388632      0.777263
W9177_mum                19.85      6.03    0.72586      0.169403      0.036223      0.005978      0.011955
A1093_Bouvetoya          19.79      5.77    0.70926      0.253555      0.199771      0.054021      0.108042
MIAGM13144_Marion_island      19.79      6.21    0.72952      0.106685      0.062265      0.017332      0.034665
CI40_Crozet              19.69      5.90    0.72439      0.063507      0.009310      0.002044      0.004087
KI814_Kergulen           19.54      5.21    0.66851      0.506834      0.278380      0.596268      0.818591
HI7_Heard                19.79      5.03    0.67453      0.354434      0.328555      0.146689      0.293377
MI2259_Macquarie         19.74      5.62    0.68950      0.076934      0.350324      0.022111      0.044221
Population              mean_N    mean_k    mean_He    p_sign_TPM    p_stdv_TPM    p_W_1t_TPM    p_W_2t_TPM
137690_South_Shetlands      19.74      5.82    0.71824      0.244986      0.060751      0.004169      0.008338
W6537                    19.85      6.05    0.72427      0.291670      0.216629      0.050746      0.101491
BI3_Bouvetoya            19.79      5.72    0.70590      0.177843      0.155906      0.020347      0.040694
MIAGF13148_Marion_island      19.95      6.00    0.70367      0.259855      0.286129      0.443015      0.886029
CI40_Crozet              19.59      5.74    0.71858      0.006368      0.002572      0.000001      0.000003
KI814_Kergulen           19.33      5.44    0.69657      0.274946      0.217972      0.201344      0.402688
HI9_Heard                19.54      5.49    0.67603      0.345586      0.273269      0.730645      0.547898
MI2270_Macquarie         20.00      5.54    0.69285      0.340125      0.251923      0.163985      0.327971
Population              mean_N    mean_k    mean_He    p_sign_TPM    p_stdv_TPM    p_W_1t_TPM    p_W_2t_TPM
137718_South_Shetlands      19.85      6.08    0.71707      0.046646      0.073048      0.009943      0.019885
W9165_mum                19.79      6.00    0.73113      0.038106      0.016384      0.000194      0.000388
A1030_Bouvetoya          19.90      5.59    0.70699      0.072929      0.018944      0.001268      0.002536
MIAGM13138_Marion_island      20.00      6.03    0.71984      0.356457      0.151317      0.104818      0.209636
CI5_Crozet               19.59      5.74    0.72290      0.001761      0.001191      0.000013      0.000026
KI807_Kergulen           19.54      5.15    0.67562      0.340232      0.493087      0.273324      0.546649
HI9_Heard                19.90      5.46    0.69277      0.549620      0.259002      0.190280      0.380559
MI2270_Macquarie         19.90      5.54    0.69640      0.040801      0.207018      0.014221      0.028441
