Population              mean_N    mean_k    mean_He    p_sign_TPM    p_stdv_TPM    p_W_1t_TPM    p_W_2t_TPM
137678_South_Shetlands      19.64      6.54    0.75673      0.246047      0.193841      0.056962      0.113925
W9172_pup                19.69      5.85    0.69792      0.473569      0.315239      0.197104      0.394207
A1090_Bouvetoya          19.54      5.92    0.71678      0.155922      0.130246      0.026525      0.053049
MIAGM13109_Marion_island      19.69      6.00    0.72583      0.198751      0.240163      0.099554      0.199107
CI5_Crozet               19.38      5.92    0.72441      0.011726      0.031487      0.001243      0.002485
KI798_Kergulen           19.28      5.31    0.69356      0.263650      0.258758      0.102035      0.204070
HI9_Heard                19.79      5.23    0.68355      0.308369      0.140408      0.022955      0.045909
MI2265_Macquarie         19.90      5.18    0.67255      0.397999      0.301743      0.101126      0.202253
Population              mean_N    mean_k    mean_He    p_sign_TPM    p_stdv_TPM    p_W_1t_TPM    p_W_2t_TPM
137702_South_Shetlands      19.74      6.10    0.72775      0.379043      0.212976      0.107493      0.214987
ATP26                    19.90      6.05    0.72583      0.554160      0.239004      0.092369      0.184738
A1085_Bouvetoya          19.79      5.49    0.69688      0.036618      0.007384      0.001392      0.002784
MIAGM13143_Marion_island      19.90      6.13    0.73648      0.014246      0.042502      0.005322      0.010643
CI5_Crozet               19.49      5.77    0.72568      0.002334      0.000838      0.000016      0.000031
KI812_Kergulen           19.18      4.95    0.69065      0.058532      0.006387      0.001681      0.003361
HI36_Heard               19.49      5.23    0.68783      0.488439      0.437036      0.326829      0.653658
MI2261_Macquarie         19.79      5.08    0.66492      0.370397      0.488363      0.163985      0.327971
Population              mean_N    mean_k    mean_He    p_sign_TPM    p_stdv_TPM    p_W_1t_TPM    p_W_2t_TPM
137694_South_Shetlands      19.79      5.90    0.72654      0.073387      0.138788      0.028090      0.056179
W6522/22                 19.59      5.85    0.72075      0.152802      0.059342      0.046374      0.092749
A1065_Bouvetoya          19.95      5.69    0.70649      0.186564      0.310358      0.102035      0.204070
MIAGM13117_Marion_island      19.85      5.95    0.71889      0.013781      0.026451      0.005978      0.011955
CI5_Crozet               19.54      5.92    0.73055      0.000639      0.000469      0.000003      0.000005
KI802_Kergulen           19.59      4.97    0.69127      0.050591      0.005610      0.003123      0.006247
HI5_Heard                19.79      5.51    0.69423      0.370656      0.310080      0.156918      0.313835
MI2246_Macquarie         19.74      5.31    0.68850      0.463753      0.192050      0.089750      0.179501
Population              mean_N    mean_k    mean_He    p_sign_TPM    p_stdv_TPM    p_W_1t_TPM    p_W_2t_TPM
137710_South_Shetlands      19.85      6.08    0.72550      0.060278      0.026569      0.001681      0.003361
W9173_mum                19.79      6.13    0.73566      0.439865      0.083631      0.026283      0.052567
A1096_Bouvetoya          19.79      6.00    0.71208      0.542614      0.262009      0.112987      0.225975
MIAGM13143_Marion_island      19.85      6.21    0.74208      0.032855      0.014831      0.000658      0.001317
CI5_Crozet               19.74      5.87    0.72555      0.029096      0.027316      0.003581      0.007162
KI801_Kergulen           18.97      5.33    0.70128      0.322133      0.073291      0.042761      0.085522
HI9_Heard                19.79      5.10    0.68123      0.155797      0.095955      0.062607      0.125213
MI2270_Macquarie         19.95      5.33    0.70820      0.037898      0.009382      0.004365      0.008731
Population              mean_N    mean_k    mean_He    p_sign_TPM    p_stdv_TPM    p_W_1t_TPM    p_W_2t_TPM
137685_South_Shetlands      19.85      6.28    0.72184      0.396538      0.151564      0.039904      0.079809
W9175_mum                19.90      6.03    0.72706      0.147589      0.047469      0.010356      0.020712
A1073_Bouvetoya          19.85      5.62    0.71404      0.040961      0.007247      0.001337      0.002675
MIAGM13125_Marion_island      19.90      6.13    0.73101      0.265404      0.076917      0.016567      0.033135
CI5_Crozet               19.54      5.82    0.71951      0.005963      0.003667      0.000076      0.000151
KI816_Kergulen           19.49      5.41    0.70680      0.015814      0.025694      0.008785      0.017571
HI7_Heard                19.69      5.33    0.68857      0.490808      0.282654      0.231946      0.463892
MI2262_Macquarie         19.95      5.38    0.69288      0.534071      0.051496      0.020347      0.040694
Population              mean_N    mean_k    mean_He    p_sign_TPM    p_stdv_TPM    p_W_1t_TPM    p_W_2t_TPM
137682_South_Shetlands      19.85      6.15    0.71928      0.448803      0.404599      0.164510      0.329021
W9178_pup                19.85      6.10    0.73923      0.000818      0.003626      0.000182      0.000364
A1006_Bouvetoya          19.95      6.23    0.72750      0.526686      0.235545      0.133745      0.267489
MIAGM13139_Marion_island      19.90      6.10    0.71800      0.018592      0.039615      0.007423      0.014845
CI5_Crozet               19.44      5.82    0.71231      0.136290      0.046561      0.008079      0.016159
KI802_Kergulen           19.49      5.15    0.69920      0.000647      0.002843      0.000049      0.000098
HI9_Heard                19.85      5.31    0.68277      0.403999      0.365237      0.242606      0.485211
MI2269_Macquarie         19.90      5.49    0.67968      0.343544      0.314913      0.392663      0.785327
Population              mean_N    mean_k    mean_He    p_sign_TPM    p_stdv_TPM    p_W_1t_TPM    p_W_2t_TPM
137723_South_Shetlands      19.69      6.00    0.71736      0.056194      0.114889      0.061997      0.123994
W9163_mum                19.69      6.05    0.73010      0.296390      0.046277      0.008406      0.016812
BI7_Bouvetoya            19.95      5.67    0.69459      0.561177      0.204574      0.151057      0.302114
MIAGM13132_Marion_island      19.74      6.10    0.72531      0.195162      0.143792      0.049277      0.098554
CI5_Crozet               19.59      6.00    0.72318      0.030478      0.013789      0.001337      0.002675
KI816_Kergulen           19.38      5.23    0.68165      0.049068      0.032605      0.026372      0.052745
HI7_Heard                19.69      5.44    0.69318      0.356205      0.400428      0.198233      0.396465
MI1667_Macquarie         19.95      5.79    0.69663      0.511868      0.386309      0.398188      0.796376
Population              mean_N    mean_k    mean_He    p_sign_TPM    p_stdv_TPM    p_W_1t_TPM    p_W_2t_TPM
137721_South_Shetlands      19.90      6.31    0.73321      0.437235      0.323526      0.209250      0.418500
W6538/38_FWB_pup         19.79      6.00    0.72919      0.071189      0.096668      0.032005      0.064009
2230_Bouvetoya           19.85      5.77    0.70724      0.149458      0.150385      0.115807      0.231613
MIAGM13131_Marion_island      20.00      6.28    0.73131      0.052774      0.064344      0.017965      0.035930
CI40_Crozet              19.69      5.72    0.70817      0.139334      0.073007      0.000775      0.001551
KI794_Kergulen           19.69      5.10    0.66955      0.388226      0.350964      0.193615      0.387231
HI9_Heard                19.59      5.21    0.68928      0.066486      0.071889      0.020692      0.041384
MI2270_Macquarie         20.00      5.31    0.68313      0.544918      0.294228      0.124297      0.248595
Population              mean_N    mean_k    mean_He    p_sign_TPM    p_stdv_TPM    p_W_1t_TPM    p_W_2t_TPM
137704_South_Shetlands      19.90      6.13    0.74152      0.132517      0.112267      0.011514      0.023028
W9167_mum                19.74      6.18    0.72764      0.168951      0.092126      0.029407      0.058814
BI25_Bouvetoya           19.95      5.56    0.69136      0.444475      0.216076      0.278581      0.557162
MIAGM13140_Marion_island      19.74      6.00    0.71352      0.428985      0.270687      0.151057      0.302114
CI5_Crozet               19.49      5.67    0.71566      0.081726      0.008827      0.000733      0.001466
KI795_Kergulen           19.54      5.18    0.69347      0.101699      0.127889      0.038689      0.077379
HI3_Heard                19.79      5.15    0.68373      0.398556      0.130948      0.053785      0.107569
MI1667_Macquarie         19.85      5.28    0.68333      0.084820      0.055722      0.011685      0.023371
Population              mean_N    mean_k    mean_He    p_sign_TPM    p_stdv_TPM    p_W_1t_TPM    p_W_2t_TPM
137700_South_Shetlands      19.95      6.03    0.72909      0.445985      0.240200      0.120638      0.241276
W9135_mum                19.79      6.10    0.72365      0.129090      0.206228      0.060283      0.120565
BI6_Bouvetoya            19.95      5.72    0.70987      0.093358      0.144583      0.023043      0.046087
MIAGM13124_Marion_island      19.95      5.85    0.72750      0.054644      0.011211      0.003422      0.006844
CI5_Crozet               19.64      5.74    0.71891      0.028431      0.010884      0.000775      0.001550
KI810_Kergulen           19.59      5.23    0.68878      0.339783      0.228971      0.138340      0.276680
HI9_Heard                19.74      4.95    0.66188      0.332245      0.330105      0.082835      0.165670
MI2270_Macquarie         20.00      5.41    0.69150      0.284149      0.239828      0.221438      0.442876
Population              mean_N    mean_k    mean_He    p_sign_TPM    p_stdv_TPM    p_W_1t_TPM    p_W_2t_TPM
137697_South_Shetlands      19.79      5.90    0.72494      0.409811      0.232641      0.209250      0.418500
W6504                    19.90      5.90    0.70530      0.448374      0.173044      0.062607      0.125213
BI21_Bouvetoya           19.79      6.00    0.70746      0.503773      0.423960      0.398188      0.796376
MIAGM13119_Marion_island      19.90      6.18    0.73672      0.194730      0.196209      0.042425      0.084850
CI5_Crozet               19.59      5.69    0.72123      0.001178      0.002767      0.000296      0.000593
KI814_Kergulen           19.38      5.21    0.70557      0.006963      0.001240      0.000070      0.000141
HI9_Heard                19.95      5.21    0.66889      0.472078      0.367790      0.236726      0.473451
MI2255_Macquarie         19.79      4.97    0.66907      0.562245      0.294872      0.147809      0.295618
Population              mean_N    mean_k    mean_He    p_sign_TPM    p_stdv_TPM    p_W_1t_TPM    p_W_2t_TPM
137714_South_Shetlands      20.00      6.28    0.72780      0.386647      0.095031      0.029407      0.058814
W6542/42_pup             19.64      6.03    0.73462      0.192541      0.446683      0.077077      0.154154
A1010_Bouvetoya          19.90      5.90    0.70857      0.259381      0.046794      0.002410      0.004820
MIAGM13128_Marion_island      19.79      6.26    0.73282      0.240423      0.065203      0.025616      0.051233
CI40_Crozet              19.74      5.87    0.72879      0.002179      0.001643      0.000016      0.000031
KI813_Kergulen           19.69      5.05    0.69515      0.055009      0.043186      0.009107      0.018213
HI9_Heard                19.79      5.28    0.67766      0.316161      0.279252      0.135276      0.270551
MI2252_Macquarie         19.95      5.46    0.68162      0.548680      0.478466      0.130632      0.261265
Population              mean_N    mean_k    mean_He    p_sign_TPM    p_stdv_TPM    p_W_1t_TPM    p_W_2t_TPM
137697_South_Shetlands      19.95      6.18    0.69975      0.171857      0.118070      0.759164      0.490696
W9165_pup                19.95      6.03    0.71316      0.539233      0.491670      0.269355      0.538709
2262_Bouvetoya           19.85      5.74    0.71647      0.033668      0.015080      0.000583      0.001166
MIAGM13128_Marion_island      19.95      6.21    0.73678      0.147625      0.026064      0.004169      0.008338
CI40_Crozet              19.69      5.82    0.71116      0.023058      0.034294      0.009856      0.019713
KI816_Kergulen           19.64      5.21    0.68549      0.263752      0.126371      0.092369      0.184738
HI9_Heard                19.74      5.28    0.69203      0.173121      0.071124      0.017965      0.035930
MI2248_Macquarie         19.95      5.59    0.69214      0.509733      0.463202      0.269355      0.538709
Population              mean_N    mean_k    mean_He    p_sign_TPM    p_stdv_TPM    p_W_1t_TPM    p_W_2t_TPM
137717_South_Shetlands      19.74      5.97    0.71641      0.056267      0.161665      0.023752      0.047505
W9166_pup                19.74      5.92    0.71688      0.341522      0.149698      0.052419      0.104837
2260_Bouvetoya           19.95      5.74    0.69508      0.198061      0.275202      0.074532      0.149064
MIAGM13128_Marion_island      19.90      6.15    0.72095      0.414357      0.291683      0.269355      0.538709
CI40_Crozet              19.64      5.87    0.71729      0.063909      0.039639      0.006046      0.012092
KI814_Kergulen           19.33      5.15    0.68481      0.368165      0.229218      0.141450      0.282901
HI7_Heard                19.69      5.26    0.69867      0.196304      0.105271      0.027174      0.054348
MI2269_Macquarie         19.90      5.51    0.69576      0.532909      0.136135      0.078448      0.156895
Population              mean_N    mean_k    mean_He    p_sign_TPM    p_stdv_TPM    p_W_1t_TPM    p_W_2t_TPM
137721_South_Shetlands      19.90      6.00    0.70843      0.502865      0.234638      0.074235      0.148469
W6512/12                 19.85      6.10    0.74320      0.065311      0.014595      0.000818      0.001635
2198_Bouvetoya           19.95      5.82    0.70697      0.027517      0.126671      0.012672      0.025345
MIAGM13130_Marion_island      19.90      6.05    0.71946      0.548240      0.390594      0.426121      0.852241
CI5_Crozet               19.69      5.72    0.71840      0.012689      0.001849      0.000027      0.000054
KI802_Kergulen           19.44      5.15    0.67751      0.413047      0.407315      0.157692      0.315383
HI5_Heard                19.74      5.03    0.66081      0.220272      0.219596      0.099554      0.199107
MI2254_Macquarie         20.00      5.15    0.68205      0.281132      0.080382      0.017448      0.034896
Population              mean_N    mean_k    mean_He    p_sign_TPM    p_stdv_TPM    p_W_1t_TPM    p_W_2t_TPM
137703_South_Shetlands      19.64      6.31    0.72639      0.289421      0.377447      0.246964      0.493928
W9166_mum                19.74      6.03    0.72550      0.246427      0.078660      0.015952      0.031905
BI6_Bouvetoya            19.90      5.85    0.71687      0.182479      0.182637      0.079138      0.158277
MIAGM13045_Marion_island      19.95      6.03    0.71231      0.057053      0.042814      0.003430      0.006860
CI38_Crozet              19.59      5.79    0.72416      0.000442      0.001445      0.000002      0.000004
KI807_Kergulen           19.44      5.23    0.70233      0.077592      0.018543      0.005978      0.011955
HI9_Heard                19.95      5.10    0.67254      0.520179      0.292901      0.238288      0.476577
MI2254_Macquarie         19.69      5.36    0.69411      0.178249      0.132894      0.037504      0.075008
Population              mean_N    mean_k    mean_He    p_sign_TPM    p_stdv_TPM    p_W_1t_TPM    p_W_2t_TPM
137714_South_Shetlands      19.79      5.97    0.73680      0.038835      0.104053      0.032005      0.064009
W9171_mum                19.44      5.97    0.71781      0.548518      0.434319      0.347014      0.694029
A1098_Bouvetoya          19.74      5.79    0.70877      0.378951      0.109014      0.043564      0.087128
MIAGM13131_Marion_island      19.90      6.13    0.72791      0.111709      0.081376      0.030987      0.061974
CI5_Crozet               19.54      5.90    0.72403      0.016944      0.003023      0.000011      0.000022
KI814_Kergulen           19.44      5.41    0.69821      0.039713      0.104481      0.013680      0.027359
HI7_Heard                19.49      5.18    0.68794      0.313257      0.161849      0.025416      0.050833
MI2250_Macquarie         19.85      5.26    0.69032      0.007756      0.006292      0.000144      0.000288
Population              mean_N    mean_k    mean_He    p_sign_TPM    p_stdv_TPM    p_W_1t_TPM    p_W_2t_TPM
137674_South_Shetlands      19.90      6.33    0.72500      0.258371      0.185861      0.078448      0.156895
W9170_mum                19.79      5.95    0.71955      0.083939      0.153203      0.012159      0.024319
BI17_Bouvetoya           19.95      5.82    0.71477      0.047571      0.035171      0.002857      0.005714
MIAGM13132_Marion_island      19.59      6.08    0.73205      0.017081      0.081289      0.014221      0.028441
CI40_Crozet              19.59      5.41    0.70464      0.006564      0.004456      0.000160      0.000320
KI810_Kergulen           19.85      5.26    0.67387      0.146541      0.238413      0.115807      0.231613
HI4_Heard                19.54      5.36    0.70572      0.467279      0.217569      0.164510      0.329021
MI2256_Macquarie         19.95      5.51    0.68323      0.112048      0.405945      0.106608      0.213216
Population              mean_N    mean_k    mean_He    p_sign_TPM    p_stdv_TPM    p_W_1t_TPM    p_W_2t_TPM
137721_South_Shetlands      19.85      6.33    0.72520      0.431462      0.439217      0.404596      0.809191
W9132_pup                19.69      6.03    0.71973      0.090721      0.123059      0.054021      0.108042
A1052_Bouvetoya          19.90      5.77    0.70426      0.081771      0.059880      0.021263      0.042526
MIAGM13136_Marion_island      19.95      6.15    0.72298      0.452072      0.374112      0.154351      0.308703
CI5_Crozet               19.64      5.74    0.70712      0.063372      0.065783      0.014440      0.028879
KI816_Kergulen           19.69      5.13    0.66906      0.153937      0.265988      0.121590      0.243181
HI9_Heard                19.64      5.28    0.67845      0.350646      0.254710      0.078448      0.156895
MI2259_Macquarie         19.90      5.46    0.68591      0.080049      0.260974      0.087400      0.174800
Population              mean_N    mean_k    mean_He    p_sign_TPM    p_stdv_TPM    p_W_1t_TPM    p_W_2t_TPM
137716_South_Shetlands      19.69      6.33    0.71946      0.561606      0.388421      0.205275      0.410550
W6531/31                 19.69      6.28    0.74122      0.100199      0.041212      0.015952      0.031905
A1069_Bouvetoya          19.79      5.97    0.71801      0.507133      0.370407      0.160427      0.320853
MIAGM13121_Marion_island      19.95      5.87    0.70705      0.143761      0.452206      0.254503      0.509007
CI5_Crozet               19.38      5.64    0.71748      0.004198      0.001869      0.000010      0.000020
KI805_Kergulen           19.49      5.26    0.69713      0.060553      0.146646      0.047842      0.095683
HI7_Heard                19.49      5.28    0.70185      0.035466      0.122229      0.038689      0.077379
MI2269_Macquarie         19.90      5.49    0.68174      0.474991      0.324891      0.414877      0.829754
Population              mean_N    mean_k    mean_He    p_sign_TPM    p_stdv_TPM    p_W_1t_TPM    p_W_2t_TPM
137711_South_Shetlands      19.90      6.08    0.73496      0.483638      0.077817      0.032538      0.065076
W6536/36_FWB_pup         19.95      6.03    0.72170      0.014109      0.034096      0.001376      0.002752
BI8_Bouvetoya            19.90      5.64    0.68936      0.116156      0.026419      0.004372      0.008745
MIAGM13131_Marion_island      19.95      6.10    0.73728      0.009834      0.027161      0.002594      0.005187
CI39_Crozet              19.64      5.67    0.70336      0.230763      0.043503      0.002998      0.005996
KI806_Kergulen           19.23      5.23    0.69175      0.142831      0.181728      0.065537      0.131075
HI7_Heard                19.74      5.33    0.69478      0.192151      0.199494      0.102035      0.204070
MI2264_Macquarie         19.95      5.69    0.71144      0.554862      0.225493      0.097075      0.194150
Population              mean_N    mean_k    mean_He    p_sign_TPM    p_stdv_TPM    p_W_1t_TPM    p_W_2t_TPM
137701_South_Shetlands      20.00      5.95    0.72389      0.024550      0.012704      0.004096      0.008191
W9169_mum                19.74      5.77    0.72794      0.029994      0.014378      0.002594      0.005187
A1056_Bouvetoya          19.79      5.44    0.70331      0.016874      0.021135      0.006812      0.013624
MIAGM13141_Marion_island      19.79      6.28    0.72764      0.071190      0.114061      0.026525      0.053049
CI5_Crozet               19.64      5.82    0.70838      0.098472      0.031759      0.001579      0.003159
KI801_Kergulen           19.28      5.21    0.69896      0.273545      0.114457      0.024573      0.049146
HI7_Heard                19.64      5.05    0.67433      0.103256      0.303545      0.097116      0.194231
MI2250_Macquarie         19.90      5.33    0.69077      0.373814      0.084943      0.037124      0.074247
Population              mean_N    mean_k    mean_He    p_sign_TPM    p_stdv_TPM    p_W_1t_TPM    p_W_2t_TPM
137704_South_Shetlands      19.69      6.21    0.73054      0.541595      0.443621      0.307127      0.614255
ATP40                    19.95      6.44    0.72807      0.538345      0.464866      0.182521      0.365043
A1015_Bouvetoya          19.85      5.82    0.70900      0.136638      0.026863      0.002722      0.005443
MIAGM13128_Marion_island      19.95      6.28    0.71630      0.439987      0.423379      0.409953      0.819906
CI5_Crozet               19.38      5.67    0.71688      0.003157      0.000747      0.000002      0.000005
KI814_Kergulen           19.13      5.33    0.69206      0.374318      0.057228      0.029030      0.058060
HI9_Heard                19.69      5.46    0.68113      0.554327      0.474281      0.178699      0.357397
MI2264_Macquarie         19.95      5.49    0.67348      0.174747      0.110848      0.712132      0.585588
Population              mean_N    mean_k    mean_He    p_sign_TPM    p_stdv_TPM    p_W_1t_TPM    p_W_2t_TPM
137693_South_Shetlands      19.74      6.18    0.72798      0.316594      0.455987      0.120638      0.241276
W9135_pup                19.90      6.00    0.72169      0.249411      0.071987      0.019229      0.038457
BI1_Bouvetoya            19.69      5.69    0.70398      0.106635      0.080222      0.016779      0.033559
MIAGM13143_Marion_island      19.95      6.21    0.72471      0.429145      0.210110      0.138340      0.276680
CI39_Crozet              19.69      5.82    0.71576      0.076046      0.003665      0.001268      0.002536
KI798_Kergulen           19.74      5.21    0.70803      0.057535      0.006273      0.000695      0.001391
HI5_Heard                19.79      5.18    0.68272      0.390465      0.338097      0.268557      0.537113
MI2270_Macquarie         19.90      5.64    0.70113      0.475932      0.193618      0.107493      0.214987
Population              mean_N    mean_k    mean_He    p_sign_TPM    p_stdv_TPM    p_W_1t_TPM    p_W_2t_TPM
137698_South_Shetlands      19.95      6.49    0.74486      0.303083      0.149390      0.034121      0.068242
W5737/38_FWB_pup         19.85      5.95    0.72678      0.530052      0.246665      0.161078      0.322156
A1061_Bouvetoya          19.85      5.72    0.72155      0.026363      0.009391      0.000056      0.000112
MIAGM13122_Marion_island      20.00      6.08    0.71350      0.263605      0.247736      0.186376      0.372752
CI5_Crozet               19.49      5.97    0.72004      0.066319      0.020592      0.000267      0.000534
KI813_Kergulen           19.28      5.13    0.67810      0.064289      0.267374      0.090060      0.180119
HI4_Heard                19.85      5.36    0.69812      0.143573      0.038486      0.008079      0.016159
MI1665_Macquarie         19.79      5.23    0.69465      0.114674      0.120285      0.049277      0.098554
Population              mean_N    mean_k    mean_He    p_sign_TPM    p_stdv_TPM    p_W_1t_TPM    p_W_2t_TPM
137691_South_Shetlands      19.95      6.10    0.72415      0.118305      0.092933      0.030987      0.061974
W9162_mum                19.69      6.08    0.71949      0.424641      0.426469      0.326829      0.653658
A1071_Bouvetoya          19.90      6.10    0.70025      0.181136      0.125551      0.702242      0.605517
MIAGM13142_Marion_island      19.85      6.21    0.72914      0.218277      0.250890      0.117847      0.235693
CI32_Crozet              19.69      5.85    0.72905      0.000689      0.001344      0.000004      0.000007
KI810_Kergulen           19.74      5.00    0.67703      0.345565      0.305980      0.217332      0.434664
HI7_Heard                19.59      5.31    0.68814      0.511555      0.398240      0.126357      0.252714
MI2252_Macquarie         19.95      5.59    0.69642      0.131535      0.456377      0.057339      0.114678
Population              mean_N    mean_k    mean_He    p_sign_TPM    p_stdv_TPM    p_W_1t_TPM    p_W_2t_TPM
137715_South_Shetlands      19.74      5.77    0.70847      0.079771      0.102776      0.019946      0.039893
W9164_mum                19.85      6.03    0.71744      0.137841      0.231709      0.036348      0.072695
BI21_Bouvetoya           20.00      5.87    0.71606      0.161616      0.091190      0.019229      0.038457
MIAGM13139_Marion_island      19.95      6.28    0.72461      0.462840      0.277286      0.144607      0.289213
CI40_Crozet              19.74      5.95    0.72197      0.179489      0.030082      0.003746      0.007492
KI806_Kergulen           19.28      5.10    0.69245      0.222815      0.027255      0.002722      0.005443
HI9_Heard                19.90      5.00    0.66636      0.033259      0.048414      0.020686      0.041373
MI2262_Macquarie         19.90      5.44    0.69415      0.295649      0.280997      0.112398      0.224797
Population              mean_N    mean_k    mean_He    p_sign_TPM    p_stdv_TPM    p_W_1t_TPM    p_W_2t_TPM
137701_South_Shetlands      19.90      6.28    0.74135      0.066532      0.282740      0.043731      0.087463
W9165_mum                20.00      6.10    0.72928      0.203273      0.205340      0.085567      0.171134
A1055_Bouvetoya          19.90      5.82    0.70457      0.182382      0.123981      0.041149      0.082299
MIAGM13113_Marion_island      19.95      6.05    0.72181      0.274311      0.117963      0.058604      0.117209
CI5_Crozet               19.59      5.54    0.70859      0.006913      0.006321      0.000182      0.000364
KI802_Kergulen           19.54      5.33    0.69836      0.181448      0.070048      0.026283      0.052567
HI7_Heard                19.64      5.10    0.67731      0.286607      0.357933      0.099554      0.199107
MI2258_Macquarie         19.95      5.18    0.70410      0.298511      0.035537      0.014440      0.028879
Population              mean_N    mean_k    mean_He    p_sign_TPM    p_stdv_TPM    p_W_1t_TPM    p_W_2t_TPM
137704_South_Shetlands      19.74      5.90    0.72127      0.524502      0.498445      0.352130      0.704261
W9164_pup                19.95      6.00    0.73034      0.203706      0.094752      0.056962      0.113925
BI16_Bouvetoya           19.90      5.77    0.72317      0.026846      0.002200      0.000076      0.000152
MIAGM13143_Marion_island      19.90      5.95    0.72520      0.443024      0.200996      0.135276      0.270551
CI40_Crozet              19.74      5.87    0.71624      0.010339      0.016143      0.005322      0.010643
KI816_Kergulen           19.64      5.26    0.69399      0.343390      0.067661      0.038347      0.076694
HI9_Heard                19.79      5.31    0.67774      0.417688      0.452911      0.250823      0.501646
MI2261_Macquarie         20.00      5.49    0.71471      0.042824      0.034319      0.005003      0.010006
Population              mean_N    mean_k    mean_He    p_sign_TPM    p_stdv_TPM    p_W_1t_TPM    p_W_2t_TPM
137692_South_Shetlands      20.00      6.23    0.72470      0.559509      0.444308      0.367633      0.735266
W6545                    19.59      5.92    0.72566      0.434835      0.259061      0.126357      0.252714
BI2_Bouvetoya            19.95      6.10    0.71659      0.360292      0.034437      0.012159      0.024319
MIAGM13134_Marion_island      19.90      5.95    0.72266      0.107164      0.103844      0.047842      0.095683
CI5_Crozet               19.59      5.72    0.72192      0.014177      0.001658      0.000070      0.000141
KI813_Kergulen           19.23      5.10    0.68260      0.150055      0.115203      0.019229      0.038457
HI4_Heard                19.64      5.36    0.69642      0.030518      0.048936      0.009107      0.018213
MI2261_Macquarie         19.90      5.38    0.70166      0.078639      0.023729      0.002022      0.004043
Population              mean_N    mean_k    mean_He    p_sign_TPM    p_stdv_TPM    p_W_1t_TPM    p_W_2t_TPM
137709_South_Shetlands      20.00      6.08    0.72065      0.277948      0.368040      0.087792      0.175584
W9175_pup                19.95      6.18    0.72021      0.476756      0.443780      0.292794      0.585588
A1070_Bouvetoya          19.69      5.92    0.71298      0.372244      0.257479      0.118674      0.237349
MIAGM13124_Marion_island      20.00      5.97    0.70499      0.391925      0.178779      0.102035      0.204070
CI40_Crozet              19.79      5.90    0.72904      0.001523      0.009891      0.000194      0.000388
KI816_Kergulen           19.23      5.03    0.68392      0.068418      0.010558      0.001341      0.002681
HI9_Heard                19.90      5.13    0.68052      0.160869      0.071304      0.019946      0.039893
MI2264_Macquarie         19.95      5.51    0.69731      0.077070      0.057003      0.005978      0.011955
Population              mean_N    mean_k    mean_He    p_sign_TPM    p_stdv_TPM    p_W_1t_TPM    p_W_2t_TPM
137715_South_Shetlands      19.59      6.00    0.72305      0.554356      0.193870      0.097116      0.194231
W9165_pup                19.95      6.08    0.71266      0.306317      0.198704      0.464274      0.928548
A1066_Bouvetoya          19.90      5.77    0.70838      0.297134      0.061332      0.016132      0.032265
MIAGM13142_Marion_island      19.85      6.23    0.72785      0.013472      0.140840      0.069229      0.138457
CI39_Crozet              19.59      5.82    0.72489      0.009884      0.002347      0.000056      0.000112
KI816_Kergulen           19.54      5.41    0.69733      0.051248      0.032482      0.009447      0.018894
HI9_Heard                19.69      4.97    0.66786      0.461825      0.419517      0.246964      0.493928
MI2256_Macquarie         19.85      5.38    0.70664      0.058551      0.018458      0.005098      0.010195
Population              mean_N    mean_k    mean_He    p_sign_TPM    p_stdv_TPM    p_W_1t_TPM    p_W_2t_TPM
137699_South_Shetlands      19.64      5.87    0.72099      0.324722      0.183305      0.087792      0.175584
W9172_mum                19.64      6.18    0.73705      0.019741      0.021613      0.004782      0.009564
BI21_Bouvetoya           19.79      5.49    0.68877      0.339308      0.451986      0.273949      0.547898
MIAGM13124_Marion_island      19.69      6.00    0.72547      0.306060      0.126458      0.081240      0.162480
CI5_Crozet               19.54      5.77    0.70950      0.006536      0.019479      0.001486      0.002971
KI814_Kergulen           19.18      5.10    0.66718      0.472003      0.212188      0.147343      0.294686
HI7_Heard                19.59      5.26    0.67597      0.430434      0.220141      0.584673      0.841433
MI2261_Macquarie         20.00      5.38    0.69541      0.402656      0.083536      0.026372      0.052745
Population              mean_N    mean_k    mean_He    p_sign_TPM    p_stdv_TPM    p_W_1t_TPM    p_W_2t_TPM
137706_South_Shetlands      20.00      6.18    0.71835      0.419612      0.455348      0.264798      0.529596
W9163_mum                20.00      6.03    0.72213      0.491179      0.305067      0.080619      0.161239
BI24_Bouvetoya           19.79      5.69    0.69979      0.035964      0.045013      0.017202      0.034404
MIAGM13057_Marion_island      19.95      6.10    0.73027      0.015334      0.013001      0.000151      0.000302
CI40_Crozet              19.74      6.05    0.73303      0.031968      0.002232      0.000061      0.000122
KI813_Kergulen           19.54      5.49    0.69630      0.344488      0.480079      0.167989      0.335977
HI7_Heard                19.79      5.33    0.70633      0.013718      0.039974      0.003581      0.007162
MI2258_Macquarie         19.85      5.38    0.69829      0.150183      0.130212      0.072192      0.144384
Population              mean_N    mean_k    mean_He    p_sign_TPM    p_stdv_TPM    p_W_1t_TPM    p_W_2t_TPM
137696_South_Shetlands      19.90      6.15    0.72780      0.414071      0.488887      0.307127      0.614255
W9163_pup                19.79      5.85    0.69962      0.257348      0.197859      0.621912      0.766699
BI17_Bouvetoya           19.79      5.82    0.71824      0.143648      0.019758      0.001827      0.003653
MIAGM13135_Marion_island      19.85      5.92    0.72176      0.029530      0.033925      0.000635      0.001270
CI40_Crozet              19.59      5.92    0.71944      0.017559      0.021497      0.001139      0.002279
KI814_Kergulen           19.28      5.46    0.67613      0.281634      0.321256      0.426089      0.852178
HI7_Heard                19.79      5.00    0.66902      0.539898      0.292744      0.129284      0.258568
MI2256_Macquarie         19.95      5.44    0.69276      0.116443      0.283105      0.069229      0.138457
Population              mean_N    mean_k    mean_He    p_sign_TPM    p_stdv_TPM    p_W_1t_TPM    p_W_2t_TPM
137710_South_Shetlands      19.90      6.00    0.70621      0.538985      0.437288      0.365377      0.730753
W9175_mum                19.85      5.92    0.70923      0.227571      0.111205      0.078448      0.156895
BI6_Bouvetoya            19.95      5.79    0.72677      0.085808      0.011698      0.003299      0.006598
MIAGM13142_Marion_island      19.90      6.41    0.73040      0.403427      0.447651      0.307127      0.614255
CI40_Crozet              19.69      5.87    0.71669      0.015425      0.005640      0.001827      0.003653
KI816_Kergulen           19.79      5.23    0.69204      0.409026      0.054994      0.034121      0.068242
HI5_Heard                19.74      5.26    0.68135      0.414320      0.387662      0.283250      0.566500
MI2260_Macquarie         19.64      5.23    0.66758      0.255695      0.294789      0.344010      0.688020
Population              mean_N    mean_k    mean_He    p_sign_TPM    p_stdv_TPM    p_W_1t_TPM    p_W_2t_TPM
137708_South_Shetlands      19.90      6.59    0.76178      0.220004      0.100311      0.013913      0.027825
W6529/29                 19.74      5.92    0.71912      0.178246      0.032941      0.009107      0.018213
A1100_Bouvetoya          20.00      5.67    0.70270      0.070855      0.019288      0.005003      0.010006
MIAGM13138_Marion_island      19.90      5.90    0.72222      0.562156      0.422340      0.357273      0.714546
CI39_Crozet              19.64      5.92    0.71297      0.107912      0.034260      0.006948      0.013897
KI814_Kergulen           19.59      5.33    0.69455      0.300235      0.117423      0.050746      0.101491
HI7_Heard                19.59      5.31    0.69162      0.527614      0.439150      0.209250      0.418500
MI2267_Macquarie         19.90      5.44    0.69604      0.517279      0.159933      0.085095      0.170191
Population              mean_N    mean_k    mean_He    p_sign_TPM    p_stdv_TPM    p_W_1t_TPM    p_W_2t_TPM
137722_South_Shetlands      20.00      6.18    0.72874      0.262589      0.342909      0.036348      0.072695
W9132_pup                19.54      5.72    0.70385      0.382344      0.064268      0.016779      0.033559
BI23_Bouvetoya           19.90      5.79    0.69499      0.174821      0.160991      0.050259      0.100519
MIAGM13142_Marion_island      19.90      6.38    0.74205      0.216511      0.136717      0.047842      0.095683
CI5_Crozet               19.54      5.74    0.71784      0.004165      0.003461      0.000314      0.000629
KI795_Kergulen           19.54      4.97    0.68012      0.039014      0.043838      0.012649      0.025299
HI7_Heard                19.59      5.26    0.67085      0.142353      0.290399      0.668168      0.673729
MI2248_Macquarie         20.00      5.56    0.69514      0.340015      0.193296      0.087400      0.174800
Population              mean_N    mean_k    mean_He    p_sign_TPM    p_stdv_TPM    p_W_1t_TPM    p_W_2t_TPM
137721_South_Shetlands      19.95      6.00    0.70920      0.315084      0.349156      0.409953      0.819906
W9177_pup                19.85      6.05    0.72557      0.155608      0.015766      0.002349      0.004697
A1086_Bouvetoya          19.90      6.00    0.73608      0.043718      0.038488      0.002592      0.005184
MIAGM13132_Marion_island      19.69      5.85    0.71638      0.124323      0.420947      0.104560      0.209119
CI40_Crozet              19.74      5.77    0.70829      0.127767      0.056907      0.013680      0.027359
KI810_Kergulen           19.13      5.13    0.69036      0.153888      0.051920      0.019946      0.039893
HI7_Heard                19.69      5.59    0.70721      0.096476      0.168076      0.023876      0.047753
MI2267_Macquarie         19.95      5.69    0.70613      0.401975      0.164897      0.077077      0.154154
Population              mean_N    mean_k    mean_He    p_sign_TPM    p_stdv_TPM    p_W_1t_TPM    p_W_2t_TPM
137714_South_Shetlands      20.00      5.95    0.71444      0.250043      0.126237      0.039602      0.079205
W6527/27                 19.74      6.03    0.72926      0.007149      0.018956      0.004570      0.009139
A1079_Bouvetoya          19.54      5.64    0.69716      0.501979      0.161810      0.037170      0.074340
MIAGM13133_Marion_island      19.85      6.03    0.73169      0.305094      0.060312      0.012428      0.024856
CI5_Crozet               19.69      5.79    0.70734      0.036215      0.040645      0.006812      0.013624
KI806_Kergulen           19.54      5.18    0.69157      0.113219      0.065842      0.046439      0.092879
HI7_Heard                19.74      5.15    0.67027      0.250744      0.471541      0.163985      0.327971
MI2259_Macquarie         19.90      5.49    0.69086      0.520750      0.386767      0.198233      0.396465
Population              mean_N    mean_k    mean_He    p_sign_TPM    p_stdv_TPM    p_W_1t_TPM    p_W_2t_TPM
137716_South_Shetlands      19.90      6.31    0.72791      0.264092      0.327084      0.085095      0.170191
W9134_pup                19.79      5.97    0.73577      0.000947      0.002247      0.000775      0.001551
BI5_Bouvetoya            19.64      5.74    0.72081      0.057546      0.012823      0.002360      0.004719
MIAGM13121_Marion_island      19.79      5.95    0.71261      0.476664      0.221935      0.140118      0.280235
CI5_Crozet               19.59      5.90    0.71197      0.329746      0.218910      0.089750      0.179501
KI806_Kergulen           19.44      5.21    0.69904      0.014722      0.022002      0.004882      0.009763
HI7_Heard                19.49      5.31    0.68734      0.455852      0.211264      0.409953      0.819906
MI2259_Macquarie         19.85      5.23    0.68258      0.295623      0.141304      0.058741      0.117482
Population              mean_N    mean_k    mean_He    p_sign_TPM    p_stdv_TPM    p_W_1t_TPM    p_W_2t_TPM
137702_South_Shetlands      19.64      6.44    0.72503      0.530985      0.463801      0.458796      0.917591
W9167_pup                19.74      6.00    0.70232      0.304312      0.141602      0.049324      0.098649
A1055_Bouvetoya          19.79      5.85    0.70158      0.475547      0.391714      0.297758      0.595515
MIAGM13110_Marion_island      19.95      6.03    0.71399      0.459463      0.234777      0.099609      0.199218
CI5_Crozet               19.54      5.82    0.71644      0.028437      0.063716      0.004281      0.008562
KI816_Kergulen           19.54      5.28    0.68659      0.401364      0.177788      0.055226      0.110452
HI9_Heard                19.69      5.10    0.67413      0.331655      0.110180      0.097075      0.194150
MI2265_Macquarie         19.85      5.05    0.66898      0.083035      0.204346      0.022234      0.044469
Population              mean_N    mean_k    mean_He    p_sign_TPM    p_stdv_TPM    p_W_1t_TPM    p_W_2t_TPM
137716_South_Shetlands      19.79      6.23    0.72600      0.252648      0.491921      0.218952      0.437905
W9177_mum                19.49      6.31    0.73121      0.059359      0.441899      0.083383      0.166766
BI12_Bouvetoya           19.69      5.67    0.72418      0.057128      0.012765      0.002062      0.004124
MIAGM13120_Marion_island      19.95      6.15    0.73053      0.182492      0.086987      0.012907      0.025814
CI5_Crozet               19.38      5.62    0.70211      0.082901      0.072613      0.012649      0.025299
KI801_Kergulen           19.64      5.00    0.67771      0.028977      0.065074      0.015544      0.031088
HI7_Heard                19.54      5.18    0.66803      0.504772      0.490111      0.123475      0.246950
MI2248_Macquarie         19.85      5.44    0.67303      0.119402      0.094580      0.809720      0.388464
Population              mean_N    mean_k    mean_He    p_sign_TPM    p_stdv_TPM    p_W_1t_TPM    p_W_2t_TPM
137712_South_Shetlands      19.64      6.15    0.73243      0.477096      0.373567      0.135276      0.270551
W9134_mum                19.90      5.85    0.70675      0.563343      0.460551      0.302283      0.604566
BI5_Bouvetoya            19.90      5.85    0.70138      0.335202      0.126840      0.092146      0.184292
MIAGM13139_Marion_island      19.95      6.36    0.72745      0.126055      0.483612      0.436968      0.873937
CI40_Crozet              19.59      5.97    0.72084      0.031151      0.020985      0.001410      0.002819
KI816_Kergulen           19.18      5.15    0.69671      0.017577      0.037733      0.002126      0.004252
HI9_Heard                19.85      5.23    0.67531      0.347149      0.295328      0.231946      0.463892
MI2260_Macquarie         19.95      5.21    0.67790      0.150259      0.248232      0.057339      0.114678
Population              mean_N    mean_k    mean_He    p_sign_TPM    p_stdv_TPM    p_W_1t_TPM    p_W_2t_TPM
137700_South_Shetlands      19.90      6.08    0.73865      0.205743      0.019353      0.000658      0.001317
W9167_pup                19.90      6.18    0.73728      0.313571      0.063134      0.005322      0.010643
A1075_Bouvetoya          19.85      5.77    0.72403      0.038503      0.010443      0.000235      0.000470
MIAGM13144_Marion_island      19.79      6.21    0.72747      0.409656      0.174298      0.161078      0.322156
CI5_Crozet               19.44      5.82    0.72127      0.011079      0.009673      0.001243      0.002485
KI813_Kergulen           19.33      4.95    0.68256      0.332689      0.046558      0.025616      0.051233
HI9_Heard                19.79      5.31    0.68864      0.525495      0.170461      0.074235      0.148469
MI2264_Macquarie         19.95      5.23    0.68970      0.061744      0.037273      0.011514      0.023028
Population              mean_N    mean_k    mean_He    p_sign_TPM    p_stdv_TPM    p_W_1t_TPM    p_W_2t_TPM
137720_South_Shetlands      19.85      6.41    0.73411      0.546566      0.301304      0.132257      0.264514
W9133_mum                19.79      5.97    0.72329      0.000872      0.032458      0.000342      0.000683
BI16_Bouvetoya           19.95      5.64    0.69800      0.039089      0.073025      0.007423      0.014845
MIAGM13132_Marion_island      19.74      6.21    0.72486      0.104188      0.159395      0.008296      0.016591
CI5_Crozet               19.64      5.72    0.70567      0.142024      0.084793      0.012159      0.024319
KI813_Kergulen           19.64      5.36    0.70436      0.104182      0.113598      0.046439      0.092879
HI5_Heard                19.79      5.33    0.68072      0.315127      0.311710      0.557590      0.895725
MI2269_Macquarie         19.95      5.28    0.67819      0.226615      0.148123      0.074235      0.148469
Population              mean_N    mean_k    mean_He    p_sign_TPM    p_stdv_TPM    p_W_1t_TPM    p_W_2t_TPM
137675_South_Shetlands      19.64      6.13    0.73412      0.318243      0.122855      0.024573      0.049146
W6558_pup                19.95      6.03    0.70362      0.436899      0.310381      0.431538      0.863076
A1100_Bouvetoya          19.74      5.69    0.69545      0.533332      0.214622      0.118674      0.237349
MIAGM13131_Marion_island      19.85      6.21    0.73455      0.316407      0.076060      0.043731      0.087463
CI5_Crozet               19.64      5.87    0.72775      0.074435      0.003242      0.000251      0.000501
KI807_Kergulen           19.08      5.10    0.69885      0.007211      0.008967      0.000775      0.001551
HI5_Heard                19.79      5.26    0.67315      0.229174      0.282199      0.115807      0.231613
MI2261_Macquarie         19.90      5.41    0.68765      0.325661      0.191548      0.066318      0.132635
Population              mean_N    mean_k    mean_He    p_sign_TPM    p_stdv_TPM    p_W_1t_TPM    p_W_2t_TPM
137701_South_Shetlands      19.74      6.51    0.74720      0.294016      0.180402      0.099554      0.199107
W9167_mum                19.79      6.13    0.73480      0.427229      0.069770      0.011964      0.023927
A1093_Bouvetoya          19.69      5.82    0.71643      0.044842      0.085757      0.020686      0.041373
MIAGM13144_Marion_island      19.79      6.21    0.72286      0.410525      0.365258      0.132257      0.264514
CI40_Crozet              19.59      5.77    0.71211      0.040508      0.014746      0.000386      0.000771
KI812_Kergulen           19.23      5.21    0.70040      0.182583      0.037009      0.015506      0.031013
HI9_Heard                19.79      5.15    0.67418      0.470795      0.314082      0.201344      0.402688
MI2269_Macquarie         19.90      5.18    0.67451      0.319477      0.434373      0.383349      0.766699
Population              mean_N    mean_k    mean_He    p_sign_TPM    p_stdv_TPM    p_W_1t_TPM    p_W_2t_TPM
137696_South_Shetlands      19.85      6.26    0.74131      0.062244      0.024305      0.002983      0.005966
SG28_South_Georgia       19.54      5.87    0.69662      0.530300      0.357510      0.618322      0.774320
A1074_Bouvetoya          19.90      5.59    0.70703      0.168939      0.081714      0.021449      0.042898
MIAGM13136_Marion_island      19.95      6.15    0.73542      0.434558      0.220656      0.075056      0.150111
CI5_Crozet               19.59      5.77    0.72738      0.001419      0.002362      0.000049      0.000098
KI816_Kergulen           19.54      5.36    0.68138      0.174102      0.196761      0.066282      0.132564
HI7_Heard                19.74      5.33    0.69726      0.138033      0.295767      0.273949      0.547898
MI2261_Macquarie         19.74      5.56    0.69722      0.039223      0.250315      0.024734      0.049468
Population              mean_N    mean_k    mean_He    p_sign_TPM    p_stdv_TPM    p_W_1t_TPM    p_W_2t_TPM
137706_South_Shetlands      19.74      6.23    0.72280      0.296271      0.268894      0.099554      0.199107
W9173_mum                19.85      6.31    0.73905      0.057940      0.058533      0.004474      0.008947
BI25_Bouvetoya           19.79      5.85    0.72228      0.211520      0.107542      0.067364      0.134728
MIAGM13131_Marion_island      19.95      5.92    0.73653      0.206481      0.009228      0.003581      0.007162
CI5_Crozet               19.54      5.79    0.72034      0.065016      0.006809      0.000093      0.000186
KI814_Kergulen           19.59      5.36    0.69170      0.228258      0.118875      0.059056      0.118111
HI7_Heard                19.79      5.08    0.68839      0.030020      0.042837      0.009475      0.018950
MI2251_Macquarie         19.85      5.18    0.68455      0.204150      0.100209      0.054021      0.108042
Population              mean_N    mean_k    mean_He    p_sign_TPM    p_stdv_TPM    p_W_1t_TPM    p_W_2t_TPM
137712_South_Shetlands      19.64      6.23    0.72706      0.413224      0.493379      0.178699      0.357397
SG25_South_Georgia       19.95      6.13    0.72862      0.312092      0.238166      0.099554      0.199107
BI22_Bouvetoya           19.85      6.05    0.72328      0.240667      0.085349      0.013680      0.027359
MIAGM13140_Marion_island      19.85      6.26    0.74043      0.115505      0.107927      0.081240      0.162480
CI39_Crozet              19.64      5.79    0.72678      0.000935      0.000325      0.000001      0.000001
KI805_Kergulen           19.28      5.26    0.69285      0.342040      0.187189      0.039602      0.079205
HI9_Heard                19.85      5.33    0.67907      0.178408      0.135919      0.027341      0.054682
MI2269_Macquarie         19.85      5.41    0.68502      0.362519      0.476109      0.323119      0.646237
Population              mean_N    mean_k    mean_He    p_sign_TPM    p_stdv_TPM    p_W_1t_TPM    p_W_2t_TPM
137717_South_Shetlands      19.90      6.21    0.73696      0.065526      0.174309      0.006305      0.012611
W6545                    19.64      6.13    0.73249      0.299756      0.264366      0.167989      0.335977
A1019_Bouvetoya          19.85      5.46    0.69746      0.056088      0.041455      0.003971      0.007943
MIAGM13144_Marion_island      19.69      6.03    0.72702      0.044469      0.011408      0.000550      0.001101
CI40_Crozet              19.74      5.97    0.71904      0.041473      0.072503      0.011227      0.022454
KI810_Kergulen           19.54      5.13    0.69163      0.163850      0.050821      0.054021      0.108042
HI36_Heard               19.74      5.33    0.69259      0.259503      0.064155      0.014221      0.028441
MI1642_Macquarie         19.90      5.49    0.68480      0.468799      0.385483      0.214714      0.429428
Population              mean_N    mean_k    mean_He    p_sign_TPM    p_stdv_TPM    p_W_1t_TPM    p_W_2t_TPM
137715_South_Shetlands      19.90      6.10    0.72288      0.455828      0.452883      0.186067      0.372133
W6545                    19.49      6.38    0.72828      0.435631      0.467802      0.415327      0.830654
A1058_Bouvetoya          19.95      5.56    0.70572      0.328980      0.077354      0.049277      0.098554
MIAGM13108_Marion_island      19.95      5.92    0.72206      0.275518      0.276946      0.077077      0.154154
CI39_Crozet              19.59      5.74    0.72493      0.001437      0.001053      0.000024      0.000047
KI816_Kergulen           19.64      5.28    0.68944      0.160186      0.094462      0.035220      0.070440
HI9_Heard                19.79      5.21    0.67067      0.306020      0.407889      0.164510      0.329021
MI2267_Macquarie         19.85      5.72    0.71400      0.126376      0.165386      0.043731      0.087463
Population              mean_N    mean_k    mean_He    p_sign_TPM    p_stdv_TPM    p_W_1t_TPM    p_W_2t_TPM
137721_South_Shetlands      19.85      6.13    0.73481      0.122008      0.189615      0.019980      0.039961
W9136_pup                19.74      6.13    0.73706      0.064810      0.027615      0.004281      0.008562
A1062_Bouvetoya          19.79      5.74    0.70605      0.026224      0.026127      0.009475      0.018950
MIAGM13130_Marion_island      19.74      6.54    0.74551      0.307541      0.166883      0.024573      0.049146
CI5_Crozet               19.59      5.74    0.71471      0.000026      0.007315      0.000008      0.000016
KI802_Kergulen           19.69      5.36    0.68899      0.390931      0.121783      0.041149      0.082299
HI4_Heard                19.90      5.44    0.69366      0.539114      0.089465      0.028419      0.056839
MI2270_Macquarie         19.95      5.33    0.69207      0.133231      0.103252      0.062607      0.125213
Population              mean_N    mean_k    mean_He    p_sign_TPM    p_stdv_TPM    p_W_1t_TPM    p_W_2t_TPM
137717_South_Shetlands      19.95      6.44    0.73211      0.469024      0.288458      0.171513      0.343026
W9177_pup                19.64      6.05    0.72238      0.019566      0.108296      0.008079      0.016159
BI8_Bouvetoya            19.90      6.00    0.72018      0.489448      0.276989      0.127569      0.255139
MIAGM13125_Marion_island      19.79      6.13    0.73022      0.209141      0.143203      0.023752      0.047505
CI40_Crozet              19.59      5.87    0.71736      0.006910      0.035896      0.000490      0.000979
KI813_Kergulen           19.64      5.33    0.69249      0.338439      0.163915      0.082835      0.165670
HI9_Heard                19.85      5.26    0.66337      0.293587      0.328055      0.135276      0.270551
MI2267_Macquarie         19.90      5.67    0.70530      0.290371      0.309226      0.278581      0.557162
Population              mean_N    mean_k    mean_He    p_sign_TPM    p_stdv_TPM    p_W_1t_TPM    p_W_2t_TPM
137720_South_Shetlands      19.69      6.49    0.73635      0.037660      0.380048      0.404596      0.809191
W6515/15                 19.85      6.28    0.74075      0.121919      0.084181      0.010658      0.021316
A1009_Bouvetoya          19.85      5.90    0.69986      0.336383      0.124719      0.039868      0.079736
MIAGM13132_Marion_island      19.74      6.08    0.72547      0.259711      0.435915      0.328294      0.656587
CI5_Crozet               19.59      5.64    0.72335      0.000664      0.000192      0.000000      0.000000
KI795_Kergulen           19.33      5.15    0.68586      0.316429      0.118266      0.073074      0.146148
HI9_Heard                19.85      5.59    0.68806      0.457614      0.390602      0.178699      0.357397
MI2254_Macquarie         19.90      5.49    0.69309      0.143213      0.113553      0.099609      0.199218
Population              mean_N    mean_k    mean_He    p_sign_TPM    p_stdv_TPM    p_W_1t_TPM    p_W_2t_TPM
137714_South_Shetlands      19.95      6.36    0.74888      0.226994      0.137847      0.056962      0.113925
ATP34                    19.85      6.05    0.70938      0.345456      0.138005      0.778562      0.451174
A1080_Bouvetoya          19.95      5.97    0.71813      0.194248      0.041919      0.006348      0.012697
MIAGM13139_Marion_island      19.95      6.26    0.72492      0.520618      0.455625      0.312869      0.625738
CI5_Crozet               19.33      5.72    0.71971      0.005832      0.002203      0.000016      0.000031
KI816_Kergulen           19.44      5.00    0.68658      0.171461      0.013913      0.010658      0.021316
HI9_Heard                19.85      5.31    0.67771      0.184214      0.143076      0.055226      0.110452
MI2256_Macquarie         20.00      5.69    0.71646      0.023560      0.128776      0.012162      0.024323
Population              mean_N    mean_k    mean_He    p_sign_TPM    p_stdv_TPM    p_W_1t_TPM    p_W_2t_TPM
137697_South_Shetlands      20.00      6.26    0.73711      0.397673      0.272383      0.077077      0.154154
W6528/28                 19.90      5.95    0.72332      0.071700      0.012218      0.002594      0.005187
A1076_Bouvetoya          20.00      5.92    0.71565      0.018770      0.013269      0.003265      0.006529
MIAGM13144_Marion_island      19.64      6.18    0.73398      0.398720      0.093101      0.030987      0.061974
CI5_Crozet               19.54      5.67    0.71204      0.096266      0.014535      0.001681      0.003361
KI813_Kergulen           19.69      4.92    0.66779      0.237344      0.145740      0.070192      0.140385
HI9_Heard                19.85      5.21    0.65566      0.397390      0.230968      0.502752      1.000000
MI2270_Macquarie         19.90      5.10    0.68395      0.028404      0.035282      0.002848      0.005696
Population              mean_N    mean_k    mean_He    p_sign_TPM    p_stdv_TPM    p_W_1t_TPM    p_W_2t_TPM
137686_South_Shetlands      19.90      6.41    0.73155      0.115934      0.190787      0.045069      0.090139
W9134_mum                19.85      5.79    0.70446      0.377823      0.161762      0.072192      0.144384
A1098_Bouvetoya          19.69      5.85    0.71603      0.238547      0.044791      0.023043      0.046087
MIAGM13136_Marion_island      19.90      6.08    0.72620      0.090604      0.176009      0.074235      0.148469
CI5_Crozet               19.44      5.72    0.70163      0.081440      0.186589      0.042210      0.084421
KI802_Kergulen           19.38      5.13    0.69487      0.095200      0.013740      0.007143      0.014285
HI9_Heard                19.64      4.90    0.66175      0.438683      0.330544      0.269355      0.538709
MI2267_Macquarie         20.00      5.26    0.67126      0.330434      0.373764      0.190280      0.380559
Population              mean_N    mean_k    mean_He    p_sign_TPM    p_stdv_TPM    p_W_1t_TPM    p_W_2t_TPM
137709_South_Shetlands      19.85      6.15    0.72268      0.387190      0.219092      0.059056      0.118111
W6530/30                 19.64      5.97    0.72647      0.197026      0.049998      0.014983      0.029967
BI7_Bouvetoya            19.95      6.05    0.71594      0.088621      0.331488      0.307127      0.614255
MIAGM13069_Marion_island      19.95      5.90    0.71177      0.272987      0.129574      0.073074      0.146148
CI5_Crozet               19.44      5.74    0.72209      0.014407      0.005532      0.000233      0.000466
KI813_Kergulen           19.44      5.15    0.67798      0.401969      0.229547      0.150049      0.300097
HI5_Heard                19.90      5.21    0.67917      0.274502      0.221556      0.151057      0.302114
MI2270_Macquarie         20.00      5.13    0.66505      0.108412      0.388601      0.297758      0.595515
Population              mean_N    mean_k    mean_He    p_sign_TPM    p_stdv_TPM    p_W_1t_TPM    p_W_2t_TPM
137710_South_Shetlands      19.85      6.33    0.72865      0.141456      0.116618      0.015356      0.030713
Y/B144/45                19.74      5.77    0.72006      0.402305      0.210796      0.083383      0.166766
A1080_Bouvetoya          19.79      5.74    0.71177      0.096629      0.121403      0.014779      0.029559
MIAGM13140_Marion_island      19.74      6.05    0.70878      0.220386      0.399729      0.129284      0.258568
CI5_Crozet               19.64      5.67    0.71703      0.009491      0.006144      0.000471      0.000943
KI812_Kergulen           19.74      5.23    0.68814      0.076491      0.059781      0.038347      0.076694
HI7_Heard                19.54      5.41    0.68995      0.540926      0.486420      0.144607      0.289213
MI2261_Macquarie         20.00      5.31    0.68246      0.499154      0.252110      0.182521      0.365043
Population              mean_N    mean_k    mean_He    p_sign_TPM    p_stdv_TPM    p_W_1t_TPM    p_W_2t_TPM
137720_South_Shetlands      19.85      6.23    0.74046      0.299435      0.326418      0.157692      0.315383
ATP01                    19.79      6.10    0.72327      0.087570      0.166495      0.059056      0.118111
BI18_Bouvetoya           19.95      5.92    0.72037      0.025324      0.042104      0.009107      0.018213
MIAGM13119_Marion_island      19.85      6.10    0.72634      0.447707      0.123411      0.067364      0.134728
CI5_Crozet               19.69      5.77    0.70597      0.249759      0.070630      0.006812      0.013624
KI813_Kergulen           19.49      5.26    0.69254      0.060360      0.056370      0.006853      0.013707
HI9_Heard                19.79      5.13    0.66502      0.172107      0.304901      0.178699      0.357397
MI2270_Macquarie         19.90      5.36    0.67694      0.357299      0.382375      0.133745      0.267489
Population              mean_N    mean_k    mean_He    p_sign_TPM    p_stdv_TPM    p_W_1t_TPM    p_W_2t_TPM
137719_South_Shetlands      20.00      6.15    0.71484      0.154177      0.297630      0.068234      0.136468
W6527/27                 19.59      5.82    0.71527      0.104581      0.102554      0.022955      0.045909
BI1_Bouvetoya            19.85      5.69    0.73115      0.005040      0.003602      0.000862      0.001725
MIAGM13132_Marion_island      19.85      6.13    0.71757      0.239481      0.274543      0.517148      0.977133
CI5_Crozet               19.49      5.67    0.70695      0.000271      0.015985      0.000440      0.000881
KI816_Kergulen           19.38      5.10    0.67311      0.176599      0.088251      0.060562      0.121123
HI9_Heard                19.64      5.18    0.67936      0.131385      0.409688      0.431538      0.863076
MI2267_Macquarie         19.79      5.18    0.66947      0.298588      0.340747      0.118191      0.236383
Population              mean_N    mean_k    mean_He    p_sign_TPM    p_stdv_TPM    p_W_1t_TPM    p_W_2t_TPM
137675_South_Shetlands      19.95      6.33    0.72273      0.545147      0.322036      0.357273      0.714546
ATP34                    19.79      6.28    0.73575      0.421624      0.210112      0.045069      0.090139
2250_Bouvetoya           20.00      5.67    0.70715      0.361219      0.094557      0.037124      0.074247
MIAGM13132_Marion_island      19.90      6.21    0.72294      0.305251      0.334383      0.595404      0.819906
CI5_Crozet               19.54      5.97    0.72954      0.015818      0.002087      0.000013      0.000026
KI796_Kergulen           19.59      5.31    0.68800      0.187508      0.419475      0.164510      0.329021
HI9_Heard                19.74      5.49    0.69746      0.341419      0.194361      0.129284      0.258568
MI2270_Macquarie         20.00      5.31    0.69703      0.002349      0.011204      0.000235      0.000470
Population              mean_N    mean_k    mean_He    p_sign_TPM    p_stdv_TPM    p_W_1t_TPM    p_W_2t_TPM
137701_South_Shetlands      19.79      6.03    0.73661      0.005165      0.010213      0.000528      0.001055
ATP46                    19.74      5.95    0.72479      0.178028      0.070918      0.023752      0.047505
A1090_Bouvetoya          19.79      5.69    0.70546      0.078607      0.030434      0.005978      0.011955
MIAGM13060_Marion_island      19.90      6.05    0.73007      0.283737      0.027709      0.006046      0.012092
CI5_Crozet               19.59      5.85    0.71735      0.060619      0.016835      0.002044      0.004087
KI807_Kergulen           19.33      5.03    0.66003      0.551364      0.326105      0.190280      0.380559
HI5_Heard                19.79      5.23    0.67478      0.132709      0.087843      0.037124      0.074247
MI2260_Macquarie         19.79      5.21    0.67892      0.363853      0.285438      0.186376      0.372752
Population              mean_N    mean_k    mean_He    p_sign_TPM    p_stdv_TPM    p_W_1t_TPM    p_W_2t_TPM
137692_South_Shetlands      20.00      6.38    0.72362      0.425076      0.460138      0.486244      0.972488
W9168_mum                19.85      5.97    0.72689      0.298779      0.095443      0.033049      0.066098
A1086_Bouvetoya          19.90      5.54    0.71596      0.000717      0.001109      0.000001      0.000003
MIAGM13141_Marion_island      19.95      5.85    0.70895      0.272087      0.248489      0.156918      0.313835
CI39_Crozet              19.64      5.74    0.71002      0.016127      0.032208      0.003459      0.006918
KI812_Kergulen           19.23      5.18    0.70643      0.016016      0.007340      0.000820      0.001640
HI9_Heard                19.74      5.36    0.66985      0.163375      0.275386      0.552137      0.906650
MI2269_Macquarie         19.90      5.59    0.70127      0.283344      0.299488      0.129284      0.258568
Population              mean_N    mean_k    mean_He    p_sign_TPM    p_stdv_TPM    p_W_1t_TPM    p_W_2t_TPM
137719_South_Shetlands      19.95      6.33    0.72686      0.116643      0.178186      0.079138      0.158277
W9162_pup                19.64      6.10    0.72797      0.193227      0.235589      0.090060      0.180119
A1009_Bouvetoya          19.85      5.77    0.72888      0.000037      0.001815      0.000013      0.000026
MIAGM13141_Marion_island      19.85      6.08    0.70530      0.454654      0.228771      0.573879      0.863076
CI5_Crozet               19.64      5.79    0.72401      0.004410      0.003659      0.001308      0.002615
KI807_Kergulen           19.28      4.77    0.67584      0.039870      0.002886      0.000461      0.000923
HI7_Heard                19.69      5.13    0.68401      0.039855      0.253345      0.070192      0.140385
MI2259_Macquarie         19.79      5.56    0.69961      0.361694      0.170299      0.094587      0.189174
Population              mean_N    mean_k    mean_He    p_sign_TPM    p_stdv_TPM    p_W_1t_TPM    p_W_2t_TPM
137693_South_Shetlands      19.69      6.00    0.72858      0.549248      0.212849      0.132257      0.264514
W6516/16_pup             19.85      5.85    0.71968      0.207801      0.070974      0.024734      0.049468
BI3_Bouvetoya            19.95      5.97    0.70831      0.335155      0.183276      0.133745      0.267489
MIAGM13121_Marion_island      20.00      5.95    0.71646      0.087369      0.039579      0.003981      0.007961
CI5_Crozet               19.49      5.69    0.71031      0.038374      0.003900      0.000519      0.001038
KI812_Kergulen           19.38      5.08    0.69311      0.060977      0.077482      0.020692      0.041384
HI7_Heard                19.85      5.28    0.68877      0.377855      0.282512      0.198233      0.396465
MI2255_Macquarie         19.95      5.18    0.70303      0.017607      0.008905      0.002857      0.005714
Population              mean_N    mean_k    mean_He    p_sign_TPM    p_stdv_TPM    p_W_1t_TPM    p_W_2t_TPM
137722_South_Shetlands      19.59      5.82    0.72113      0.104647      0.011778      0.000909      0.001819
SG26_South_Georgia       19.79      5.74    0.72294      0.068689      0.022505      0.002145      0.004289
BI24_Bouvetoya           19.74      6.08    0.72596      0.226975      0.369060      0.186067      0.372133
MIAGM13139_Marion_island      19.85      6.31    0.74358      0.320617      0.045565      0.014440      0.028879
CI5_Crozet               19.54      5.92    0.72459      0.002339      0.002075      0.000009      0.000019
KI806_Kergulen           19.49      5.31    0.70451      0.042127      0.006194      0.000435      0.000870
HI9_Heard                19.64      5.10    0.68206      0.237394      0.192371      0.028419      0.056839
MI2256_Macquarie         20.00      5.08    0.68772      0.132846      0.031807      0.011227      0.022454
Population              mean_N    mean_k    mean_He    p_sign_TPM    p_stdv_TPM    p_W_1t_TPM    p_W_2t_TPM
137684_South_Shetlands      19.79      6.18    0.73058      0.207062      0.079420      0.028090      0.056179
W9165_pup                19.90      6.23    0.72816      0.299980      0.295341      0.081240      0.162480
A1100_Bouvetoya          19.79      5.64    0.71113      0.022578      0.014214      0.009475      0.018950
MIAGM13115_Marion_island      19.59      6.23    0.72978      0.387973      0.193883      0.046374      0.092749
CI39_Crozet              19.69      5.77    0.71571      0.040567      0.008483      0.000733      0.001466
KI816_Kergulen           19.44      5.26    0.69930      0.101668      0.046412      0.027174      0.054348
HI9_Heard                19.79      5.28    0.70097      0.006919      0.044436      0.007112      0.014224
MI2265_Macquarie         19.95      5.13    0.65806      0.461092      0.291978      0.423172      0.846344
Population              mean_N    mean_k    mean_He    p_sign_TPM    p_stdv_TPM    p_W_1t_TPM    p_W_2t_TPM
137715_South_Shetlands      19.85      5.90    0.71851      0.090201      0.041219      0.009158      0.018315
SG3_South_Georgia        19.79      5.95    0.71475      0.062526      0.479306      0.112398      0.224797
BI3_Bouvetoya            19.69      5.64    0.70265      0.087801      0.193765      0.035932      0.071863
MIAGM13140_Marion_island      19.74      6.15    0.72972      0.550122      0.462809      0.326829      0.653658
CI40_Crozet              19.74      5.72    0.71519      0.053712      0.021147      0.000499      0.000997
KI810_Kergulen           19.49      5.21    0.69394      0.297316      0.093307      0.011514      0.023028
HI9_Heard                19.54      5.13    0.67680      0.476295      0.398734      0.221438      0.442876
MI2258_Macquarie         19.95      5.28    0.68639      0.420065      0.345152      0.058604      0.117209
Population              mean_N    mean_k    mean_He    p_sign_TPM    p_stdv_TPM    p_W_1t_TPM    p_W_2t_TPM
137697_South_Shetlands      19.85      6.18    0.72630      0.063541      0.061418      0.008750      0.017501
W6551                    19.95      5.69    0.70388      0.406134      0.127199      0.061997      0.123994
BI21_Bouvetoya           19.79      5.69    0.70807      0.017166      0.032395      0.006245      0.012491
MIAGM13130_Marion_island      20.00      6.21    0.72591      0.062916      0.221249      0.097116      0.194231
CI5_Crozet               19.38      5.72    0.71766      0.024980      0.007565      0.000354      0.000707
KI813_Kergulen           19.54      5.38    0.70287      0.201453      0.203517      0.178699      0.357397
HI7_Heard                19.69      5.08    0.67586      0.367500      0.237570      0.068234      0.136468
MI2265_Macquarie         19.95      5.15    0.67209      0.541494      0.423131      0.072192      0.144384
Population              mean_N    mean_k    mean_He    p_sign_TPM    p_stdv_TPM    p_W_1t_TPM    p_W_2t_TPM
137704_South_Shetlands      19.74      5.92    0.71662      0.396331      0.311415      0.154351      0.308703
W6537/37_FWB_pup         19.69      5.95    0.71481      0.288904      0.459594      0.307127      0.614255
A1074_Bouvetoya          19.90      5.82    0.70983      0.182957      0.098847      0.027341      0.054682
MIAGM13062_Marion_island      19.79      5.92    0.72055      0.390389      0.062011      0.022179      0.044358
CI5_Crozet               19.59      5.79    0.71444      0.014968      0.014607      0.001268      0.002536
KI816_Kergulen           19.49      5.10    0.67489      0.335131      0.305338      0.227569      0.455138
HI7_Heard                19.69      5.15    0.68338      0.407567      0.203994      0.071132      0.142264
MI1664_Macquarie         20.00      5.33    0.69366      0.278049      0.083921      0.041149      0.082299
Population              mean_N    mean_k    mean_He    p_sign_TPM    p_stdv_TPM    p_W_1t_TPM    p_W_2t_TPM
137669_South_Shetlands      19.90      6.18    0.72419      0.346395      0.192031      0.070192      0.140385
W6538                    19.74      6.13    0.71914      0.147954      0.245763      0.049324      0.098649
BI10_Bouvetoya           20.00      5.72    0.70432      0.009989      0.005361      0.000563      0.001126
MIAGM13141_Marion_island      19.74      5.97    0.71617      0.144979      0.033997      0.009943      0.019885
CI5_Crozet               19.49      5.85    0.71306      0.070817      0.038368      0.016567      0.033135
KI807_Kergulen           19.64      5.13    0.67484      0.548356      0.308516      0.205275      0.410550
HI7_Heard                19.64      5.33    0.70108      0.536997      0.295239      0.264798      0.529596
MI2269_Macquarie         19.90      5.33    0.68190      0.414518      0.359141      0.107128      0.214257
Population              mean_N    mean_k    mean_He    p_sign_TPM    p_stdv_TPM    p_W_1t_TPM    p_W_2t_TPM
137721_South_Shetlands      19.90      6.10    0.71932      0.045733      0.083090      0.017857      0.035713
W6536/36_FWB_pup         19.95      6.08    0.74475      0.015941      0.121446      0.004474      0.008947
BI23_Bouvetoya           19.85      5.79    0.70786      0.183621      0.136479      0.028338      0.056677
MIAGM13137_Marion_island      19.79      6.21    0.73711      0.121272      0.078143      0.011514      0.023028
CI39_Crozet              19.49      5.67    0.71606      0.008263      0.002467      0.000020      0.000039
KI814_Kergulen           19.79      5.59    0.70629      0.112835      0.192155      0.138340      0.276680
HI7_Heard                19.59      5.05    0.67139      0.565655      0.418157      0.372849      0.745698
MI2269_Macquarie         20.00      5.46    0.67004      0.237042      0.089080      0.739720      0.529596
Population              mean_N    mean_k    mean_He    p_sign_TPM    p_stdv_TPM    p_W_1t_TPM    p_W_2t_TPM
137709_South_Shetlands      19.95      6.33    0.72172      0.125638      0.376688      0.120638      0.241276
W6514/14_pup             19.79      6.03    0.72009      0.504560      0.301620      0.214714      0.429428
BI18_Bouvetoya           20.00      5.64    0.70877      0.251551      0.044358      0.016567      0.033135
MIAGM13140_Marion_island      19.85      6.18    0.72628      0.388955      0.089754      0.026525      0.053049
CI5_Crozet               19.59      5.85    0.71907      0.004865      0.027156      0.001181      0.002361
KI805_Kergulen           19.74      5.26    0.70160      0.267545      0.032418      0.010658      0.021316
HI36_Heard               19.69      5.38    0.69346      0.538076      0.220716      0.120638      0.241276
MI2250_Macquarie         20.00      5.18    0.68003      0.533117      0.208716      0.144607      0.289213
Population              mean_N    mean_k    mean_He    p_sign_TPM    p_stdv_TPM    p_W_1t_TPM    p_W_2t_TPM
137719_South_Shetlands      19.90      6.21    0.73169      0.555973      0.312627      0.242606      0.485211
W9161_pup                19.79      6.03    0.72275      0.409054      0.472017      0.109741      0.219482
A1094_Bouvetoya          19.74      5.95    0.72879      0.440229      0.051472      0.016718      0.033436
MIAGM13053_Marion_island      20.00      6.13    0.70121      0.290977      0.457254      0.312869      0.625738
CI40_Crozet              19.69      6.00    0.73455      0.000707      0.001892      0.000037      0.000073
KI812_Kergulen           18.97      5.18    0.70166      0.079057      0.030883      0.005233      0.010465
HI7_Heard                19.69      5.44    0.69492      0.316726      0.396842      0.255802      0.511604
MI1685_Macquarie         20.00      5.33    0.67220      0.474777      0.176929      0.405738      0.811476
Population              mean_N    mean_k    mean_He    p_sign_TPM    p_stdv_TPM    p_W_1t_TPM    p_W_2t_TPM
137716_South_Shetlands      19.59      6.59    0.73635      0.066568      0.065019      0.012907      0.025814
W9136_mum                19.95      6.08    0.73482      0.333561      0.151921      0.043731      0.087463
BI22_Bouvetoya           19.54      5.72    0.69985      0.318435      0.297684      0.579283      0.852241
MIAGM13122_Marion_island      19.90      5.97    0.70055      0.486091      0.438100      0.338740      0.677480
CI5_Crozet               19.59      5.85    0.71506      0.009792      0.031817      0.001759      0.003518
KI806_Kergulen           19.03      5.28    0.70574      0.045439      0.049166      0.021449      0.042898
HI9_Heard                19.69      4.87    0.66837      0.073266      0.077389      0.006812      0.013624
MI2248_Macquarie         19.85      5.33    0.68618      0.362848      0.378629      0.110216      0.220433
Population              mean_N    mean_k    mean_He    p_sign_TPM    p_stdv_TPM    p_W_1t_TPM    p_W_2t_TPM
137699_South_Shetlands      19.85      6.41    0.73963      0.211218      0.199465      0.079138      0.158277
W9137_pup                19.74      6.10    0.73281      0.091792      0.086706      0.005233      0.010465
A1035_Bouvetoya          19.49      5.77    0.71454      0.114678      0.077446      0.006643      0.013285
MIAGM13143_Marion_island      19.90      5.90    0.73156      0.001288      0.001615      0.000004      0.000008
CI40_Crozet              19.54      5.90    0.71580      0.055663      0.088860      0.019289      0.038578
KI805_Kergulen           19.54      5.10    0.69151      0.088712      0.027840      0.013680      0.027359
HI9_Heard                19.64      5.41    0.67972      0.485880      0.256429      0.231946      0.463892
MI2269_Macquarie         19.95      5.26    0.68712      0.408769      0.333652      0.178699      0.357397
Population              mean_N    mean_k    mean_He    p_sign_TPM    p_stdv_TPM    p_W_1t_TPM    p_W_2t_TPM
137723_South_Shetlands      19.90      6.23    0.71853      0.460788      0.409487      0.269355      0.538709
ATP42                    19.90      5.95    0.72300      0.043304      0.041651      0.003981      0.007961
A1031_Bouvetoya          19.85      5.74    0.70483      0.340071      0.134117      0.055661      0.111322
MIAGM13121_Marion_island      19.95      6.13    0.71922      0.054071      0.114051      0.016779      0.033559
CI5_Crozet               19.54      5.77    0.71254      0.037644      0.011953      0.001337      0.002675
KI816_Kergulen           19.44      4.97    0.67207      0.256285      0.116120      0.061997      0.123994
HI4_Heard                19.95      5.38    0.69069      0.332244      0.290511      0.255802      0.511604
MI2256_Macquarie         20.00      5.36    0.68677      0.299895      0.285337      0.120638      0.241276
Population              mean_N    mean_k    mean_He    p_sign_TPM    p_stdv_TPM    p_W_1t_TPM    p_W_2t_TPM
137719_South_Shetlands      19.79      6.36    0.73841      0.356901      0.418314      0.225587      0.451174
W6528/28                 19.79      6.13    0.73533      0.119343      0.169953      0.073074      0.146148
A1073_Bouvetoya          19.74      5.56    0.70820      0.105944      0.005612      0.001667      0.003334
MIAGM13135_Marion_island      19.95      6.23    0.71889      0.378041      0.463835      0.227569      0.455138
CI40_Crozet              19.74      5.92    0.72545      0.028473      0.034820      0.000775      0.001550
KI810_Kergulen           19.38      5.26    0.69391      0.047494      0.071296      0.024573      0.049146
HI9_Heard                19.74      5.21    0.68900      0.134606      0.077636      0.021449      0.042898
MI2264_Macquarie         19.85      5.46    0.70570      0.275579      0.229839      0.079138      0.158277
Population              mean_N    mean_k    mean_He    p_sign_TPM    p_stdv_TPM    p_W_1t_TPM    p_W_2t_TPM
137708_South_Shetlands      19.95      6.38    0.72245      0.542993      0.471391      0.182521      0.365043
W9174_pup                19.74      6.00    0.72483      0.151167      0.099277      0.017202      0.034404
BI12_Bouvetoya           20.00      5.77    0.70486      0.248481      0.438466      0.365377      0.730753
MIAGM13134_Marion_island      20.00      6.05    0.70189      0.257786      0.337361      0.254433      0.508867
CI5_Crozet               19.54      5.85    0.72056      0.004595      0.009663      0.001308      0.002615
KI812_Kergulen           19.64      5.28    0.70444      0.188558      0.064888      0.029030      0.058060
HI9_Heard                19.64      5.21    0.69221      0.465080      0.215886      0.087792      0.175584
MI2253_Macquarie         19.90      5.46    0.68964      0.264770      0.154012      0.072401      0.144803
Population              mean_N    mean_k    mean_He    p_sign_TPM    p_stdv_TPM    p_W_1t_TPM    p_W_2t_TPM
137716_South_Shetlands      19.79      6.44    0.72505      0.455773      0.266681      0.040890      0.081780
W6545                    19.59      6.13    0.72101      0.418502      0.387666      0.205275      0.410550
BI8_Bouvetoya            19.95      5.87    0.70150      0.338779      0.097114      0.060811      0.121623
MIAGM13136_Marion_island      19.74      5.95    0.71816      0.518877      0.178344      0.074235      0.148469
CI5_Crozet               19.64      5.87    0.71799      0.049963      0.040402      0.003917      0.007835
KI807_Kergulen           19.38      5.10    0.69632      0.142722      0.023414      0.003145      0.006291
HI9_Heard                19.90      5.44    0.69018      0.147789      0.375297      0.287955      0.575910
MI2259_Macquarie         19.85      5.49    0.68877      0.485429      0.438235      0.453325      0.906650
Population              mean_N    mean_k    mean_He    p_sign_TPM    p_stdv_TPM    p_W_1t_TPM    p_W_2t_TPM
137720_South_Shetlands      19.64      6.28    0.73003      0.379922      0.308926      0.174959      0.349918
W6519/19_pup             19.74      5.77    0.71196      0.299960      0.312300      0.117847      0.235693
BI8_Bouvetoya            19.95      5.92    0.70592      0.471470      0.337917      0.273949      0.547898
MIAGM13111_Marion_island      19.79      5.90    0.71184      0.316655      0.249898      0.141450      0.282901
CI40_Crozet              19.54      5.92    0.71190      0.006845      0.124250      0.007745      0.015490
KI810_Kergulen           19.64      5.05    0.66603      0.153179      0.219934      0.043564      0.087128
HI9_Heard                19.49      5.36    0.68942      0.312841      0.373828      0.229779      0.459558
MI1654_Macquarie         19.90      5.54    0.67299      0.420274      0.209848      0.069493      0.138985
Population              mean_N    mean_k    mean_He    p_sign_TPM    p_stdv_TPM    p_W_1t_TPM    p_W_2t_TPM
137721_South_Shetlands      19.90      6.33    0.73300      0.554656      0.264223      0.175083      0.350166
W9172_mum                19.79      6.21    0.73984      0.208026      0.093535      0.025416      0.050833
A1055_Bouvetoya          19.85      5.41    0.68110      0.037727      0.061108      0.004365      0.008731
MIAGM13141_Marion_island      19.95      6.10    0.71210      0.489716      0.107660      0.099609      0.199218
CI40_Crozet              19.54      5.74    0.71389      0.135962      0.020253      0.001022      0.002045
KI794_Kergulen           19.33      5.26    0.68487      0.335026      0.093265      0.047832      0.095663
HI7_Heard                19.59      5.15    0.67388      0.449438      0.337834      0.264798      0.529596
MI2261_Macquarie         19.90      5.54    0.70433      0.070402      0.039762      0.006523      0.013047
Population              mean_N    mean_k    mean_He    p_sign_TPM    p_stdv_TPM    p_W_1t_TPM    p_W_2t_TPM
137701_South_Shetlands      19.85      6.31    0.74424      0.133801      0.099985      0.034121      0.068242
W9170_pup                19.90      6.44    0.74854      0.553914      0.117676      0.045069      0.090139
A1100_Bouvetoya          19.85      5.87    0.71945      0.085177      0.047113      0.008079      0.016159
MIAGM13144_Marion_island      19.85      6.15    0.72492      0.147434      0.164920      0.046374      0.092749
CI5_Crozet               19.54      5.56    0.70827      0.000127      0.004775      0.000002      0.000005
KI7_Kergulen             19.69      5.18    0.68095      0.150278      0.181047      0.080619      0.161239
HI4_Heard                19.64      5.38    0.69976      0.278063      0.241473      0.107128      0.214257
MI2262_Macquarie         19.79      5.54    0.68794      0.290370      0.394766      0.075056      0.150111
Population              mean_N    mean_k    mean_He    p_sign_TPM    p_stdv_TPM    p_W_1t_TPM    p_W_2t_TPM
137707_South_Shetlands      19.74      6.15    0.72281      0.292384      0.124256      0.013913      0.027825
W9175_mum                19.69      6.05    0.73102      0.002835      0.019702      0.001735      0.003471
A1026_Bouvetoya          19.95      5.97    0.70645      0.032120      0.102884      0.030422      0.060843
MIAGM13134_Marion_island      20.00      5.54    0.71174      0.055089      0.011288      0.003123      0.006247
CI38_Crozet              19.64      6.00    0.73175      0.005147      0.003819      0.000049      0.000098
KI816_Kergulen           19.18      5.33    0.69506      0.262692      0.221855      0.079138      0.158277
HI9_Heard                19.69      5.38    0.67954      0.458019      0.218097      0.590047      0.830654
MI2246_Macquarie         19.79      5.49    0.69233      0.373697      0.334723      0.381678      0.763357
Population              mean_N    mean_k    mean_He    p_sign_TPM    p_stdv_TPM    p_W_1t_TPM    p_W_2t_TPM
137718_South_Shetlands      19.95      6.38    0.72478      0.094674      0.248705      0.066318      0.132635
W6558                    19.95      5.95    0.71162      0.028530      0.234461      0.079138      0.158277
A1089_Bouvetoya          19.95      6.23    0.73042      0.092104      0.101996      0.017202      0.034404
MIAGM13134_Marion_island      19.90      6.08    0.71859      0.516830      0.206705      0.080619      0.161239
CI40_Crozet              19.79      5.90    0.70784      0.146398      0.063787      0.016567      0.033135
KI814_Kergulen           19.54      5.41    0.70863      0.003502      0.004161      0.000082      0.000163
HI7_Heard                19.59      5.44    0.68725      0.304503      0.294633      0.464274      0.928548
MI2265_Macquarie         19.85      5.51    0.69739      0.248652      0.283376      0.080619      0.161239
Population              mean_N    mean_k    mean_He    p_sign_TPM    p_stdv_TPM    p_W_1t_TPM    p_W_2t_TPM
137708_South_Shetlands      19.79      6.26    0.72338      0.195171      0.311804      0.573879      0.863076
W9170_mum                19.85      5.87    0.72516      0.388465      0.032713      0.004169      0.008338
BI6_Bouvetoya            20.00      5.82    0.72335      0.213461      0.107511      0.016122      0.032244
MIAGM13141_Marion_island      19.69      5.95    0.71808      0.184060      0.138990      0.065537      0.131075
CI40_Crozet              19.79      5.90    0.72596      0.017368      0.008239      0.000100      0.000200
KI31_Kergulen            19.54      5.28    0.68058      0.246993      0.429574      0.236369      0.472737
HI5_Heard                19.74      5.36    0.68881      0.280316      0.354642      0.269355      0.538709
MI2270_Macquarie         19.85      5.41    0.69497      0.119485      0.214449      0.087792      0.175584
Population              mean_N    mean_k    mean_He    p_sign_TPM    p_stdv_TPM    p_W_1t_TPM    p_W_2t_TPM
137687_South_Shetlands      19.69      6.10    0.73123      0.173527      0.121983      0.065537      0.131075
W6536/36_FWB_pup         19.85      6.21    0.73800      0.276763      0.041330      0.006812      0.013624
BI24_Bouvetoya           19.49      6.05    0.71628      0.436573      0.454760      0.393934      0.787868
MIAGM13144_Marion_island      19.79      5.95    0.71812      0.196782      0.109509      0.018138      0.036277
CI40_Crozet              19.64      5.90    0.72474      0.001531      0.014901      0.001121      0.002242
KI813_Kergulen           19.85      5.10    0.68992      0.073252      0.037750      0.023043      0.046087
HI7_Heard                19.69      5.33    0.68411      0.307581      0.369765      0.126357      0.252714
MI2269_Macquarie         19.95      5.26    0.67429      0.085102      0.276779      0.121590      0.243181
Population              mean_N    mean_k    mean_He    p_sign_TPM    p_stdv_TPM    p_W_1t_TPM    p_W_2t_TPM
137702_South_Shetlands      19.59      6.28    0.74773      0.323163      0.092427      0.042425      0.084850
W9137_mum                19.44      5.92    0.72631      0.217979      0.100572      0.038689      0.077379
BI1_Bouvetoya            19.90      6.03    0.72840      0.275404      0.120261      0.058604      0.117209
MIAGM13060_Marion_island      19.95      5.95    0.72168      0.125023      0.055304      0.029030      0.058060
CI40_Crozet              19.79      5.87    0.71907      0.026769      0.016010      0.005322      0.010643
KI816_Kergulen           19.64      5.15    0.68774      0.135028      0.035779      0.019946      0.039893
HI9_Heard                19.69      5.05    0.67632      0.111653      0.059042      0.029030      0.058060
MI2259_Macquarie         19.95      5.41    0.70326      0.429030      0.141963      0.035220      0.070440
Population              mean_N    mean_k    mean_He    p_sign_TPM    p_stdv_TPM    p_W_1t_TPM    p_W_2t_TPM
137721_South_Shetlands      19.79      6.03    0.74170      0.075510      0.105378      0.038689      0.077379
W9171_mum                19.74      6.03    0.72300      0.309982      0.369312      0.135276      0.270551
BI16_Bouvetoya           19.79      5.67    0.71921      0.154709      0.020450      0.021449      0.042898
MIAGM13136_Marion_island      19.90      6.26    0.72599      0.471370      0.288306      0.201344      0.402688
CI39_Crozet              19.69      5.64    0.71039      0.035369      0.003719      0.000160      0.000320
KI813_Kergulen           19.59      5.15    0.68504      0.436492      0.185465      0.042210      0.084421
HI7_Heard                19.74      5.41    0.68911      0.251548      0.498162      0.398188      0.796376
MI1688_Macquarie         19.74      5.10    0.67854      0.082713      0.095607      0.044952      0.089904
Population              mean_N    mean_k    mean_He    p_sign_TPM    p_stdv_TPM    p_W_1t_TPM    p_W_2t_TPM
137695_South_Shetlands      19.64      6.23    0.72872      0.214067      0.102504      0.049277      0.098554
W9138_pup                19.79      6.08    0.73056      0.100107      0.089242      0.012159      0.024319
A1020_Bouvetoya          19.85      5.59    0.70016      0.087156      0.064094      0.023876      0.047753
MIAGM13116_Marion_island      19.85      6.00    0.73352      0.117232      0.043283      0.021425      0.042850
CI5_Crozet               19.49      5.82    0.70746      0.010412      0.046553      0.000903      0.001807
KI813_Kergulen           19.54      5.38    0.69323      0.301531      0.403097      0.126357      0.252714
HI4_Heard                19.85      5.08    0.68433      0.125041      0.025461      0.004570      0.009139
MI1685_Macquarie         19.90      5.41    0.68645      0.065834      0.159992      0.027459      0.054917
Population              mean_N    mean_k    mean_He    p_sign_TPM    p_stdv_TPM    p_W_1t_TPM    p_W_2t_TPM
137721_South_Shetlands      19.95      6.08    0.73438      0.217566      0.088884      0.024573      0.049146
W9173_mum                19.85      6.18    0.72024      0.434545      0.400678      0.316915      0.633830
A1059_Bouvetoya          19.95      5.59    0.71539      0.118519      0.016248      0.008074      0.016147
MIAGM13140_Marion_island      19.90      6.15    0.72868      0.085361      0.106677      0.004782      0.009564
CI38_Crozet              19.64      5.59    0.70834      0.023039      0.011588      0.000959      0.001917
KI816_Kergulen           19.69      5.08    0.66479      0.079325      0.380573      0.202281      0.404563
HI9_Heard                19.64      5.38    0.68713      0.475261      0.437267      0.399256      0.798511
MI2253_Macquarie         19.79      5.38    0.69048      0.111834      0.102101      0.050746      0.101491
Population              mean_N    mean_k    mean_He    p_sign_TPM    p_stdv_TPM    p_W_1t_TPM    p_W_2t_TPM
137684_South_Shetlands      19.95      6.18    0.71546      0.531440      0.428283      0.164510      0.329021
W9163_pup                19.74      6.03    0.71813      0.234060      0.254720      0.085095      0.170191
BI18_Bouvetoya           19.79      5.69    0.70138      0.305708      0.331060      0.234013      0.468025
MIAGM13135_Marion_island      20.00      6.00    0.73765      0.005172      0.010619      0.000206      0.000413
CI5_Crozet               19.44      5.87    0.72353      0.033614      0.013309      0.000160      0.000320
KI813_Kergulen           19.44      5.08    0.71395      0.004239      0.000209      0.000004      0.000008
HI7_Heard                19.69      5.21    0.69389      0.300444      0.256294      0.065537      0.131075
MI2251_Macquarie         19.74      5.46    0.68608      0.370828      0.310941      0.076709      0.153418
Population              mean_N    mean_k    mean_He    p_sign_TPM    p_stdv_TPM    p_W_1t_TPM    p_W_2t_TPM
137677_South_Shetlands      19.85      5.92    0.70501      0.554075      0.315744      0.092369      0.184738
W9138_mum                19.59      6.18    0.72749      0.446359      0.466974      0.209250      0.418500
A1012_Bouvetoya          19.85      5.54    0.70947      0.012194      0.002599      0.000006      0.000012
MIAGM13135_Marion_island      19.90      6.00    0.71624      0.142163      0.103999      0.023876      0.047753
CI5_Crozet               19.59      5.64    0.72335      0.000539      0.000200      0.000000      0.000001
KI816_Kergulen           19.44      5.18    0.69154      0.406112      0.104193      0.065537      0.131075
HI9_Heard                19.79      5.18    0.68647      0.366876      0.087138      0.024734      0.049468
MI2252_Macquarie         20.00      5.51    0.68920      0.329197      0.364470      0.292794      0.585588
Population              mean_N    mean_k    mean_He    p_sign_TPM    p_stdv_TPM    p_W_1t_TPM    p_W_2t_TPM
137687_South_Shetlands      19.79      6.00    0.72705      0.177320      0.065701      0.026283      0.052567
W9161_pup                20.00      6.33    0.73185      0.340009      0.426535      0.347014      0.694029
A1089_Bouvetoya          19.74      5.90    0.69820      0.310577      0.310398      0.085890      0.171780
MIAGM13135_Marion_island      19.79      5.92    0.71371      0.130373      0.222205      0.102035      0.204070
CI5_Crozet               19.59      5.79    0.72328      0.000016      0.005824      0.000024      0.000047
KI816_Kergulen           19.49      5.44    0.69297      0.223869      0.196321      0.057339      0.114678
HI4_Heard                19.74      5.38    0.69725      0.198109      0.164951      0.083383      0.166766
MI2256_Macquarie         19.74      5.74    0.71787      0.147745      0.118318      0.013680      0.027359
Population              mean_N    mean_k    mean_He    p_sign_TPM    p_stdv_TPM    p_W_1t_TPM    p_W_2t_TPM
137707_South_Shetlands      19.74      6.28    0.74528      0.472352      0.213230      0.049277      0.098554
W9170_mum                19.74      5.59    0.70890      0.016224      0.088228      0.006523      0.013047
A1095_Bouvetoya          19.69      5.49    0.71002      0.008739      0.011148      0.001827      0.003653
MIAGM13143_Marion_island      19.95      6.28    0.73306      0.091774      0.175816      0.030422      0.060845
CI40_Crozet              19.54      5.74    0.71510      0.003108      0.018256      0.000194      0.000388
KI812_Kergulen           18.92      5.03    0.70538      0.028006      0.002375      0.002983      0.005966
HI27_Heard               19.64      5.21    0.68884      0.077446      0.060192      0.012649      0.025299
MI2251_Macquarie         19.90      5.05    0.69240      0.025046      0.005975      0.001947      0.003894
Population              mean_N    mean_k    mean_He    p_sign_TPM    p_stdv_TPM    p_W_1t_TPM    p_W_2t_TPM
137720_South_Shetlands      19.74      6.44    0.73136      0.352967      0.300249      0.175083      0.350166
Y/B132/33                19.90      5.95    0.71115      0.388701      0.159063      0.087792      0.175584
BI6_Bouvetoya            19.95      5.90    0.69630      0.254380      0.408406      0.539958      0.931471
MIAGM13135_Marion_island      19.74      6.00    0.71556      0.531567      0.499813      0.245348      0.490696
CI5_Crozet               19.54      5.72    0.71576      0.003708      0.008749      0.001599      0.003198
KI806_Kergulen           19.44      5.13    0.70116      0.055589      0.035720      0.012907      0.025814
HI5_Heard                19.74      5.10    0.66531      0.175934      0.257513      0.201344      0.402688
MI2267_Macquarie         19.95      5.44    0.70694      0.094438      0.061298      0.010784      0.021568
Population              mean_N    mean_k    mean_He    p_sign_TPM    p_stdv_TPM    p_W_1t_TPM    p_W_2t_TPM
137711_South_Shetlands      19.90      6.49    0.72505      0.348494      0.481212      0.242606      0.485211
ATP32                    19.64      5.85    0.70804      0.245241      0.078873      0.018532      0.037064
A1095_Bouvetoya          19.85      5.51    0.71265      0.129946      0.002428      0.000190      0.000379
MIAGM13141_Marion_island      19.90      6.15    0.72537      0.344844      0.182030      0.109741      0.219482
CI38_Crozet              19.64      5.82    0.71881      0.341701      0.006550      0.000550      0.001101
KI814_Kergulen           19.38      5.23    0.69031      0.246912      0.081927      0.031466      0.062932
HI7_Heard                19.49      5.26    0.68711      0.462206      0.462499      0.229779      0.459558
MI2265_Macquarie         19.90      5.44    0.68970      0.328007      0.376516      0.102190      0.204380
