Population              mean_N    mean_k    mean_He    p_sign_TPM    p_stdv_TPM    p_W_1t_TPM    p_W_2t_TPM
137715_South_Shetlands      19.85      6.08    0.72890      0.067656      0.074292      0.013402      0.026804
W6512/12                 19.74      6.23    0.71753      0.201673      0.340295      0.065537      0.131075
A1094_Bouvetoya          19.95      5.79    0.69271      0.507086      0.367994      0.302759      0.605517
MIAGM13128_Marion_island      19.95      5.95    0.72425      0.010611      0.029561      0.004674      0.009348
CI5_Crozet               19.54      5.95    0.72267      0.033859      0.012722      0.004782      0.009564
KI796_Kergulen           19.49      4.97    0.66946      0.531661      0.270393      0.156918      0.313835
HI9_Heard                19.79      5.05    0.67072      0.330494      0.109723      0.032538      0.065076
MI2248_Macquarie         19.79      5.77    0.70169      0.095790      0.282308      0.121590      0.243181
Population              mean_N    mean_k    mean_He    p_sign_TPM    p_stdv_TPM    p_W_1t_TPM    p_W_2t_TPM
137674_South_Shetlands      19.95      6.15    0.71140      0.490903      0.451857      0.273324      0.546649
W9178_pup                19.85      6.18    0.74576      0.035306      0.089521      0.006853      0.013707
BI6_Bouvetoya            19.79      5.64    0.71770      0.397849      0.029197      0.016567      0.033135
MIAGM13143_Marion_island      19.95      5.77    0.72455      0.044470      0.001112      0.000583      0.001166
CI40_Crozet              19.69      5.95    0.73457      0.011064      0.008385      0.000354      0.000707
KI812_Kergulen           19.49      5.00    0.68006      0.017687      0.072158      0.010784      0.021568
HI7_Heard                19.59      5.18    0.69204      0.228805      0.072889      0.015356      0.030713
MI2270_Macquarie         19.90      5.56    0.70524      0.079006      0.101177      0.012159      0.024319
Population              mean_N    mean_k    mean_He    p_sign_TPM    p_stdv_TPM    p_W_1t_TPM    p_W_2t_TPM
137703_South_Shetlands      19.85      6.31    0.74238      0.059285      0.028216      0.003746      0.007492
W6513/13_pup             19.90      6.21    0.73346      0.062904      0.116025      0.060283      0.120565
BI2_Bouvetoya            19.85      5.67    0.69722      0.032178      0.071711      0.018135      0.036269
MIAGM13140_Marion_island      19.79      6.05    0.73416      0.326061      0.043982      0.007442      0.014884
CI38_Crozet              19.79      5.92    0.72494      0.006546      0.001225      0.000007      0.000015
KI813_Kergulen           19.59      5.26    0.69395      0.061711      0.057825      0.013913      0.027825
HI9_Heard                19.69      5.41    0.69493      0.505502      0.144473      0.089750      0.179501
MI2269_Macquarie         19.95      5.23    0.67747      0.474472      0.373179      0.297472      0.594945
Population              mean_N    mean_k    mean_He    p_sign_TPM    p_stdv_TPM    p_W_1t_TPM    p_W_2t_TPM
137704_South_Shetlands      19.85      5.85    0.71693      0.442496      0.402468      0.112398      0.224797
W6538                    19.90      6.33    0.74669      0.117690      0.114398      0.006853      0.013707
A1100_Bouvetoya          19.59      5.85    0.72050      0.307363      0.163818      0.087792      0.175584
MIAGM13130_Marion_island      20.00      6.05    0.72213      0.529045      0.287378      0.071132      0.142264
CI40_Crozet              19.64      5.85    0.71245      0.015766      0.057937      0.000968      0.001936
KI812_Kergulen           19.28      5.31    0.70810      0.018518      0.003144      0.000251      0.000501
HI7_Heard                19.59      5.08    0.67913      0.530997      0.430067      0.221438      0.442876
MI2252_Macquarie         19.79      5.59    0.69821      0.477130      0.168755      0.074235      0.148469
Population              mean_N    mean_k    mean_He    p_sign_TPM    p_stdv_TPM    p_W_1t_TPM    p_W_2t_TPM
137723_South_Shetlands      19.90      5.92    0.71730      0.114685      0.072397      0.008406      0.016812
W9175_pup                19.90      6.21    0.72571      0.085476      0.140067      0.044952      0.089904
A1092_Bouvetoya          19.79      5.74    0.71047      0.218674      0.077289      0.021449      0.042898
MIAGM13144_Marion_island      19.74      5.92    0.72530      0.523203      0.061439      0.022955      0.045909
CI5_Crozet               19.49      5.77    0.71050      0.001805      0.058005      0.006853      0.013707
KI816_Kergulen           19.38      5.21    0.69068      0.417252      0.177481      0.112398      0.224797
HI7_Heard                19.69      5.23    0.68473      0.154101      0.082238      0.023043      0.046087
MI2261_Macquarie         19.95      5.56    0.68605      0.289201      0.473145      0.074532      0.149064
Population              mean_N    mean_k    mean_He    p_sign_TPM    p_stdv_TPM    p_W_1t_TPM    p_W_2t_TPM
137685_South_Shetlands      19.95      6.33    0.71444      0.451496      0.404825      0.202281      0.404563
W6519/19                 19.95      6.15    0.72926      0.032464      0.164591      0.012428      0.024856
BI14_Bouvetoya           19.95      5.82    0.70920      0.049854      0.036151      0.006348      0.012697
MIAGM13139_Marion_island      19.90      5.95    0.73110      0.066193      0.072356      0.006046      0.012092
CI31_Crozet              19.54      5.67    0.71936      0.002606      0.000349      0.000003      0.000006
KI814_Kergulen           19.28      5.64    0.69608      0.385630      0.497428      0.273324      0.546649
HI5_Heard                19.59      5.26    0.67327      0.491723      0.441493      0.126357      0.252714
MI2262_Macquarie         19.95      5.36    0.68063      0.190512      0.396095      0.245348      0.490696
Population              mean_N    mean_k    mean_He    p_sign_TPM    p_stdv_TPM    p_W_1t_TPM    p_W_2t_TPM
137721_South_Shetlands      19.74      6.31    0.72738      0.464772      0.313105      0.519255      0.972488
W6526/26_pup             19.79      6.05    0.71205      0.329542      0.386532      0.132257      0.264514
A1072_Bouvetoya          19.79      5.74    0.72337      0.012895      0.004293      0.000903      0.001807
MIAGM13137_Marion_island      20.00      5.95    0.74049      0.210133      0.010388      0.001854      0.003708
CI39_Crozet              19.74      5.77    0.72440      0.000158      0.000511      0.000000      0.000001
KI816_Kergulen           19.74      5.31    0.69520      0.194839      0.255205      0.154351      0.308703
HI5_Heard                19.85      5.23    0.68931      0.426097      0.131681      0.067364      0.134728
MI2264_Macquarie         19.90      5.54    0.68559      0.395624      0.441611      0.217332      0.434664
Population              mean_N    mean_k    mean_He    p_sign_TPM    p_stdv_TPM    p_W_1t_TPM    p_W_2t_TPM
137719_South_Shetlands      19.85      6.33    0.72389      0.245542      0.451430      0.178715      0.357431
W9164_mum                19.74      6.31    0.71866      0.351109      0.418757      0.234013      0.468025
A1055_Bouvetoya          19.79      5.56    0.69418      0.403033      0.208516      0.109741      0.219482
MIAGM13106_Marion_island      19.85      6.05    0.73523      0.017232      0.008300      0.002592      0.005184
CI5_Crozet               19.49      5.64    0.71025      0.035590      0.007158      0.000342      0.000683
KI7_Kergulen             19.54      5.18    0.68261      0.480855      0.293360      0.238288      0.476577
HI7_Heard                19.69      5.26    0.68949      0.483089      0.226359      0.198233      0.396465
MI2267_Macquarie         19.90      5.28    0.68771      0.483757      0.377323      0.236369      0.472737
Population              mean_N    mean_k    mean_He    p_sign_TPM    p_stdv_TPM    p_W_1t_TPM    p_W_2t_TPM
137720_South_Shetlands      19.95      5.97    0.70569      0.240448      0.295114      0.202281      0.404563
W9167_mum                19.44      6.28    0.73444      0.024931      0.058898      0.004782      0.009564
BI8_Bouvetoya            19.79      6.10    0.72399      0.411938      0.252512      0.094721      0.189442
MIAGM13144_Marion_island      19.59      6.00    0.72122      0.546272      0.104245      0.055356      0.110712
CI5_Crozet               19.59      5.72    0.71654      0.077564      0.006360      0.000182      0.000364
KI805_Kergulen           19.44      5.38    0.70178      0.122885      0.209253      0.189818      0.379637
HI5_Heard                19.90      5.21    0.67852      0.114978      0.214097      0.099554      0.199107
MI2246_Macquarie         19.79      5.41    0.68907      0.375748      0.403613      0.110216      0.220433
Population              mean_N    mean_k    mean_He    p_sign_TPM    p_stdv_TPM    p_W_1t_TPM    p_W_2t_TPM
137694_South_Shetlands      19.85      6.21    0.71356      0.112911      0.481243      0.404596      0.809191
W6756                    19.85      6.15    0.73559      0.442807      0.196224      0.094721      0.189442
A1093_Bouvetoya          19.90      5.62    0.69485      0.274039      0.273249      0.104560      0.209119
MIAGM13141_Marion_island      19.95      5.79    0.70832      0.112498      0.018653      0.005793      0.011587
CI5_Crozet               19.54      5.79    0.72058      0.056051      0.014846      0.001308      0.002615
KI807_Kergulen           19.44      4.97    0.69047      0.125213      0.011770      0.003626      0.007252
HI5_Heard                19.69      5.26    0.69051      0.291392      0.227757      0.047842      0.095683
MI2264_Macquarie         20.00      5.49    0.68610      0.513783      0.289327      0.508255      0.994497
Population              mean_N    mean_k    mean_He    p_sign_TPM    p_stdv_TPM    p_W_1t_TPM    p_W_2t_TPM
137715_South_Shetlands      19.64      5.97    0.72116      0.549445      0.406851      0.307127      0.614255
W9174_mum                19.74      5.82    0.70349      0.111367      0.194776      0.078933      0.157866
A1082_Bouvetoya          19.90      6.08    0.71767      0.363174      0.212759      0.074235      0.148469
MIAGM13136_Marion_island      19.90      6.23    0.73745      0.126743      0.031605      0.004096      0.008191
CI5_Crozet               19.59      5.79    0.71307      0.034039      0.032776      0.001486      0.002971
KI816_Kergulen           19.64      5.18    0.68736      0.107773      0.051463      0.067364      0.134728
HI9_Heard                19.74      4.95    0.66255      0.214559      0.237756      0.160427      0.320853
MI1669_Macquarie         20.00      5.51    0.68354      0.356208      0.442152      0.387160      0.774320
Population              mean_N    mean_k    mean_He    p_sign_TPM    p_stdv_TPM    p_W_1t_TPM    p_W_2t_TPM
137693_South_Shetlands      19.90      6.46    0.72410      0.211512      0.437313      0.404596      0.809191
W9164_pup                19.79      6.18    0.71876      0.521137      0.499572      0.398188      0.796376
BI19_Bouvetoya           19.85      5.69    0.70958      0.354352      0.226571      0.121590      0.243181
MIAGM13133_Marion_island      19.85      6.00    0.71782      0.299626      0.403489      0.161078      0.322156
CI5_Crozet               19.49      5.74    0.71428      0.091809      0.005954      0.000759      0.001517
KI807_Kergulen           19.33      5.26    0.68348      0.407600      0.465185      0.255802      0.511604
HI4_Heard                19.69      5.33    0.69026      0.303291      0.219019      0.147809      0.295618
MI2262_Macquarie         19.95      5.44    0.68724      0.541579      0.475811      0.371443      0.742885
Population              mean_N    mean_k    mean_He    p_sign_TPM    p_stdv_TPM    p_W_1t_TPM    p_W_2t_TPM
137714_South_Shetlands      19.90      5.77    0.72268      0.002246      0.012630      0.000867      0.001734
W9133_mum                19.79      6.15    0.72629      0.274840      0.068497      0.011079      0.022158
BI21_Bouvetoya           20.00      5.92    0.73414      0.099401      0.033485      0.002857      0.005714
MIAGM13125_Marion_island      19.85      6.00    0.72922      0.050371      0.013337      0.001337      0.002675
CI5_Crozet               19.59      5.79    0.71812      0.061326      0.017734      0.002250      0.004500
KI816_Kergulen           19.49      5.31    0.66574      0.178893      0.374050      0.530241      0.950500
HI7_Heard                19.64      5.03    0.67299      0.172855      0.104244      0.022179      0.044358
MI2262_Macquarie         19.95      5.77    0.72132      0.057659      0.035977      0.006046      0.012092
Population              mean_N    mean_k    mean_He    p_sign_TPM    p_stdv_TPM    p_W_1t_TPM    p_W_2t_TPM
137716_South_Shetlands      19.85      6.03    0.70419      0.430562      0.295926      0.236369      0.472737
W6558                    19.90      5.79    0.70758      0.079035      0.042103      0.004782      0.009564
BI14_Bouvetoya           19.79      5.69    0.70883      0.003708      0.055155      0.000852      0.001705
MIAGM13109_Marion_island      19.79      5.82    0.73023      0.250419      0.029844      0.006812      0.013624
CI40_Crozet              19.54      5.97    0.73075      0.007456      0.007821      0.000076      0.000151
KI796_Kergulen           19.69      5.08    0.67632      0.181609      0.343417      0.117847      0.235693
HI9_Heard                19.74      5.38    0.67777      0.531539      0.160963      0.093284      0.186569
MI2267_Macquarie         19.90      5.59    0.69344      0.498184      0.414535      0.307796      0.615592
Population              mean_N    mean_k    mean_He    p_sign_TPM    p_stdv_TPM    p_W_1t_TPM    p_W_2t_TPM
137614_South_Shetlands      19.90      6.21    0.72589      0.461334      0.314166      0.164510      0.329021
SG18_South_Georgia       19.64      5.92    0.71606      0.232527      0.129504      0.049324      0.098649
A1076_Bouvetoya          19.90      5.95    0.70903      0.248984      0.298912      0.206378      0.412756
MIAGM13139_Marion_island      19.90      5.95    0.72300      0.128478      0.341130      0.331832      0.663664
CI5_Crozet               19.54      5.79    0.70811      0.006482      0.025561      0.000519      0.001038
KI816_Kergulen           19.38      5.10    0.67621      0.341427      0.387040      0.465736      0.931471
HI5_Heard                19.85      5.33    0.67479      0.079603      0.290316      0.094587      0.189174
MI2258_Macquarie         19.95      5.38    0.69456      0.389216      0.336188      0.153458      0.306917
Population              mean_N    mean_k    mean_He    p_sign_TPM    p_stdv_TPM    p_W_1t_TPM    p_W_2t_TPM
137687_South_Shetlands      19.95      6.00    0.73150      0.201040      0.083463      0.029030      0.058060
W6511/11_pup             19.69      6.05    0.71217      0.326062      0.437952      0.336864      0.673729
A1084_Bouvetoya          19.90      5.64    0.70494      0.396821      0.037114      0.005793      0.011587
MIAGM13126_Marion_island      19.95      6.21    0.72882      0.521345      0.318572      0.112398      0.224797
CI5_Crozet               19.59      5.87    0.72919      0.000108      0.001349      0.000010      0.000021
KI814_Kergulen           19.59      5.28    0.68720      0.095230      0.144977      0.083383      0.166766
HI28_Heard               19.69      5.44    0.69275      0.547710      0.275031      0.094721      0.189442
MI2265_Macquarie         19.90      5.36    0.67934      0.386580      0.405877      0.307796      0.615592
Population              mean_N    mean_k    mean_He    p_sign_TPM    p_stdv_TPM    p_W_1t_TPM    p_W_2t_TPM
137720_South_Shetlands      19.90      6.33    0.74693      0.306150      0.349725      0.032005      0.064009
W6537                    19.90      6.23    0.71609      0.388289      0.440044      0.359994      0.719987
BI12_Bouvetoya           19.85      5.79    0.70455      0.461323      0.114531      0.033639      0.067279
MIAGM13134_Marion_island      19.95      6.31    0.72421      0.445017      0.345645      0.264798      0.529596
CI5_Crozet               19.54      5.67    0.71144      0.006246      0.003352      0.000039      0.000079
KI812_Kergulen           19.49      5.38    0.69487      0.419615      0.303024      0.107128      0.214257
HI9_Heard                19.85      5.54    0.69429      0.474201      0.441958      0.321856      0.643713
MI2260_Macquarie         19.90      5.10    0.65478      0.490112      0.396936      0.448681      0.897361
Population              mean_N    mean_k    mean_He    p_sign_TPM    p_stdv_TPM    p_W_1t_TPM    p_W_2t_TPM
137712_South_Shetlands      19.49      6.15    0.73056      0.548885      0.397252      0.157692      0.315383
W9170_mum                19.79      6.15    0.72481      0.079317      0.121256      0.052419      0.104837
A1024_Bouvetoya          19.90      5.92    0.71589      0.042634      0.034557      0.002126      0.004252
MIAGM13108_Marion_island      19.95      6.15    0.71358      0.258757      0.125695      0.048683      0.097367
CI5_Crozet               19.54      5.62    0.70808      0.017292      0.009816      0.000207      0.000414
KI813_Kergulen           19.44      5.56    0.70668      0.061078      0.110636      0.009475      0.018950
HI9_Heard                19.64      5.26    0.68007      0.144054      0.350123      0.336864      0.673729
MI1607_Macquarie         19.85      5.15    0.67391      0.138370      0.179066      0.068234      0.136468
Population              mean_N    mean_k    mean_He    p_sign_TPM    p_stdv_TPM    p_W_1t_TPM    p_W_2t_TPM
137711_South_Shetlands      19.85      6.15    0.72327      0.430608      0.420349      0.246964      0.493928
W9169_mum                19.90      6.13    0.72237      0.548813      0.171822      0.486244      0.972488
BI14_Bouvetoya           20.00      6.15    0.70931      0.308281      0.202489      0.058741      0.117482
MIAGM13143_Marion_island      19.95      5.97    0.72032      0.416109      0.065202      0.023752      0.047505
CI40_Crozet              19.69      5.67    0.71380      0.097198      0.021463      0.003917      0.007835
KI805_Kergulen           19.54      5.28    0.70150      0.261289      0.086677      0.023752      0.047505
HI36_Heard               19.64      5.31    0.68517      0.168892      0.282869      0.157692      0.315383
MI2269_Macquarie         20.00      5.21    0.68502      0.226986      0.201367      0.124555      0.249111
Population              mean_N    mean_k    mean_He    p_sign_TPM    p_stdv_TPM    p_W_1t_TPM    p_W_2t_TPM
137710_South_Shetlands      19.85      6.36    0.74581      0.536902      0.317571      0.120638      0.241276
W9134_pup                19.79      6.10    0.71188      0.542204      0.282350      0.497248      0.994497
BI24_Bouvetoya           19.85      5.87    0.71950      0.160283      0.039008      0.005233      0.010465
MIAGM13136_Marion_island      19.90      6.05    0.72652      0.056180      0.158366      0.052248      0.104496
CI40_Crozet              19.74      5.92    0.71969      0.184807      0.077737      0.011514      0.023028
KI816_Kergulen           19.33      5.08    0.68001      0.125247      0.184180      0.050853      0.101706
HI5_Heard                19.69      5.13    0.68464      0.077478      0.061201      0.006523      0.013047
MI2252_Macquarie         19.79      5.15    0.67425      0.492240      0.207724      0.127569      0.255139
Population              mean_N    mean_k    mean_He    p_sign_TPM    p_stdv_TPM    p_W_1t_TPM    p_W_2t_TPM
137720_South_Shetlands      19.69      6.33    0.73427      0.067845      0.101255      0.011964      0.023927
W6552                    19.85      6.23    0.73944      0.341684      0.272357      0.135276      0.270551
A1064_Bouvetoya          19.90      5.54    0.69542      0.540639      0.092467      0.050259      0.100519
MIAGM13117_Marion_island      20.00      6.33    0.72901      0.393489      0.482357      0.264798      0.529596
CI40_Crozet              19.74      5.87    0.71941      0.286651      0.081192      0.013402      0.026804
KI814_Kergulen           19.49      5.33    0.69443      0.105574      0.156331      0.049277      0.098554
HI5_Heard                19.64      5.18    0.67630      0.195545      0.306414      0.077077      0.154154
MI2267_Macquarie         19.85      5.33    0.70100      0.251313      0.114099      0.080619      0.161239
Population              mean_N    mean_k    mean_He    p_sign_TPM    p_stdv_TPM    p_W_1t_TPM    p_W_2t_TPM
137715_South_Shetlands      19.90      6.15    0.72068      0.207411      0.457401      0.415327      0.830654
SG20_South_Georgia       19.79      6.15    0.72936      0.098687      0.138370      0.030422      0.060845
BI8_Bouvetoya            19.95      5.90    0.71632      0.159234      0.057851      0.023043      0.046087
MIAGM13135_Marion_island      19.95      6.15    0.71565      0.289414      0.138655      0.075056      0.150111
CI40_Crozet              19.59      5.77    0.71628      0.004363      0.024848      0.002594      0.005187
KI816_Kergulen           19.33      4.87    0.65911      0.337338      0.156508      0.087400      0.174800
HI7_Heard                19.74      5.10    0.68176      0.393120      0.231010      0.097116      0.194231
MI2270_Macquarie         19.95      5.44    0.68993      0.138703      0.148114      0.049324      0.098649
Population              mean_N    mean_k    mean_He    p_sign_TPM    p_stdv_TPM    p_W_1t_TPM    p_W_2t_TPM
137646_South_Shetlands      20.00      6.23    0.71619      0.472624      0.417331      0.287955      0.575910
W9166_pup                19.69      5.85    0.70944      0.027188      0.043740      0.003971      0.007943
A1087_Bouvetoya          19.74      5.90    0.71899      0.347085      0.442227      0.092146      0.184292
MIAGM13144_Marion_island      19.44      6.28    0.73381      0.436011      0.236806      0.175083      0.350166
CI5_Crozet               19.64      5.85    0.71799      0.056197      0.018523      0.003746      0.007492
KI806_Kergulen           19.38      5.03    0.69849      0.104868      0.021122      0.004882      0.009763
HI7_Heard                19.74      5.28    0.68748      0.206216      0.319627      0.112398      0.224797
MI2264_Macquarie         19.95      5.38    0.69662      0.389610      0.067553      0.048683      0.097367
Population              mean_N    mean_k    mean_He    p_sign_TPM    p_stdv_TPM    p_W_1t_TPM    p_W_2t_TPM
137722_South_Shetlands      19.95      6.15    0.72761      0.450384      0.302270      0.087400      0.174800
SG13_South_Georgia       19.90      5.92    0.72020      0.240057      0.125725      0.009543      0.019087
A1066_Bouvetoya          19.95      6.03    0.72023      0.090882      0.205031      0.016567      0.033135
MIAGM13142_Marion_island      19.95      5.97    0.70813      0.372322      0.353581      0.231946      0.463892
CI40_Crozet              19.74      5.79    0.70683      0.077928      0.103655      0.011227      0.022454
KI806_Kergulen           19.44      5.10    0.67894      0.556911      0.330712      0.197457      0.394915
HI9_Heard                19.64      5.26    0.69137      0.418943      0.114866      0.056962      0.113925
MI2248_Macquarie         19.95      5.33    0.67028      0.535421      0.483531      0.328294      0.656587
Population              mean_N    mean_k    mean_He    p_sign_TPM    p_stdv_TPM    p_W_1t_TPM    p_W_2t_TPM
137716_South_Shetlands      19.90      5.92    0.71348      0.366091      0.180663      0.104818      0.209636
AGP11147                 19.95      5.92    0.72797      0.014089      0.079865      0.005098      0.010195
A1044_Bouvetoya          19.85      5.49    0.69892      0.420908      0.034406      0.003971      0.007943
MIAGM13139_Marion_island      19.95      6.05    0.71460      0.180402      0.149971      0.076709      0.153418
CI40_Crozet              19.79      6.05    0.72315      0.128580      0.054061      0.014779      0.029559
KI816_Kergulen           19.64      5.36    0.68412      0.268838      0.201425      0.094721      0.189442
HI5_Heard                19.74      5.26    0.68070      0.390529      0.256134      0.206378      0.412756
MI2269_Macquarie         20.00      5.33    0.68596      0.106067      0.072449      0.018851      0.037703
Population              mean_N    mean_k    mean_He    p_sign_TPM    p_stdv_TPM    p_W_1t_TPM    p_W_2t_TPM
137702_South_Shetlands      19.79      6.54    0.74130      0.343577      0.367834      0.336864      0.673729
W6535                    19.85      6.03    0.72166      0.297129      0.485851      0.175083      0.350166
BI18_Bouvetoya           20.00      5.54    0.69622      0.050707      0.008665      0.000921      0.001843
MIAGM13135_Marion_island      19.69      5.82    0.70854      0.335424      0.135267      0.076320      0.152639
CI40_Crozet              19.69      5.87    0.71991      0.014870      0.004871      0.000363      0.000726
KI812_Kergulen           19.38      4.92    0.68693      0.116638      0.033093      0.010250      0.020501
HI9_Heard                19.74      5.26    0.68195      0.521162      0.348243      0.240836      0.481672
MI2259_Macquarie         19.85      5.33    0.68525      0.480709      0.338426      0.182521      0.365043
Population              mean_N    mean_k    mean_He    p_sign_TPM    p_stdv_TPM    p_W_1t_TPM    p_W_2t_TPM
137723_South_Shetlands      20.00      6.13    0.72240      0.028035      0.129807      0.007442      0.014884
W9173_pup                19.79      5.92    0.72130      0.185944      0.156210      0.026283      0.052567
2135_Bouvetoya           19.74      5.77    0.69797      0.172807      0.421585      0.494283      0.988565
MIAGM13135_Marion_island      19.85      6.08    0.71772      0.339689      0.352925      0.245348      0.490696
CI38_Crozet              19.69      5.67    0.71930      0.022558      0.003737      0.001010      0.002021
KI814_Kergulen           19.28      5.36    0.69715      0.232974      0.081143      0.031466      0.062932
HI7_Heard                19.69      5.23    0.68400      0.075238      0.344497      0.057339      0.114678
MI2262_Macquarie         19.90      5.46    0.67016      0.046229      0.068392      0.798656      0.410550
Population              mean_N    mean_k    mean_He    p_sign_TPM    p_stdv_TPM    p_W_1t_TPM    p_W_2t_TPM
137699_South_Shetlands      19.59      6.23    0.74740      0.117759      0.022819      0.001766      0.003531
W9173_pup                19.79      6.13    0.72572      0.448811      0.486949      0.147809      0.295618
A1085_Bouvetoya          19.85      5.56    0.70726      0.016903      0.005262      0.000251      0.000501
MIAGM13137_Marion_island      20.00      6.15    0.73725      0.086824      0.017931      0.000114      0.000229
CI38_Crozet              19.49      5.46    0.70764      0.026551      0.006024      0.000909      0.001819
KI814_Kergulen           19.33      5.18    0.69383      0.111934      0.061664      0.029995      0.059991
HI7_Heard                19.59      5.46    0.69075      0.456494      0.283696      0.436968      0.873937
MI2256_Macquarie         19.90      5.36    0.68031      0.498688      0.130927      0.085630      0.171259
Population              mean_N    mean_k    mean_He    p_sign_TPM    p_stdv_TPM    p_W_1t_TPM    p_W_2t_TPM
137693_South_Shetlands      19.74      6.28    0.73665      0.444538      0.263646      0.112398      0.224797
W2031/32                 19.54      6.00    0.72514      0.152593      0.137765      0.037124      0.074247
A1029_Bouvetoya          20.00      5.74    0.71444      0.064835      0.047555      0.008406      0.016812
MIAGM13144_Marion_island      19.59      6.05    0.73313      0.010812      0.006213      0.000314      0.000629
CI40_Crozet              19.64      5.90    0.73364      0.004208      0.002080      0.000096      0.000192
KI802_Kergulen           19.38      5.15    0.69720      0.051975      0.076755      0.026283      0.052567
HI7_Heard                19.69      5.46    0.70420      0.084297      0.062514      0.024734      0.049468
MI2260_Macquarie         19.90      5.36    0.67874      0.354482      0.330391      0.193615      0.387231
Population              mean_N    mean_k    mean_He    p_sign_TPM    p_stdv_TPM    p_W_1t_TPM    p_W_2t_TPM
137677_South_Shetlands      19.85      5.97    0.71289      0.442132      0.429725      0.221438      0.442876
W9163_pup                19.90      6.05    0.72563      0.328950      0.386178      0.273949      0.547898
A1055_Bouvetoya          19.79      5.59    0.70021      0.419717      0.122990      0.046374      0.092749
MIAGM13120_Marion_island      20.00      5.95    0.71849      0.040692      0.091218      0.028419      0.056839
CI5_Crozet               19.64      5.69    0.70597      0.006474      0.029878      0.000618      0.001236
KI810_Kergulen           19.64      5.21    0.68637      0.459348      0.320622      0.229779      0.459558
HI5_Heard                19.64      5.38    0.68336      0.238743      0.481561      0.242606      0.485211
MI2267_Macquarie         19.95      5.46    0.67640      0.135059      0.361818      0.442410      0.884820
Population              mean_N    mean_k    mean_He    p_sign_TPM    p_stdv_TPM    p_W_1t_TPM    p_W_2t_TPM
137722_South_Shetlands      19.90      6.23    0.74250      0.112143      0.174015      0.013913      0.027825
Y/B144/45                19.74      5.77    0.71354      0.468349      0.436166      0.175083      0.350166
A1069_Bouvetoya          19.85      5.92    0.71470      0.017789      0.099802      0.010784      0.021568
MIAGM13142_Marion_island      19.79      6.31    0.72756      0.447946      0.233390      0.409953      0.819906
CI5_Crozet               19.44      5.77    0.70998      0.013480      0.013917      0.001735      0.003471
KI810_Kergulen           19.69      5.21    0.69034      0.220640      0.086656      0.055661      0.111322
HI5_Heard                19.74      5.31    0.67741      0.499388      0.489111      0.354637      0.709275
MI1663_Macquarie         19.85      5.31    0.67285      0.281768      0.393537      0.155039      0.310077
Population              mean_N    mean_k    mean_He    p_sign_TPM    p_stdv_TPM    p_W_1t_TPM    p_W_2t_TPM
137707_South_Shetlands      19.85      6.23    0.74222      0.076652      0.167233      0.029995      0.059991
W9166_mum                19.69      5.97    0.71894      0.078038      0.044163      0.007112      0.014224
BI18_Bouvetoya           19.44      5.69    0.72808      0.020538      0.040767      0.007143      0.014285
MIAGM13117_Marion_island      20.00      5.95    0.70931      0.066690      0.233454      0.063749      0.127497
CI5_Crozet               19.49      5.79    0.72113      0.001717      0.001157      0.000004      0.000007
KI793_Kergulen           19.59      5.00    0.68088      0.295382      0.134829      0.071132      0.142264
HI4_Heard                19.74      5.44    0.69901      0.183258      0.231190      0.107128      0.214257
MI2270_Macquarie         19.95      5.51    0.68686      0.480429      0.425706      0.124555      0.249111
Population              mean_N    mean_k    mean_He    p_sign_TPM    p_stdv_TPM    p_W_1t_TPM    p_W_2t_TPM
137715_South_Shetlands      19.69      6.23    0.72317      0.421029      0.469870      0.225587      0.451174
W6526/26_pup             19.79      6.10    0.72793      0.363160      0.136458      0.044952      0.089904
BI16_Bouvetoya           20.00      5.56    0.70891      0.240191      0.039933      0.011227      0.022454
MIAGM13120_Marion_island      20.00      6.13    0.71795      0.015386      0.261722      0.071132      0.142264
CI5_Crozet               19.74      5.85    0.72278      0.015032      0.017998      0.002044      0.004087
KI814_Kergulen           19.95      5.28    0.69244      0.125085      0.037888      0.008074      0.016147
HI9_Heard                19.64      5.33    0.68632      0.408443      0.392980      0.189818      0.379637
MI2264_Macquarie         19.90      5.49    0.70449      0.397129      0.096366      0.055356      0.110712
Population              mean_N    mean_k    mean_He    p_sign_TPM    p_stdv_TPM    p_W_1t_TPM    p_W_2t_TPM
137707_South_Shetlands      19.59      6.18    0.72029      0.286353      0.316153      0.508255      0.994497
W9163_pup                19.90      5.95    0.73085      0.032377      0.039286      0.004674      0.009348
A1011_Bouvetoya          19.85      5.90    0.71691      0.095437      0.017647      0.004808      0.009616
MIAGM13143_Marion_island      19.90      6.03    0.73410      0.122500      0.023188      0.000818      0.001635
CI34_Crozet              19.69      5.79    0.71430      0.010653      0.012309      0.000082      0.000163
KI814_Kergulen           19.49      5.31    0.69078      0.207739      0.029364      0.005720      0.011439
HI9_Heard                19.64      5.18    0.68474      0.203949      0.253958      0.135276      0.270551
MI2252_Macquarie         19.85      5.41    0.69681      0.329202      0.136671      0.044952      0.089904
Population              mean_N    mean_k    mean_He    p_sign_TPM    p_stdv_TPM    p_W_1t_TPM    p_W_2t_TPM
137650_South_Shetlands      20.00      6.15    0.71336      0.428562      0.286607      0.229779      0.459558
W9133_pup                19.85      6.21    0.73018      0.454588      0.368125      0.189818      0.379637
A1080_Bouvetoya          19.95      5.72    0.71185      0.170390      0.038116      0.005978      0.011955
MIAGM13134_Marion_island      20.00      6.18    0.72632      0.090151      0.099376      0.018532      0.037064
CI5_Crozet               19.69      5.85    0.70989      0.035283      0.137028      0.015952      0.031905
KI810_Kergulen           19.44      5.36    0.69811      0.268847      0.243882      0.083383      0.166766
HI9_Heard                19.69      5.28    0.67890      0.385965      0.423693      0.387160      0.774320
MI2260_Macquarie         19.85      5.28    0.68647      0.017869      0.180366      0.028419      0.056839
Population              mean_N    mean_k    mean_He    p_sign_TPM    p_stdv_TPM    p_W_1t_TPM    p_W_2t_TPM
137721_South_Shetlands      19.95      5.90    0.71935      0.210327      0.157635      0.034121      0.068242
W9173_mum                19.74      6.18    0.72877      0.444882      0.268745      0.175083      0.350166
A1058_Bouvetoya          19.95      5.72    0.70379      0.059727      0.015501      0.002537      0.005074
MIAGM13139_Marion_island      19.95      6.23    0.72766      0.522906      0.395625      0.347014      0.694029
CI40_Crozet              19.74      5.90    0.72577      0.008716      0.010172      0.000445      0.000891
KI812_Kergulen           19.38      5.23    0.69942      0.119578      0.124556      0.052248      0.104496
HI7_Heard                19.64      5.05    0.68832      0.041944      0.046360      0.007745      0.015490
MI2265_Macquarie         20.00      5.05    0.67517      0.466909      0.043295      0.030422      0.060845
Population              mean_N    mean_k    mean_He    p_sign_TPM    p_stdv_TPM    p_W_1t_TPM    p_W_2t_TPM
137684_South_Shetlands      19.95      6.49    0.72624      0.455401      0.367011      0.178715      0.357431
W5690/91                 19.90      5.92    0.72740      0.050572      0.019999      0.000775      0.001551
A1086_Bouvetoya          19.74      5.67    0.71868      0.195700      0.020309      0.008074      0.016147
MIAGM13126_Marion_island      20.00      6.05    0.72524      0.020661      0.034530      0.008426      0.016852
CI5_Crozet               19.38      5.77    0.70891      0.038559      0.096440      0.002857      0.005714
KI816_Kergulen           19.59      5.21    0.67510      0.527509      0.492967      0.234013      0.468025
HI5_Heard                19.85      5.38    0.68598      0.466184      0.420471      0.344010      0.688020
MI2249_Macquarie         20.00      5.90    0.71943      0.186205      0.142511      0.029995      0.059991
Population              mean_N    mean_k    mean_He    p_sign_TPM    p_stdv_TPM    p_W_1t_TPM    p_W_2t_TPM
137707_South_Shetlands      19.69      6.23    0.73395      0.458457      0.214987      0.123475      0.246950
W6532/32_pup             19.79      6.10    0.72464      0.508430      0.200562      0.094721      0.189442
A1094_Bouvetoya          19.85      5.69    0.71836      0.021379      0.015455      0.002349      0.004697
MIAGM13132_Marion_island      19.90      6.15    0.71950      0.436059      0.455076      0.184822      0.369645
CI5_Crozet               19.59      5.79    0.70685      0.020361      0.017738      0.000440      0.000881
KI813_Kergulen           19.38      5.21    0.68323      0.402713      0.325236      0.140118      0.280235
HI9_Heard                19.85      5.18    0.69833      0.083916      0.011501      0.004169      0.008338
MI2264_Macquarie         20.00      5.49    0.69177      0.180910      0.136512      0.083383      0.166766
Population              mean_N    mean_k    mean_He    p_sign_TPM    p_stdv_TPM    p_W_1t_TPM    p_W_2t_TPM
137706_South_Shetlands      19.90      6.41    0.72705      0.406255      0.482736      0.161078      0.322156
W9175_mum                19.79      6.00    0.72132      0.413696      0.121191      0.035220      0.070440
A1084_Bouvetoya          19.69      5.56    0.70058      0.027013      0.036268      0.010356      0.020712
MIAGM13117_Marion_island      20.00      5.95    0.71201      0.368714      0.097637      0.021449      0.042898
CI5_Crozet               19.69      5.90    0.71452      0.034634      0.024709      0.012159      0.024319
KI814_Kergulen           19.44      5.31    0.68652      0.248242      0.138883      0.070192      0.140385
HI3_Heard                19.64      5.28    0.69417      0.563888      0.158102      0.132257      0.264514
MI2262_Macquarie         20.00      5.54    0.69204      0.348776      0.480896      0.326829      0.653658
Population              mean_N    mean_k    mean_He    p_sign_TPM    p_stdv_TPM    p_W_1t_TPM    p_W_2t_TPM
137718_South_Shetlands      20.00      6.08    0.73860      0.440122      0.084514      0.036348      0.072695
Y/B134/35                19.54      5.87    0.73025      0.039019      0.043793      0.001447      0.002894
A1033_Bouvetoya          19.64      5.46    0.69461      0.339729      0.106481      0.021449      0.042898
MIAGM13037_Marion_island      20.00      6.08    0.73131      0.057881      0.053113      0.009475      0.018950
CI5_Crozet               19.54      5.72    0.70951      0.043114      0.027950      0.001337      0.002675
KI813_Kergulen           19.64      5.33    0.68825      0.204875      0.215680      0.127569      0.255139
HI9_Heard                19.64      5.59    0.69116      0.471727      0.383251      0.393934      0.787868
MI2250_Macquarie         19.95      5.31    0.68944      0.047403      0.199903      0.007745      0.015490
Population              mean_N    mean_k    mean_He    p_sign_TPM    p_stdv_TPM    p_W_1t_TPM    p_W_2t_TPM
137723_South_Shetlands      20.00      6.21    0.73333      0.053998      0.084186      0.006305      0.012611
W9136_mum                19.79      6.21    0.72300      0.558549      0.369773      0.264798      0.529596
A1093_Bouvetoya          19.79      5.79    0.71365      0.146207      0.055128      0.016567      0.033135
MIAGM13139_Marion_island      19.85      6.23    0.73192      0.436214      0.229519      0.123475      0.246950
CI38_Crozet              19.59      5.82    0.72535      0.000144      0.000842      0.000000      0.000001
KI812_Kergulen           19.64      5.28    0.69228      0.107782      0.086886      0.073074      0.146148
HI4_Heard                19.64      5.36    0.69424      0.243688      0.260114      0.146689      0.293377
MI2264_Macquarie         19.79      5.59    0.69421      0.336530      0.476152      0.331832      0.663664
Population              mean_N    mean_k    mean_He    p_sign_TPM    p_stdv_TPM    p_W_1t_TPM    p_W_2t_TPM
137712_South_Shetlands      19.59      6.10    0.72096      0.137694      0.263860      0.081240      0.162480
ATP32                    19.85      5.74    0.71352      0.302836      0.118058      0.047842      0.095683
A1100_Bouvetoya          19.90      5.97    0.72278      0.513649      0.147434      0.150049      0.300097
MIAGM13116_Marion_island      19.95      6.13    0.72622      0.101581      0.050001      0.004782      0.009564
CI5_Crozet               19.59      5.77    0.71401      0.005411      0.009254      0.000435      0.000870
KI813_Kergulen           19.59      5.33    0.68818      0.463108      0.331341      0.112398      0.224797
HI9_Heard                19.59      5.41    0.68544      0.368194      0.344478      0.171513      0.343026
MI2270_Macquarie         19.95      5.28    0.68243      0.230508      0.200152      0.089750      0.179501
Population              mean_N    mean_k    mean_He    p_sign_TPM    p_stdv_TPM    p_W_1t_TPM    p_W_2t_TPM
137692_South_Shetlands      19.90      6.23    0.73020      0.307519      0.249674      0.107128      0.214257
W6536                    19.69      6.21    0.71839      0.128873      0.297918      0.058604      0.117209
A1091_Bouvetoya          20.00      5.87    0.71498      0.115137      0.030737      0.003603      0.007206
MIAGM13127_Marion_island      19.49      6.10    0.73218      0.328064      0.263676      0.189818      0.379637
CI39_Crozet              19.64      5.95    0.73244      0.001051      0.003270      0.000161      0.000322
KI816_Kergulen           19.49      5.18    0.68564      0.105037      0.045095      0.013201      0.026403
HI7_Heard                19.69      5.03    0.67525      0.342645      0.207436      0.092369      0.184738
MI2270_Macquarie         20.00      5.51    0.70243      0.350424      0.057005      0.047832      0.095663
Population              mean_N    mean_k    mean_He    p_sign_TPM    p_stdv_TPM    p_W_1t_TPM    p_W_2t_TPM
137722_South_Shetlands      19.85      6.46    0.75648      0.427187      0.140469      0.030987      0.061974
W2031/32                 19.59      5.90    0.71483      0.273701      0.173778      0.070317      0.140633
BI19_Bouvetoya           19.85      5.67    0.70316      0.198814      0.271663      0.079138      0.158277
MIAGM13112_Marion_island      19.90      6.08    0.72377      0.086552      0.107548      0.031466      0.062932
CI5_Crozet               19.74      5.64    0.71511      0.015901      0.000670      0.000131      0.000262
KI810_Kergulen           19.38      4.90    0.66198      0.520727      0.203741      0.115807      0.231613
HI7_Heard                19.69      5.18    0.67972      0.341755      0.268885      0.150049      0.300097
MI2252_Macquarie         19.85      5.49    0.69456      0.534633      0.287380      0.140118      0.280235
Population              mean_N    mean_k    mean_He    p_sign_TPM    p_stdv_TPM    p_W_1t_TPM    p_W_2t_TPM
137681_South_Shetlands      19.69      6.10    0.73552      0.195758      0.143912      0.043731      0.087463
W9170_mum                19.79      6.10    0.72304      0.463614      0.199832      0.080619      0.161239
A1099_Bouvetoya          19.54      5.85    0.72731      0.019973      0.066880      0.014221      0.028441
MIAGM13142_Marion_island      19.90      6.05    0.71689      0.340127      0.118185      0.059056      0.118111
CI40_Crozet              19.85      5.85    0.71818      0.267498      0.020483      0.007752      0.015505
KI816_Kergulen           19.64      4.82    0.65906      0.040415      0.046936      0.019946      0.039893
HI9_Heard                19.74      5.18    0.67572      0.138199      0.125547      0.076320      0.152639
MI1669_Macquarie         19.90      5.21    0.67719      0.486261      0.143753      0.082835      0.165670
Population              mean_N    mean_k    mean_He    p_sign_TPM    p_stdv_TPM    p_W_1t_TPM    p_W_2t_TPM
137699_South_Shetlands      19.85      6.44    0.73426      0.294964      0.473384      0.229779      0.459558
W6519/19                 20.00      6.31    0.72821      0.115304      0.142621      0.019289      0.038578
A1065_Bouvetoya          19.74      5.72    0.70194      0.044099      0.051578      0.002177      0.004355
MIAGM13138_Marion_island      20.00      5.95    0.72065      0.397232      0.211543      0.078448      0.156895
CI5_Crozet               19.69      5.82    0.71679      0.123482      0.019984      0.002468      0.004935
KI813_Kergulen           19.69      5.10    0.68696      0.100867      0.035767      0.013402      0.026804
HI9_Heard                19.85      5.00    0.65858      0.336133      0.464246      0.178715      0.357431
MI2269_Macquarie         19.95      5.36    0.68145      0.294307      0.477634      0.283250      0.566500
Population              mean_N    mean_k    mean_He    p_sign_TPM    p_stdv_TPM    p_W_1t_TPM    p_W_2t_TPM
137722_South_Shetlands      20.00      6.13    0.72024      0.469406      0.383162      0.205275      0.410550
W9162_mum                19.85      6.03    0.72324      0.186596      0.080243      0.019980      0.039961
A1057_Bouvetoya          19.85      5.82    0.70460      0.266064      0.465113      0.292794      0.585588
MIAGM13140_Marion_island      19.79      5.95    0.72550      0.016982      0.010206      0.001486      0.002971
CI5_Crozet               19.69      5.87    0.71574      0.025853      0.064995      0.005322      0.010643
KI814_Kergulen           19.18      5.54    0.70495      0.086480      0.021787      0.006065      0.012131
HI9_Heard                19.74      5.26    0.68329      0.151873      0.198730      0.118674      0.237349
MI2267_Macquarie         19.95      5.82    0.70254      0.395797      0.426292      0.093284      0.186569
Population              mean_N    mean_k    mean_He    p_sign_TPM    p_stdv_TPM    p_W_1t_TPM    p_W_2t_TPM
137712_South_Shetlands      19.59      5.90    0.72428      0.424700      0.103605      0.035220      0.070440
W9136_mum                19.79      6.18    0.73223      0.352264      0.112549      0.039602      0.079205
BI18_Bouvetoya           19.74      5.85    0.72157      0.067327      0.027193      0.005532      0.011064
MIAGM13118_Marion_island      19.90      6.46    0.74319      0.329717      0.252957      0.123475      0.246950
CI39_Crozet              19.74      5.77    0.71391      0.098952      0.023700      0.005554      0.011108
KI805_Kergulen           19.28      5.31    0.70864      0.010737      0.007478      0.002474      0.004949
HI9_Heard                19.79      5.26    0.68233      0.314062      0.290968      0.085567      0.171134
MI2269_Macquarie         19.69      5.46    0.71175      0.028559      0.011895      0.001766      0.003531
Population              mean_N    mean_k    mean_He    p_sign_TPM    p_stdv_TPM    p_W_1t_TPM    p_W_2t_TPM
137722_South_Shetlands      19.49      6.08    0.71376      0.134225      0.436266      0.097075      0.194150
W9136_mum                19.90      6.08    0.71576      0.203096      0.105103      0.038689      0.077379
A1064_Bouvetoya          19.79      5.49    0.69918      0.073188      0.030694      0.002857      0.005714
MIAGM13065_Marion_island      20.00      6.36    0.74157      0.228795      0.132083      0.033049      0.066098
CI5_Crozet               19.74      5.77    0.72724      0.000314      0.001352      0.000161      0.000322
KI813_Kergulen           19.54      5.18    0.67924      0.176639      0.388129      0.075056      0.150111
HI9_Heard                19.90      5.23    0.68135      0.212234      0.153852      0.062607      0.125213
MI2270_Macquarie         20.00      5.44    0.70108      0.113930      0.112356      0.135276      0.270551
Population              mean_N    mean_k    mean_He    p_sign_TPM    p_stdv_TPM    p_W_1t_TPM    p_W_2t_TPM
137645_South_Shetlands      19.90      6.28    0.73003      0.529471      0.211702      0.115807      0.231613
W9138_pup                19.74      5.82    0.71938      0.142485      0.092081      0.009543      0.019087
BI5_Bouvetoya            19.90      5.59    0.70072      0.306199      0.055574      0.045647      0.091294
MIAGM13118_Marion_island      19.79      6.28    0.73110      0.107350      0.033509      0.001447      0.002894
CI5_Crozet               19.33      5.69    0.70673      0.035294      0.026681      0.006643      0.013285
KI812_Kergulen           19.64      5.10    0.67703      0.084337      0.099507      0.039602      0.079205
HI7_Heard                19.64      5.10    0.67578      0.433989      0.443647      0.255802      0.511604
MI2254_Macquarie         19.95      5.33    0.67822      0.325176      0.480474      0.420717      0.841433
