Population              mean_N    mean_k    mean_He    p_sign_TPM    p_stdv_TPM    p_W_1t_TPM    p_W_2t_TPM
137647_South_Shetlands      20.00      6.05    0.73185      0.053985      0.063909      0.006853      0.013707
ATP06                    20.00      6.10    0.72645      0.119501      0.375453      0.109741      0.219482
A1052_Bouvetoya          19.95      5.51    0.69447      0.167203      0.024758      0.005281      0.010562
MIAGM13114_Marion_island      19.95      6.08    0.71948      0.020671      0.057809      0.006523      0.013047
MI2265_Macquarie         19.79      5.26    0.68330      0.113900      0.338124      0.115100      0.230200
Population              mean_N    mean_k    mean_He    p_sign_TPM    p_stdv_TPM    p_W_1t_TPM    p_W_2t_TPM
137676_South_Shetlands      19.85      6.26    0.72914      0.063321      0.280621      0.092369      0.184738
ATP43                    20.00      5.82    0.70607      0.483824      0.363058      0.107493      0.214987
BI25_Bouvetoya           19.90      5.49    0.69666      0.086515      0.030552      0.007745      0.015490
CI31_Crozet              19.90      5.79    0.71086      0.364217      0.179806      0.019229      0.038457
MI2267_Macquarie         19.85      5.46    0.69512      0.151801      0.406652      0.087400      0.174800
Population              mean_N    mean_k    mean_He    p_sign_TPM    p_stdv_TPM    p_W_1t_TPM    p_W_2t_TPM
137714_South_Shetlands      19.90      6.26    0.72951      0.281609      0.317764      0.146689      0.293377
W6520/20                 19.95      5.85    0.72962      0.216326      0.244064      0.013913      0.027825
A1099_Bouvetoya          19.85      5.56    0.71818      0.004482      0.002920      0.000088      0.000175
MIAGM13134_Marion_island      19.79      5.95    0.71105      0.387794      0.366953      0.156918      0.313835
MI1645_Macquarie         19.74      5.44    0.69713      0.390183      0.219621      0.161078      0.322156
Population              mean_N    mean_k    mean_He    p_sign_TPM    p_stdv_TPM    p_W_1t_TPM    p_W_2t_TPM
137689_South_Shetlands      19.79      6.33    0.73536      0.549921      0.319529      0.201344      0.402688
W6545                    19.59      6.13    0.72880      0.526710      0.156826      0.067364      0.134728
A1077_Bouvetoya          19.90      5.62    0.71943      0.093181      0.018636      0.003145      0.006291
MIAGM13142_Marion_island      20.00      6.18    0.73009      0.077715      0.145939      0.030987      0.061974
MI2256_Macquarie         19.38      5.21    0.68615      0.400179      0.151381      0.120638      0.241276
Population              mean_N    mean_k    mean_He    p_sign_TPM    p_stdv_TPM    p_W_1t_TPM    p_W_2t_TPM
137720_South_Shetlands      19.69      6.41    0.73683      0.325107      0.179919      0.053785      0.107569
AGP11084                 19.95      6.00    0.71503      0.410615      0.123595      0.034121      0.068242
BI18_Bouvetoya           19.90      5.77    0.71156      0.158273      0.114487      0.018532      0.037064
CI27_Crozet              19.74      5.87    0.71986      0.041899      0.036638      0.001268      0.002536
MI2264_Macquarie         19.90      5.59    0.68890      0.489322      0.226738      0.333501      0.667002
Population              mean_N    mean_k    mean_He    p_sign_TPM    p_stdv_TPM    p_W_1t_TPM    p_W_2t_TPM
137703_South_Shetlands      19.69      6.49    0.73168      0.527026      0.243340      0.519255      0.972488
W6532/32_pup             20.00      5.85    0.72200      0.004038      0.004103      0.000623      0.001246
A1086_Bouvetoya          19.79      5.95    0.72161      0.088852      0.032476      0.005471      0.010943
CI32_Crozet              19.90      6.21    0.72366      0.246244      0.288871      0.121590      0.243181
MI1680_Macquarie         19.90      5.23    0.68542      0.352525      0.081005      0.050853      0.101706
Population              mean_N    mean_k    mean_He    p_sign_TPM    p_stdv_TPM    p_W_1t_TPM    p_W_2t_TPM
137711_South_Shetlands      19.95      6.31    0.74665      0.220487      0.134832      0.026283      0.052567
W6531/31                 19.79      6.00    0.72018      0.537900      0.420878      0.251363      0.502726
A1051_Bouvetoya          19.95      5.79    0.71107      0.113959      0.004487      0.000852      0.001705
CI28_Crozet              19.85      5.90    0.71939      0.065905      0.041647      0.019587      0.039175
MI2261_Macquarie         19.90      5.62    0.71005      0.524751      0.128543      0.050746      0.101491
Population              mean_N    mean_k    mean_He    p_sign_TPM    p_stdv_TPM    p_W_1t_TPM    p_W_2t_TPM
137712_South_Shetlands      19.79      5.85    0.70442      0.539666      0.338681      0.130632      0.261265
W9174_pup                19.85      5.82    0.71109      0.229024      0.146799      0.037124      0.074247
BI17_Bouvetoya           19.64      5.90    0.71192      0.110104      0.101420      0.028338      0.056677
CI28_Crozet              19.74      5.92    0.72616      0.115291      0.076915      0.017332      0.034665
MI2253_Macquarie         19.74      5.44    0.69120      0.303186      0.173494      0.073074      0.146148
Population              mean_N    mean_k    mean_He    p_sign_TPM    p_stdv_TPM    p_W_1t_TPM    p_W_2t_TPM
137716_South_Shetlands      19.79      6.18    0.71854      0.307471      0.193910      0.107128      0.214257
W6534                    19.79      5.72    0.71524      0.041786      0.042759      0.005471      0.010943
BI6_Bouvetoya            19.74      5.92    0.73283      0.008282      0.032224      0.009543      0.019087
MIAGM13120_Marion_island      20.00      5.79    0.71727      0.243358      0.073882      0.039602      0.079205
MI2259_Macquarie         19.59      5.56    0.71230      0.028234      0.007822      0.000639      0.001277
Population              mean_N    mean_k    mean_He    p_sign_TPM    p_stdv_TPM    p_W_1t_TPM    p_W_2t_TPM
137700_South_Shetlands      19.90      6.00    0.73324      0.105583      0.061954      0.020692      0.041384
W9161_pup                19.69      5.85    0.71011      0.524976      0.241216      0.130632      0.261265
BI19_Bouvetoya           19.95      5.64    0.69702      0.061362      0.086127      0.014315      0.028630
CI29_Crozet              19.79      6.08    0.72607      0.313064      0.136583      0.099554      0.199107
MI2253_Macquarie         19.90      5.56    0.68676      0.484825      0.193125      0.282981      0.565961
Population              mean_N    mean_k    mean_He    p_sign_TPM    p_stdv_TPM    p_W_1t_TPM    p_W_2t_TPM
137716_South_Shetlands      19.69      6.13    0.72236      0.354063      0.224191      0.099609      0.199218
W9134_mum                19.85      5.92    0.72558      0.017825      0.039229      0.007745      0.015490
BI24_Bouvetoya           19.69      6.05    0.73213      0.022026      0.040277      0.001486      0.002971
MIAGM13135_Marion_island      20.00      6.23    0.73144      0.181690      0.053581      0.007752      0.015505
MI2252_Macquarie         19.64      5.64    0.69356      0.416830      0.359146      0.106608      0.213216
Population              mean_N    mean_k    mean_He    p_sign_TPM    p_stdv_TPM    p_W_1t_TPM    p_W_2t_TPM
137723_South_Shetlands      19.85      6.21    0.73692      0.014644      0.065332      0.010250      0.020501
W6541/41_pup             19.90      6.00    0.73049      0.099943      0.128441      0.002718      0.005436
BI10_Bouvetoya           19.38      5.62    0.71634      0.019318      0.007218      0.000302      0.000604
MIAGM13126_Marion_island      19.95      5.95    0.71082      0.055012      0.145506      0.053785      0.107569
MI2246_Macquarie         19.44      5.69    0.71390      0.527767      0.268272      0.085095      0.170191
Population              mean_N    mean_k    mean_He    p_sign_TPM    p_stdv_TPM    p_W_1t_TPM    p_W_2t_TPM
137684_South_Shetlands      19.79      6.51    0.73196      0.554322      0.427302      0.297472      0.594945
W9170_pup                19.69      6.03    0.73709      0.062453      0.022225      0.004782      0.009564
A1070_Bouvetoya          19.95      5.54    0.68522      0.464216      0.390032      0.150049      0.300097
CI23_Crozet              20.00      6.03    0.72672      0.063707      0.235846      0.035220      0.070440
MI2264_Macquarie         19.59      5.59    0.71586      0.080669      0.101438      0.082835      0.165670
Population              mean_N    mean_k    mean_He    p_sign_TPM    p_stdv_TPM    p_W_1t_TPM    p_W_2t_TPM
137712_South_Shetlands      19.74      5.85    0.71773      0.115881      0.087086      0.018617      0.037235
W9167_pup                19.69      6.00    0.71721      0.463353      0.322492      0.167989      0.335977
A1096_Bouvetoya          19.69      5.72    0.70609      0.020778      0.028626      0.014901      0.029801
CI39_Crozet              19.79      5.85    0.71712      0.121531      0.148092      0.039904      0.079809
MI2250_Macquarie         19.79      5.15    0.67522      0.409351      0.188278      0.094721      0.189442
Population              mean_N    mean_k    mean_He    p_sign_TPM    p_stdv_TPM    p_W_1t_TPM    p_W_2t_TPM
137705_South_Shetlands      19.79      6.00    0.72438      0.118944      0.210558      0.075056      0.150111
W5690/91                 19.95      5.97    0.72193      0.095108      0.132973      0.008785      0.017571
BI22_Bouvetoya           19.90      5.92    0.71452      0.295468      0.134160      0.090060      0.180119
CI23_Crozet              20.00      5.92    0.71080      0.017357      0.017680      0.003459      0.006918
MI2262_Macquarie         19.95      5.44    0.69422      0.198872      0.141287      0.069229      0.138457
Population              mean_N    mean_k    mean_He    p_sign_TPM    p_stdv_TPM    p_W_1t_TPM    p_W_2t_TPM
137712_South_Shetlands      19.74      6.28    0.74407      0.134072      0.038957      0.006575      0.013149
W9178_pup                19.69      6.05    0.73804      0.027628      0.022244      0.000375      0.000749
A1064_Bouvetoya          19.79      5.87    0.71961      0.110520      0.029297      0.008079      0.016159
CI39_Crozet              19.69      6.00    0.71380      0.339787      0.226842      0.167594      0.335188
MI2259_Macquarie         19.79      5.05    0.67783      0.236095      0.091218      0.035932      0.071863
Population              mean_N    mean_k    mean_He    p_sign_TPM    p_stdv_TPM    p_W_1t_TPM    p_W_2t_TPM
137687_South_Shetlands      19.74      6.31    0.73731      0.527951      0.301435      0.097116      0.194231
W9174_pup                19.85      6.05    0.72085      0.027145      0.022347      0.001496      0.002992
BI3_Bouvetoya            19.90      5.79    0.70267      0.091226      0.057234      0.015506      0.031013
CI21_Crozet              19.90      6.21    0.73385      0.067567      0.106522      0.022179      0.044358
MI2260_Macquarie         19.95      5.23    0.67983      0.280691      0.173602      0.031509      0.063017
Population              mean_N    mean_k    mean_He    p_sign_TPM    p_stdv_TPM    p_W_1t_TPM    p_W_2t_TPM
137700_South_Shetlands      19.90      6.33    0.73689      0.034154      0.217392      0.060283      0.120565
W6536/36_FWB_pup         19.95      6.18    0.73117      0.475835      0.461651      0.157692      0.315383
BI25_Bouvetoya           19.90      5.82    0.71326      0.086208      0.095464      0.080619      0.161239
CI38_Crozet              19.79      6.05    0.72187      0.451296      0.143735      0.069229      0.138457
MI1669_Macquarie         19.54      5.38    0.69058      0.340819      0.205744      0.037124      0.074247
Population              mean_N    mean_k    mean_He    p_sign_TPM    p_stdv_TPM    p_W_1t_TPM    p_W_2t_TPM
137680_South_Shetlands      19.74      6.00    0.71327      0.481912      0.436048      0.151057      0.302114
W6755                    19.59      5.95    0.72203      0.101047      0.142968      0.016122      0.032244
BI5_Bouvetoya            19.85      5.74    0.70644      0.205225      0.122032      0.032005      0.064009
CI31_Crozet              19.90      6.13    0.72294      0.278019      0.155724      0.063749      0.127497
MI2253_Macquarie         19.64      5.51    0.68305      0.476849      0.423784      0.338740      0.677480
Population              mean_N    mean_k    mean_He    p_sign_TPM    p_stdv_TPM    p_W_1t_TPM    p_W_2t_TPM
137699_South_Shetlands      19.74      6.33    0.73086      0.107599      0.103740      0.077077      0.154154
W9170_pup                20.00      6.21    0.74467      0.012351      0.015258      0.002718      0.005436
BI23_Bouvetoya           19.85      5.87    0.70343      0.307163      0.110636      0.025432      0.050864
CI34_Crozet              19.90      5.97    0.70409      0.295691      0.384983      0.186067      0.372133
MI2269_Macquarie         19.54      5.31    0.68243      0.250548      0.196201      0.064442      0.128884
Population              mean_N    mean_k    mean_He    p_sign_TPM    p_stdv_TPM    p_W_1t_TPM    p_W_2t_TPM
137645_South_Shetlands      20.00      6.18    0.72578      0.460612      0.419687      0.398188      0.796376
W12                      19.59      5.87    0.72200      0.154079      0.079650      0.020686      0.041373
BI7_Bouvetoya            19.95      5.56    0.70121      0.028075      0.015410      0.010732      0.021463
CI28_Crozet              19.69      6.13    0.72904      0.450535      0.145943      0.092369      0.184738
MI2259_Macquarie         19.79      5.00    0.68045      0.296729      0.166536      0.067364      0.134728
Population              mean_N    mean_k    mean_He    p_sign_TPM    p_stdv_TPM    p_W_1t_TPM    p_W_2t_TPM
137723_South_Shetlands      19.79      6.23    0.72405      0.306154      0.486795      0.186067      0.372133
W9135_pup                19.85      6.08    0.72947      0.031842      0.036660      0.001681      0.003361
A1099_Bouvetoya          19.85      5.85    0.72046      0.090740      0.051093      0.012159      0.024319
CI40_Crozet              20.00      5.82    0.72726      0.015114      0.009142      0.000695      0.001391
MI2249_Macquarie         19.69      5.69    0.69961      0.405372      0.377495      0.174959      0.349918
Population              mean_N    mean_k    mean_He    p_sign_TPM    p_stdv_TPM    p_W_1t_TPM    p_W_2t_TPM
137697_South_Shetlands      20.00      5.95    0.72497      0.208508      0.324469      0.081240      0.162480
W17                      19.79      6.05    0.72784      0.062489      0.025659      0.006575      0.013149
BI12_Bouvetoya           19.90      5.77    0.70953      0.311209      0.042311      0.010732      0.021463
CI29_Crozet              20.00      6.13    0.73131      0.066517      0.079265      0.012428      0.024856
MI2252_Macquarie         19.85      5.59    0.69082      0.478843      0.359262      0.414877      0.829754
Population              mean_N    mean_k    mean_He    p_sign_TPM    p_stdv_TPM    p_W_1t_TPM    p_W_2t_TPM
137709_South_Shetlands      19.95      6.10    0.73224      0.118620      0.044659      0.012428      0.024856
Y/B134/35                19.79      5.82    0.70945      0.169298      0.201389      0.032538      0.065076
A1062_Bouvetoya          19.85      5.64    0.70664      0.151607      0.142736      0.115807      0.231613
CI25_Crozet              19.74      6.10    0.71601      0.393516      0.261221      0.112398      0.224797
MI1680_Macquarie         19.69      5.46    0.70893      0.126400      0.046784      0.047842      0.095683
Population              mean_N    mean_k    mean_He    p_sign_TPM    p_stdv_TPM    p_W_1t_TPM    p_W_2t_TPM
137722_South_Shetlands      19.95      6.21    0.72493      0.430007      0.399852      0.260280      0.520561
W6538                    19.74      5.85    0.70760      0.393269      0.450220      0.323119      0.646237
BI22_Bouvetoya           20.00      5.74    0.71215      0.237078      0.158090      0.068234      0.136468
CI29_Crozet              19.95      6.03    0.72855      0.135293      0.044352      0.016122      0.032244
MI2261_Macquarie         19.85      5.51    0.69063      0.392964      0.381551      0.278581      0.557162
Population              mean_N    mean_k    mean_He    p_sign_TPM    p_stdv_TPM    p_W_1t_TPM    p_W_2t_TPM
137708_South_Shetlands      19.90      6.21    0.74346      0.425031      0.118400      0.023752      0.047505
SG27_South_Georgia       19.74      5.87    0.70487      0.494114      0.305746      0.292794      0.585588
A1086_Bouvetoya          19.85      5.44    0.70237      0.030258      0.010921      0.001956      0.003913
CI31_Crozet              19.74      6.18    0.73736      0.136820      0.136294      0.049277      0.098554
MI2251_Macquarie         19.44      4.97    0.68717      0.029287      0.034344      0.004674      0.009348
Population              mean_N    mean_k    mean_He    p_sign_TPM    p_stdv_TPM    p_W_1t_TPM    p_W_2t_TPM
137698_South_Shetlands      19.90      5.95    0.71644      0.455140      0.157623      0.112987      0.225975
Y/B134/35                19.74      6.03    0.73298      0.014876      0.063859      0.004281      0.008562
A1069_Bouvetoya          20.00      5.59    0.69622      0.116666      0.140872      0.050746      0.101491
CI24_Crozet              19.90      5.95    0.71556      0.126080      0.236045      0.135276      0.270551
MI1620_Macquarie         19.59      5.36    0.68890      0.071456      0.330523      0.033639      0.067279
Population              mean_N    mean_k    mean_He    p_sign_TPM    p_stdv_TPM    p_W_1t_TPM    p_W_2t_TPM
137682_South_Shetlands      19.79      6.44    0.73119      0.353270      0.277686      0.359994      0.719987
W9134_pup                19.95      6.23    0.73153      0.129217      0.173465      0.033049      0.066098
BI7_Bouvetoya            19.85      5.72    0.69218      0.317888      0.368769      0.227569      0.455138
MIAGM13113_Marion_island      19.95      6.15    0.72019      0.344047      0.219374      0.038347      0.076694
MI2267_Macquarie         19.85      5.36    0.70091      0.124530      0.143615      0.079138      0.158277
Population              mean_N    mean_k    mean_He    p_sign_TPM    p_stdv_TPM    p_W_1t_TPM    p_W_2t_TPM
137721_South_Shetlands      19.79      6.41    0.73322      0.440730      0.143233      0.447863      0.895725
W9175_mum                19.79      5.85    0.73174      0.206687      0.046682      0.003422      0.006844
BI12_Bouvetoya           19.90      5.79    0.71364      0.262669      0.111817      0.076320      0.152639
MIAGM13108_Marion_island      19.85      6.33    0.73679      0.200637      0.039906      0.009107      0.018213
MI2250_Macquarie         19.64      5.15    0.68378      0.101727      0.072358      0.021425      0.042850
Population              mean_N    mean_k    mean_He    p_sign_TPM    p_stdv_TPM    p_W_1t_TPM    p_W_2t_TPM
137718_South_Shetlands      19.90      6.56    0.73951      0.488973      0.478964      0.273949      0.547898
ATP32                    19.85      6.18    0.72293      0.362545      0.098473      0.050853      0.101706
A1090_Bouvetoya          19.90      5.82    0.70006      0.206059      0.173930      0.078933      0.157866
MIAGM13142_Marion_island      19.95      6.38    0.72496      0.430365      0.363801      0.112398      0.224797
MI1512_Macquarie         19.59      5.69    0.70889      0.469852      0.201989      0.124555      0.249111
Population              mean_N    mean_k    mean_He    p_sign_TPM    p_stdv_TPM    p_W_1t_TPM    p_W_2t_TPM
137656_South_Shetlands      19.69      6.23    0.72699      0.172356      0.107785      0.038689      0.077379
ATP28                    19.79      6.41    0.74503      0.124694      0.025434      0.004096      0.008191
A1100_Bouvetoya          19.90      5.77    0.72263      0.092083      0.018678      0.003626      0.007252
CI20_Crozet              19.64      6.23    0.73413      0.196014      0.155481      0.073074      0.146148
MI2253_Macquarie         19.85      5.64    0.70773      0.114948      0.162144      0.053530      0.107060
Population              mean_N    mean_k    mean_He    p_sign_TPM    p_stdv_TPM    p_W_1t_TPM    p_W_2t_TPM
137716_South_Shetlands      19.90      6.41    0.73592      0.407239      0.441414      0.486244      0.972488
W6506                    19.85      6.15    0.73048      0.426122      0.260814      0.104560      0.209119
A1091_Bouvetoya          19.95      5.77    0.71007      0.025951      0.018042      0.002670      0.005340
MIAGM13140_Marion_island      19.64      6.44    0.73757      0.303217      0.307955      0.186067      0.372133
MI1577_Macquarie         19.59      5.18    0.69641      0.173562      0.124132      0.025416      0.050833
Population              mean_N    mean_k    mean_He    p_sign_TPM    p_stdv_TPM    p_W_1t_TPM    p_W_2t_TPM
137704_South_Shetlands      19.64      6.36    0.72235      0.288579      0.352034      0.447863      0.895725
W9175_pup                19.69      6.26    0.73287      0.129115      0.134215      0.011964      0.023927
A1090_Bouvetoya          19.79      5.97    0.70484      0.346881      0.395461      0.197457      0.394915
MIAGM13044_Marion_island      19.90      6.21    0.72208      0.462756      0.323330      0.415327      0.830654
MI2267_Macquarie         19.59      5.56    0.69325      0.366561      0.321238      0.115807      0.231613
Population              mean_N    mean_k    mean_He    p_sign_TPM    p_stdv_TPM    p_W_1t_TPM    p_W_2t_TPM
137703_South_Shetlands      19.59      6.13    0.73512      0.216726      0.212768      0.117847      0.235693
W6524/24_pup             19.90      6.10    0.71203      0.229870      0.422849      0.153458      0.306917
A1064_Bouvetoya          19.69      6.00    0.71389      0.076798      0.226453      0.094587      0.189174
MIAGM13105_Marion_island      19.85      5.92    0.72095      0.066497      0.042134      0.014779      0.029559
MI2249_Macquarie         19.79      5.26    0.68772      0.003986      0.027930      0.001013      0.002026
Population              mean_N    mean_k    mean_He    p_sign_TPM    p_stdv_TPM    p_W_1t_TPM    p_W_2t_TPM
137720_South_Shetlands      19.85      6.21    0.74698      0.330233      0.114538      0.028090      0.056179
ATP37                    19.85      6.15    0.72571      0.146143      0.112393      0.023043      0.046087
A1094_Bouvetoya          19.95      5.87    0.70980      0.020812      0.021075      0.002722      0.005443
CI39_Crozet              19.79      5.92    0.70977      0.078948      0.056088      0.004570      0.009139
MI2264_Macquarie         20.00      5.15    0.67814      0.302244      0.362997      0.144607      0.289213
Population              mean_N    mean_k    mean_He    p_sign_TPM    p_stdv_TPM    p_W_1t_TPM    p_W_2t_TPM
137688_South_Shetlands      20.00      5.92    0.72443      0.011579      0.036249      0.004882      0.009763
W6541/41_pup             19.74      5.79    0.71760      0.092811      0.088740      0.009158      0.018315
A1098_Bouvetoya          19.79      5.85    0.71429      0.106939      0.108406      0.063749      0.127497
CI1_Crozet               19.85      6.26    0.73900      0.244014      0.065748      0.015356      0.030713
MI2267_Macquarie         19.85      5.49    0.68897      0.468739      0.305257      0.186067      0.372133
Population              mean_N    mean_k    mean_He    p_sign_TPM    p_stdv_TPM    p_W_1t_TPM    p_W_2t_TPM
137683_South_Shetlands      19.95      6.41    0.73782      0.129819      0.109341      0.034121      0.068242
W6522/22                 19.90      5.90    0.70706      0.178285      0.216604      0.047842      0.095683
BI17_Bouvetoya           19.95      5.74    0.70120      0.457914      0.327887      0.197457      0.394915
CI40_Crozet              19.79      6.00    0.72366      0.025600      0.015605      0.002848      0.005696
MI2270_Macquarie         19.69      5.26    0.67813      0.333399      0.471567      0.302759      0.605517
Population              mean_N    mean_k    mean_He    p_sign_TPM    p_stdv_TPM    p_W_1t_TPM    p_W_2t_TPM
137693_South_Shetlands      19.69      6.26    0.71990      0.432294      0.327980      0.229779      0.459558
W6526/26                 19.59      6.26    0.72359      0.316873      0.497659      0.209250      0.418500
BI8_Bouvetoya            19.69      5.69    0.70302      0.473865      0.156634      0.060811      0.121623
CI38_Crozet              19.95      6.18    0.73699      0.297926      0.046978      0.006575      0.013149
MI2255_Macquarie         19.95      5.15    0.67728      0.304093      0.309684      0.175083      0.350166
Population              mean_N    mean_k    mean_He    p_sign_TPM    p_stdv_TPM    p_W_1t_TPM    p_W_2t_TPM
137685_South_Shetlands      19.90      6.31    0.73517      0.406851      0.114996      0.033049      0.066098
W6701_pup                19.59      6.08    0.71273      0.465590      0.491470      0.372849      0.745698
BI24_Bouvetoya           19.90      5.85    0.72183      0.211918      0.022448      0.006305      0.012611
MIAGM13143_Marion_island      19.74      6.03    0.71470      0.267643      0.321672      0.133745      0.267489
MI2248_Macquarie         19.79      5.79    0.70712      0.507128      0.418814      0.312005      0.624010
Population              mean_N    mean_k    mean_He    p_sign_TPM    p_stdv_TPM    p_W_1t_TPM    p_W_2t_TPM
137696_South_Shetlands      19.85      6.03    0.71290      0.462070      0.102138      0.046374      0.092749
W6530/30                 19.74      5.95    0.72177      0.249069      0.041909      0.012159      0.024319
BI6_Bouvetoya            20.00      6.00    0.71161      0.346385      0.190226      0.127569      0.255139
CI23_Crozet              19.95      5.69    0.69535      0.062718      0.110510      0.045647      0.091294
MI2270_Macquarie         19.90      5.26    0.69923      0.012390      0.104485      0.016718      0.033436
Population              mean_N    mean_k    mean_He    p_sign_TPM    p_stdv_TPM    p_W_1t_TPM    p_W_2t_TPM
137722_South_Shetlands      19.90      6.23    0.72846      0.120915      0.132665      0.018617      0.037235
W2031/32_pup             19.85      6.00    0.71530      0.359736      0.419977      0.190280      0.380559
A1032_Bouvetoya          19.90      5.85    0.69855      0.205553      0.060068      0.018135      0.036269
CI30_Crozet              19.85      6.15    0.71938      0.397657      0.443270      0.273949      0.547898
MI1461_Macquarie         19.64      5.36    0.69795      0.533841      0.093681      0.062607      0.125213
Population              mean_N    mean_k    mean_He    p_sign_TPM    p_stdv_TPM    p_W_1t_TPM    p_W_2t_TPM
137702_South_Shetlands      19.74      6.15    0.72253      0.431494      0.261997      0.147809      0.295618
W9162_pup                19.90      6.21    0.72718      0.261045      0.032689      0.011227      0.022454
A1013_Bouvetoya          19.95      5.87    0.72207      0.006971      0.019947      0.001565      0.003130
MIAGM13133_Marion_island      19.90      6.05    0.71931      0.399581      0.136178      0.102035      0.204070
MI2265_Macquarie         19.38      5.13    0.67637      0.049265      0.039763      0.010288      0.020576
Population              mean_N    mean_k    mean_He    p_sign_TPM    p_stdv_TPM    p_W_1t_TPM    p_W_2t_TPM
137696_South_Shetlands      19.90      6.00    0.71499      0.424616      0.363112      0.312005      0.624010
W9164_mum                19.79      5.64    0.69630      0.316063      0.321815      0.129284      0.258568
A1062_Bouvetoya          19.90      5.87    0.70545      0.446821      0.426353      0.302283      0.604566
CI39_Crozet              19.85      5.82    0.70449      0.025667      0.036509      0.006643      0.013285
MI1667_Macquarie         19.69      5.26    0.68817      0.420586      0.116262      0.092369      0.184738
Population              mean_N    mean_k    mean_He    p_sign_TPM    p_stdv_TPM    p_W_1t_TPM    p_W_2t_TPM
137703_South_Shetlands      19.69      6.46    0.74544      0.130704      0.247802      0.056962      0.113925
W04                      19.79      6.08    0.72822      0.072956      0.113814      0.009943      0.019885
2277_Bouvetoya           19.74      5.67    0.69919      0.031126      0.063003      0.002954      0.005908
CI27_Crozet              19.85      6.05    0.71909      0.236728      0.025827      0.002592      0.005184
MI2270_Macquarie         19.85      5.31    0.69797      0.340297      0.203116      0.054021      0.108042
Population              mean_N    mean_k    mean_He    p_sign_TPM    p_stdv_TPM    p_W_1t_TPM    p_W_2t_TPM
137708_South_Shetlands      19.74      6.10    0.71902      0.542469      0.275115      0.367633      0.735266
W9161_mum                19.74      5.97    0.72456      0.297214      0.277575      0.048683      0.097367
A1081_Bouvetoya          19.90      5.69    0.71218      0.234860      0.026006      0.007423      0.014845
CI30_Crozet              19.90      6.18    0.72761      0.168094      0.109825      0.028090      0.056179
MI2267_Macquarie         19.79      5.36    0.69256      0.242815      0.356514      0.167594      0.335188
Population              mean_N    mean_k    mean_He    p_sign_TPM    p_stdv_TPM    p_W_1t_TPM    p_W_2t_TPM
137664_South_Shetlands      19.64      6.23    0.73715      0.128275      0.082929      0.019289      0.038578
W9135_mum                19.90      6.21    0.72609      0.257615      0.359149      0.259146      0.518291
A1060_Bouvetoya          19.90      5.77    0.71555      0.247018      0.063996      0.040890      0.081780
CI5_Crozet               19.79      5.77    0.71588      0.047723      0.005429      0.000635      0.001270
MI2258_Macquarie         19.74      5.31    0.67839      0.052966      0.043025      0.007266      0.014532
Population              mean_N    mean_k    mean_He    p_sign_TPM    p_stdv_TPM    p_W_1t_TPM    p_W_2t_TPM
137710_South_Shetlands      19.90      6.10    0.72454      0.222495      0.069482      0.018617      0.037235
W6510/10                 19.79      5.85    0.72005      0.282953      0.059476      0.006812      0.013624
A1075_Bouvetoya          19.85      5.87    0.69229      0.230216      0.308654      0.387160      0.774320
MIAGM13144_Marion_island      19.64      6.03    0.73021      0.121433      0.045587      0.011514      0.023028
MI2261_Macquarie         19.74      5.33    0.69413      0.212768      0.190735      0.046374      0.092749
Population              mean_N    mean_k    mean_He    p_sign_TPM    p_stdv_TPM    p_W_1t_TPM    p_W_2t_TPM
137698_South_Shetlands      19.95      6.28    0.70690      0.233535      0.205322      0.652986      0.704261
SG20_South_Georgia       19.79      6.13    0.72934      0.416852      0.327857      0.161078      0.322156
A1064_Bouvetoya          19.95      5.69    0.70720      0.032376      0.038779      0.012907      0.025814
MIAGM13139_Marion_island      19.90      6.03    0.72388      0.331700      0.204322      0.112398      0.224797
MI1669_Macquarie         19.54      5.46    0.68718      0.447182      0.448747      0.171252      0.342503
Population              mean_N    mean_k    mean_He    p_sign_TPM    p_stdv_TPM    p_W_1t_TPM    p_W_2t_TPM
137709_South_Shetlands      19.90      6.36    0.72488      0.429476      0.382257      0.269355      0.538709
Y/B134/35                19.79      6.03    0.71652      0.410799      0.335727      0.246964      0.493928
BI25_Bouvetoya           19.90      6.00    0.71361      0.193171      0.180058      0.099554      0.199107
MIAGM13144_Marion_island      19.64      6.15    0.73116      0.173046      0.041500      0.002857      0.005714
MI1625_Macquarie         19.79      5.26    0.69030      0.386272      0.175264      0.060283      0.120565
Population              mean_N    mean_k    mean_He    p_sign_TPM    p_stdv_TPM    p_W_1t_TPM    p_W_2t_TPM
137711_South_Shetlands      19.90      6.28    0.73740      0.314766      0.323269      0.164510      0.329021
AGP11086                 19.54      5.87    0.71970      0.490380      0.218028      0.062607      0.125213
A1068_Bouvetoya          20.00      5.74    0.71606      0.210033      0.132402      0.046439      0.092879
CI32_Crozet              19.95      5.97    0.71368      0.033472      0.053341      0.001827      0.003653
MI2251_Macquarie         19.85      5.21    0.68843      0.524717      0.201700      0.087400      0.174800
Population              mean_N    mean_k    mean_He    p_sign_TPM    p_stdv_TPM    p_W_1t_TPM    p_W_2t_TPM
137678_South_Shetlands      19.64      6.54    0.75673      0.212246      0.190207      0.058604      0.117209
W9172_pup                19.69      5.85    0.69792      0.459469      0.292127      0.147343      0.294686
A1090_Bouvetoya          19.54      5.92    0.71678      0.249805      0.132603      0.031466      0.062932
MIAGM13124_Marion_island      19.79      6.08    0.70985      0.559105      0.461937      0.372849      0.745698
MI2261_Macquarie         19.95      5.54    0.69894      0.171601      0.205730      0.092369      0.184738
Population              mean_N    mean_k    mean_He    p_sign_TPM    p_stdv_TPM    p_W_1t_TPM    p_W_2t_TPM
137702_South_Shetlands      19.74      6.10    0.72775      0.368442      0.125940      0.085095      0.170191
ATP26                    19.90      6.05    0.72583      0.440596      0.240634      0.079138      0.158277
A1085_Bouvetoya          19.79      5.49    0.69688      0.036528      0.007071      0.001392      0.002784
CI40_Crozet              19.90      6.15    0.72487      0.334037      0.192303      0.144607      0.289213
MI2252_Macquarie         19.90      5.31    0.67462      0.441576      0.154143      0.070317      0.140633
Population              mean_N    mean_k    mean_He    p_sign_TPM    p_stdv_TPM    p_W_1t_TPM    p_W_2t_TPM
137694_South_Shetlands      19.79      5.90    0.72654      0.071897      0.116168      0.021425      0.042850
W6522/22                 19.59      5.85    0.72075      0.164090      0.055064      0.038347      0.076694
A1065_Bouvetoya          19.95      5.69    0.70649      0.142023      0.311859      0.087792      0.175584
MIAGM13134_Marion_island      19.90      6.21    0.72138      0.276021      0.433688      0.278581      0.557162
MI2255_Macquarie         19.85      5.33    0.68257      0.459595      0.341875      0.480745      0.961490
Population              mean_N    mean_k    mean_He    p_sign_TPM    p_stdv_TPM    p_W_1t_TPM    p_W_2t_TPM
137710_South_Shetlands      19.85      6.08    0.72550      0.033307      0.023036      0.001308      0.002615
W9173_mum                19.79      6.13    0.73566      0.534025      0.085295      0.037504      0.075008
A1096_Bouvetoya          19.79      6.00    0.71208      0.508459      0.228927      0.102190      0.204380
CI40_Crozet              19.79      5.85    0.71730      0.303863      0.392383      0.201344      0.402688
MI2269_Macquarie         19.54      5.31    0.68985      0.452198      0.137606      0.034770      0.069541
Population              mean_N    mean_k    mean_He    p_sign_TPM    p_stdv_TPM    p_W_1t_TPM    p_W_2t_TPM
137685_South_Shetlands      19.85      6.28    0.72184      0.367983      0.164912      0.053785      0.107569
W9175_mum                19.90      6.03    0.72706      0.152037      0.055092      0.012159      0.024319
A1073_Bouvetoya          19.85      5.62    0.71404      0.031857      0.005251      0.000550      0.001101
CI31_Crozet              19.79      6.13    0.73495      0.424777      0.097020      0.022955      0.045909
MI1613_Macquarie         19.74      5.69    0.69892      0.117450      0.240399      0.717019      0.575736
Population              mean_N    mean_k    mean_He    p_sign_TPM    p_stdv_TPM    p_W_1t_TPM    p_W_2t_TPM
137682_South_Shetlands      19.85      6.15    0.71928      0.327694      0.455869      0.205275      0.410550
W9178_pup                19.85      6.10    0.73923      0.000282      0.004337      0.000267      0.000534
A1006_Bouvetoya          19.95      6.23    0.72750      0.522588      0.255884      0.150049      0.300097
CI32_Crozet              19.90      6.18    0.72744      0.192058      0.161984      0.067364      0.134728
MI2270_Macquarie         19.95      5.44    0.68967      0.135685      0.195292      0.038347      0.076694
Population              mean_N    mean_k    mean_He    p_sign_TPM    p_stdv_TPM    p_W_1t_TPM    p_W_2t_TPM
137723_South_Shetlands      19.69      6.00    0.71736      0.054746      0.135321      0.069229      0.138457
W9163_mum                19.69      6.05    0.73010      0.270089      0.054951      0.011079      0.022158
BI7_Bouvetoya            19.95      5.67    0.69459      0.429779      0.190586      0.126357      0.252714
CI24_Crozet              19.79      6.05    0.71692      0.367149      0.326087      0.171252      0.342503
MI1645_Macquarie         19.85      5.33    0.68148      0.546427      0.326315      0.234013      0.468025
Population              mean_N    mean_k    mean_He    p_sign_TPM    p_stdv_TPM    p_W_1t_TPM    p_W_2t_TPM
137721_South_Shetlands      19.90      6.31    0.73321      0.450094      0.341520      0.197457      0.394915
W6538/38_FWB_pup         19.79      6.00    0.72919      0.126105      0.103744      0.032005      0.064009
2230_Bouvetoya           19.85      5.77    0.70724      0.145512      0.141420      0.107493      0.214987
CI22_Crozet              20.00      6.23    0.72335      0.299554      0.256270      0.099554      0.199107
MI2256_Macquarie         19.85      5.46    0.69149      0.404768      0.153654      0.080619      0.161239
Population              mean_N    mean_k    mean_He    p_sign_TPM    p_stdv_TPM    p_W_1t_TPM    p_W_2t_TPM
137704_South_Shetlands      19.90      6.13    0.74152      0.132314      0.148420      0.009856      0.019713
W9167_mum                19.74      6.18    0.72764      0.386992      0.085983      0.033639      0.067279
BI25_Bouvetoya           19.95      5.56    0.69136      0.389977      0.189184      0.234013      0.468025
CI32_Crozet              19.95      6.21    0.72638      0.411588      0.329975      0.251363      0.502726
MI2246_Macquarie         19.59      5.62    0.70914      0.076150      0.067027      0.019229      0.038457
Population              mean_N    mean_k    mean_He    p_sign_TPM    p_stdv_TPM    p_W_1t_TPM    p_W_2t_TPM
137700_South_Shetlands      19.95      6.03    0.72909      0.432359      0.231129      0.115100      0.230200
W9135_mum                19.79      6.10    0.72365      0.125423      0.191158      0.053785      0.107569
BI6_Bouvetoya            19.95      5.72    0.70987      0.163233      0.143196      0.022234      0.044469
MIAGM13141_Marion_island      19.90      6.15    0.71237      0.447854      0.411592      0.126357      0.252714
MI2270_Macquarie         19.90      5.62    0.69828      0.074574      0.309543      0.076320      0.152639
Population              mean_N    mean_k    mean_He    p_sign_TPM    p_stdv_TPM    p_W_1t_TPM    p_W_2t_TPM
137697_South_Shetlands      19.79      5.90    0.72494      0.403911      0.211806      0.225587      0.451174
W6504                    19.90      5.90    0.70530      0.482945      0.218237      0.074235      0.148469
BI21_Bouvetoya           19.79      6.00    0.70746      0.488351      0.440815      0.420475      0.840951
MIAGM13136_Marion_island      19.95      5.97    0.72963      0.012234      0.034146      0.001766      0.003531
MI1685_Macquarie         19.95      5.38    0.68758      0.332976      0.322263      0.076320      0.152639
Population              mean_N    mean_k    mean_He    p_sign_TPM    p_stdv_TPM    p_W_1t_TPM    p_W_2t_TPM
137714_South_Shetlands      20.00      6.28    0.72780      0.394910      0.086128      0.022234      0.044469
W6542/42_pup             19.64      6.03    0.73462      0.293677      0.436966      0.077077      0.154154
A1010_Bouvetoya          19.90      5.90    0.70857      0.179485      0.041167      0.001956      0.003913
CI20_Crozet              19.85      5.90    0.71240      0.559289      0.405311      0.186067      0.372133
MI1654_Macquarie         19.38      5.31    0.68620      0.534537      0.309792      0.174959      0.349918
Population              mean_N    mean_k    mean_He    p_sign_TPM    p_stdv_TPM    p_W_1t_TPM    p_W_2t_TPM
137697_South_Shetlands      19.95      6.18    0.69975      0.270806      0.111865      0.750096      0.509007
W9165_pup                19.95      6.03    0.71316      0.478125      0.493823      0.307127      0.614255
2262_Bouvetoya           19.85      5.74    0.71647      0.014631      0.013549      0.000435      0.000870
CI20_Crozet              19.69      5.90    0.71230      0.536849      0.411137      0.238288      0.476577
MI2250_Macquarie         19.74      5.08    0.67192      0.177173      0.068310      0.029365      0.058730
Population              mean_N    mean_k    mean_He    p_sign_TPM    p_stdv_TPM    p_W_1t_TPM    p_W_2t_TPM
137717_South_Shetlands      19.74      5.97    0.71641      0.063135      0.160623      0.023752      0.047505
W9166_pup                19.74      5.92    0.71688      0.497295      0.146662      0.047832      0.095663
2260_Bouvetoya           19.95      5.74    0.69508      0.313431      0.214415      0.068277      0.136554
CI20_Crozet              19.74      5.87    0.70563      0.220608      0.338061      0.568462      0.873937
MI2251_Macquarie         19.64      5.33    0.68612      0.343498      0.352763      0.221438      0.442876
Population              mean_N    mean_k    mean_He    p_sign_TPM    p_stdv_TPM    p_W_1t_TPM    p_W_2t_TPM
137721_South_Shetlands      19.90      6.00    0.70843      0.364473      0.199089      0.076320      0.152639
W6512/12                 19.85      6.10    0.74320      0.014771      0.012244      0.000471      0.000943
2198_Bouvetoya           19.95      5.82    0.70697      0.024462      0.127693      0.014901      0.029801
CI22_Crozet              19.95      6.13    0.72612      0.090203      0.130882      0.008426      0.016852
MI1616_Macquarie         19.90      5.31    0.67832      0.445659      0.446196      0.338740      0.677480
Population              mean_N    mean_k    mean_He    p_sign_TPM    p_stdv_TPM    p_W_1t_TPM    p_W_2t_TPM
137703_South_Shetlands      19.64      6.31    0.72639      0.193730      0.329836      0.201344      0.402688
W9166_mum                19.74      6.03    0.72550      0.146349      0.079132      0.011227      0.022454
BI6_Bouvetoya            19.90      5.85    0.71687      0.217469      0.153330      0.061997      0.123994
MIAGM13056_Marion_island      19.74      6.00    0.73318      0.030188      0.016372      0.000528      0.001055
MI1680_Macquarie         19.85      5.44    0.68714      0.440730      0.481621      0.312005      0.624010
Population              mean_N    mean_k    mean_He    p_sign_TPM    p_stdv_TPM    p_W_1t_TPM    p_W_2t_TPM
137714_South_Shetlands      19.79      5.97    0.73680      0.070957      0.118111      0.052248      0.104496
W9171_mum                19.44      5.97    0.71781      0.540254      0.447452      0.393934      0.787868
A1098_Bouvetoya          19.74      5.79    0.70877      0.336446      0.100879      0.039602      0.079205
CI22_Crozet              19.85      6.18    0.73877      0.201909      0.063105      0.018617      0.037235
MI2261_Macquarie         19.69      4.95    0.66577      0.060646      0.039191      0.022773      0.045547
Population              mean_N    mean_k    mean_He    p_sign_TPM    p_stdv_TPM    p_W_1t_TPM    p_W_2t_TPM
137674_South_Shetlands      19.90      6.33    0.72500      0.502088      0.183583      0.085095      0.170191
W9170_mum                19.79      5.95    0.71955      0.145678      0.145484      0.012159      0.024319
BI17_Bouvetoya           19.95      5.82    0.71477      0.055749      0.037115      0.004365      0.008731
CI23_Crozet              19.79      6.44    0.72055      0.217956      0.306639      0.687995      0.633830
MI2259_Macquarie         19.95      5.36    0.69317      0.154013      0.082782      0.026525      0.053049
Population              mean_N    mean_k    mean_He    p_sign_TPM    p_stdv_TPM    p_W_1t_TPM    p_W_2t_TPM
137721_South_Shetlands      19.85      6.33    0.72520      0.443113      0.403532      0.420717      0.841433
W9132_pup                19.69      6.03    0.71973      0.261431      0.138018      0.055661      0.111322
A1052_Bouvetoya          19.90      5.77    0.70426      0.080945      0.069809      0.027799      0.055598
CI29_Crozet              19.85      6.15    0.71863      0.409211      0.301139      0.269355      0.538709
MI2258_Macquarie         19.85      5.74    0.71221      0.464326      0.144559      0.070192      0.140385
Population              mean_N    mean_k    mean_He    p_sign_TPM    p_stdv_TPM    p_W_1t_TPM    p_W_2t_TPM
137716_South_Shetlands      19.69      6.33    0.71946      0.519654      0.411329      0.213269      0.426539
W6531/31                 19.69      6.28    0.74122      0.079856      0.034845      0.013680      0.027359
A1069_Bouvetoya          19.79      5.97    0.71801      0.524942      0.311505      0.182521      0.365043
MIAGM13138_Marion_island      19.85      6.33    0.72768      0.160848      0.265896      0.070192      0.140385
MI2251_Macquarie         19.69      5.67    0.69003      0.354950      0.366949      0.127569      0.255139
Population              mean_N    mean_k    mean_He    p_sign_TPM    p_stdv_TPM    p_W_1t_TPM    p_W_2t_TPM
137711_South_Shetlands      19.90      6.08    0.73496      0.534761      0.086238      0.035932      0.071863
W6536/36_FWB_pup         19.95      6.03    0.72170      0.013257      0.034237      0.001521      0.003043
BI8_Bouvetoya            19.90      5.64    0.68936      0.103541      0.025335      0.006065      0.012131
CI40_Crozet              19.90      5.90    0.72782      0.004694      0.026762      0.000233      0.000466
MI2267_Macquarie         19.95      5.44    0.69394      0.121319      0.394207      0.081240      0.162480
Population              mean_N    mean_k    mean_He    p_sign_TPM    p_stdv_TPM    p_W_1t_TPM    p_W_2t_TPM
137701_South_Shetlands      20.00      5.95    0.72389      0.023019      0.014230      0.004474      0.008947
W9169_mum                19.74      5.77    0.72794      0.069107      0.017756      0.003123      0.006247
A1056_Bouvetoya          19.79      5.44    0.70331      0.005837      0.023952      0.006812      0.013624
MIAGM13137_Marion_island      20.00      6.28    0.73576      0.031525      0.072049      0.003581      0.007162
MI2258_Macquarie         19.59      5.31    0.68165      0.521248      0.141345      0.083383      0.166766
Population              mean_N    mean_k    mean_He    p_sign_TPM    p_stdv_TPM    p_W_1t_TPM    p_W_2t_TPM
137704_South_Shetlands      19.69      6.21    0.73054      0.548736      0.480436      0.260280      0.520561
ATP40                    19.95      6.44    0.72807      0.513642      0.443038      0.194232      0.388464
A1015_Bouvetoya          19.85      5.82    0.70900      0.144351      0.029282      0.003459      0.006918
CI20_Crozet              19.69      6.10    0.72952      0.012598      0.031956      0.017332      0.034665
MI1685_Macquarie         19.64      5.23    0.68492      0.359278      0.253153      0.127569      0.255139
Population              mean_N    mean_k    mean_He    p_sign_TPM    p_stdv_TPM    p_W_1t_TPM    p_W_2t_TPM
137693_South_Shetlands      19.74      6.18    0.72798      0.313665      0.483538      0.126357      0.252714
W9135_pup                19.90      6.00    0.72169      0.229359      0.074481      0.015952      0.031905
BI1_Bouvetoya            19.69      5.69    0.70398      0.112802      0.082887      0.019587      0.039175
MIAGM13131_Marion_island      20.00      6.31    0.74076      0.126672      0.049560      0.010250      0.020501
MI1646_Macquarie         19.59      5.31    0.68239      0.207527      0.379966      0.121590      0.243181
Population              mean_N    mean_k    mean_He    p_sign_TPM    p_stdv_TPM    p_W_1t_TPM    p_W_2t_TPM
137698_South_Shetlands      19.95      6.49    0.74486      0.323333      0.138444      0.021425      0.042850
W5737/38_FWB_pup         19.85      5.95    0.72678      0.553991      0.221247      0.167989      0.335977
A1061_Bouvetoya          19.85      5.72    0.72155      0.090251      0.009812      0.000134      0.000269
MIAGM13140_Marion_island      19.90      6.13    0.72722      0.192429      0.136760      0.014983      0.029967
MI1685_Macquarie         19.95      5.49    0.68894      0.403123      0.438424      0.151057      0.302114
Population              mean_N    mean_k    mean_He    p_sign_TPM    p_stdv_TPM    p_W_1t_TPM    p_W_2t_TPM
137691_South_Shetlands      19.95      6.10    0.72415      0.392857      0.103172      0.039904      0.079809
W9162_mum                19.69      6.08    0.71949      0.409211      0.425144      0.357273      0.714546
A1071_Bouvetoya          19.90      6.10    0.70025      0.175681      0.098689      0.759164      0.490696
CI39_Crozet              19.90      5.82    0.72060      0.072272      0.138794      0.055356      0.110712
MI1665_Macquarie         19.69      5.41    0.69762      0.077277      0.081475      0.043564      0.087128
Population              mean_N    mean_k    mean_He    p_sign_TPM    p_stdv_TPM    p_W_1t_TPM    p_W_2t_TPM
137715_South_Shetlands      19.74      5.77    0.70847      0.045635      0.097080      0.022234      0.044469
W9164_mum                19.85      6.03    0.71744      0.069938      0.221539      0.032005      0.064009
BI21_Bouvetoya           20.00      5.87    0.71606      0.089434      0.084909      0.021449      0.042898
CI32_Crozet              19.79      6.33    0.73959      0.219721      0.029465      0.009107      0.018213
MI2260_Macquarie         19.85      5.31    0.69275      0.136590      0.034097      0.002857      0.005714
Population              mean_N    mean_k    mean_He    p_sign_TPM    p_stdv_TPM    p_W_1t_TPM    p_W_2t_TPM
137701_South_Shetlands      19.90      6.28    0.74135      0.114997      0.320290      0.042425      0.084850
W9165_mum                20.00      6.10    0.72928      0.119224      0.212154      0.081240      0.162480
A1055_Bouvetoya          19.90      5.82    0.70457      0.114400      0.128862      0.043731      0.087463
MIAGM13128_Marion_island      19.95      6.10    0.74010      0.056542      0.043847      0.005098      0.010195
MI1665_Macquarie         19.90      5.10    0.68541      0.185960      0.074332      0.021425      0.042850
Population              mean_N    mean_k    mean_He    p_sign_TPM    p_stdv_TPM    p_W_1t_TPM    p_W_2t_TPM
137704_South_Shetlands      19.74      5.90    0.72127      0.503074      0.481998      0.399256      0.798511
W9164_pup                19.95      6.00    0.73034      0.199369      0.103671      0.071132      0.142264
BI16_Bouvetoya           19.90      5.77    0.72317      0.055907      0.002616      0.000109      0.000218
CI40_Crozet              19.95      6.13    0.71887      0.429425      0.480071      0.209250      0.418500
MI2270_Macquarie         19.79      5.49    0.69440      0.286783      0.309351      0.081240      0.162480
Population              mean_N    mean_k    mean_He    p_sign_TPM    p_stdv_TPM    p_W_1t_TPM    p_W_2t_TPM
137692_South_Shetlands      20.00      6.23    0.72470      0.543771      0.417975      0.312005      0.624010
W6545                    19.59      5.92    0.72566      0.413773      0.231204      0.092369      0.184738
BI2_Bouvetoya            19.95      6.10    0.71659      0.316197      0.032457      0.010356      0.020712
CI25_Crozet              19.90      6.38    0.72022      0.297038      0.498502      0.127430      0.254859
MI2258_Macquarie         19.44      5.49    0.70448      0.205679      0.163260      0.039904      0.079809
Population              mean_N    mean_k    mean_He    p_sign_TPM    p_stdv_TPM    p_W_1t_TPM    p_W_2t_TPM
137709_South_Shetlands      20.00      6.08    0.72065      0.421804      0.335694      0.090060      0.180119
W9175_pup                19.95      6.18    0.72021      0.487867      0.495933      0.287868      0.575736
A1070_Bouvetoya          19.69      5.92    0.71298      0.331613      0.263781      0.115807      0.231613
MIAGM13141_Marion_island      19.90      5.82    0.70987      0.340617      0.094493      0.043564      0.087128
MI1666_Macquarie         19.38      5.46    0.69813      0.014755      0.062431      0.004570      0.009139
Population              mean_N    mean_k    mean_He    p_sign_TPM    p_stdv_TPM    p_W_1t_TPM    p_W_2t_TPM
137715_South_Shetlands      19.59      6.00    0.72305      0.559550      0.192927      0.102035      0.204070
W9165_pup                19.95      6.08    0.71266      0.336800      0.226822      0.431538      0.863076
A1066_Bouvetoya          19.90      5.77    0.70838      0.267861      0.062837      0.011192      0.022383
CI38_Crozet              19.90      6.23    0.73340      0.143846      0.035604      0.010784      0.021568
MI2270_Macquarie         19.90      5.23    0.68650      0.263453      0.157039      0.033049      0.066098
Population              mean_N    mean_k    mean_He    p_sign_TPM    p_stdv_TPM    p_W_1t_TPM    p_W_2t_TPM
137699_South_Shetlands      19.64      5.87    0.72099      0.330387      0.155998      0.081240      0.162480
W9172_mum                19.64      6.18    0.73705      0.023677      0.022308      0.003459      0.006918
BI21_Bouvetoya           19.79      5.49    0.68877      0.448402      0.434955      0.255802      0.511604
MIAGM13140_Marion_island      19.90      6.21    0.73071      0.434284      0.313285      0.283250      0.566500
MI2248_Macquarie         19.59      5.49    0.71497      0.189076      0.106948      0.026283      0.052567
Population              mean_N    mean_k    mean_He    p_sign_TPM    p_stdv_TPM    p_W_1t_TPM    p_W_2t_TPM
137706_South_Shetlands      20.00      6.18    0.71835      0.424988      0.456107      0.238288      0.476577
W9163_mum                20.00      6.03    0.72213      0.397122      0.342040      0.104818      0.209636
BI24_Bouvetoya           19.79      5.69    0.69979      0.038085      0.050022      0.018532      0.037064
MIAGM13070_Marion_island      19.69      6.05    0.71420      0.433124      0.236558      0.178699      0.357397
MI2253_Macquarie         19.79      5.51    0.69410      0.485996      0.156662      0.049324      0.098649
Population              mean_N    mean_k    mean_He    p_sign_TPM    p_stdv_TPM    p_W_1t_TPM    p_W_2t_TPM
137696_South_Shetlands      19.90      6.15    0.72780      0.449514      0.428868      0.352130      0.704261
W9163_pup                19.79      5.85    0.69962      0.237974      0.172425      0.637559      0.735266
BI17_Bouvetoya           19.79      5.82    0.71824      0.209313      0.014160      0.001337      0.002675
CI28_Crozet              19.90      6.23    0.72861      0.128659      0.096753      0.053785      0.107569
MI2258_Macquarie         19.79      5.38    0.68682      0.137410      0.197528      0.072192      0.144384
Population              mean_N    mean_k    mean_He    p_sign_TPM    p_stdv_TPM    p_W_1t_TPM    p_W_2t_TPM
137710_South_Shetlands      19.90      6.00    0.70621      0.396429      0.388749      0.370786      0.741572
W9175_mum                19.85      5.92    0.70923      0.235612      0.102859      0.070192      0.140385
BI6_Bouvetoya            19.95      5.79    0.72677      0.076808      0.011675      0.002998      0.005996
CI29_Crozet              19.95      5.90    0.72418      0.163526      0.076145      0.006245      0.012491
MI2255_Macquarie         19.85      5.33    0.68631      0.479040      0.430191      0.269355      0.538709
Population              mean_N    mean_k    mean_He    p_sign_TPM    p_stdv_TPM    p_W_1t_TPM    p_W_2t_TPM
137708_South_Shetlands      19.90      6.59    0.76178      0.210615      0.120125      0.026283      0.052567
W6529/29                 19.74      5.92    0.71912      0.186556      0.033728      0.008406      0.016812
A1100_Bouvetoya          20.00      5.67    0.70270      0.074268      0.020435      0.007423      0.014845
MIAGM13123_Marion_island      20.00      5.90    0.71350      0.023479      0.056558      0.031509      0.063017
MI1623_Macquarie         19.59      5.41    0.71533      0.018124      0.015998      0.000968      0.001936
Population              mean_N    mean_k    mean_He    p_sign_TPM    p_stdv_TPM    p_W_1t_TPM    p_W_2t_TPM
137722_South_Shetlands      20.00      6.18    0.72874      0.105124      0.277720      0.029995      0.059991
W9132_pup                19.54      5.72    0.70385      0.298323      0.062984      0.016779      0.033559
BI23_Bouvetoya           19.90      5.79    0.69499      0.170720      0.176862      0.055226      0.110452
CI28_Crozet              19.54      6.28    0.72949      0.121440      0.150354      0.107128      0.214257
MI1685_Macquarie         19.85      5.54    0.68492      0.430957      0.429920      0.214207      0.428414
Population              mean_N    mean_k    mean_He    p_sign_TPM    p_stdv_TPM    p_W_1t_TPM    p_W_2t_TPM
137721_South_Shetlands      19.95      6.00    0.70920      0.447227      0.342742      0.393934      0.787868
W9177_pup                19.85      6.05    0.72557      0.151755      0.017003      0.002998      0.005996
A1086_Bouvetoya          19.90      6.00    0.73608      0.047484      0.034801      0.002468      0.004935
CI23_Crozet              20.00      5.97    0.70702      0.452488      0.434420      0.376220      0.752440
MI2269_Macquarie         19.79      5.44    0.69207      0.097481      0.215900      0.027341      0.054682
Population              mean_N    mean_k    mean_He    p_sign_TPM    p_stdv_TPM    p_W_1t_TPM    p_W_2t_TPM
137714_South_Shetlands      20.00      5.95    0.71444      0.236351      0.135895      0.042210      0.084421
W6527/27                 19.74      6.03    0.72926      0.037446      0.019892      0.004365      0.008731
A1079_Bouvetoya          19.54      5.64    0.69716      0.517287      0.142165      0.029940      0.059879
CI24_Crozet              19.85      5.77    0.71150      0.091572      0.050973      0.034770      0.069541
MI2256_Macquarie         19.85      5.49    0.69246      0.463398      0.405151      0.480745      0.961490
Population              mean_N    mean_k    mean_He    p_sign_TPM    p_stdv_TPM    p_W_1t_TPM    p_W_2t_TPM
137716_South_Shetlands      19.90      6.31    0.72791      0.352109      0.315164      0.089750      0.179501
W9134_pup                19.79      5.97    0.73577      0.002576      0.002230      0.000654      0.001308
BI5_Bouvetoya            19.64      5.74    0.72081      0.054442      0.016541      0.003581      0.007162
CI34_Crozet              20.00      6.08    0.72132      0.122041      0.069651      0.019980      0.039961
MI2270_Macquarie         19.69      5.31    0.68692      0.182131      0.071524      0.019587      0.039175
Population              mean_N    mean_k    mean_He    p_sign_TPM    p_stdv_TPM    p_W_1t_TPM    p_W_2t_TPM
137702_South_Shetlands      19.64      6.44    0.72503      0.411455      0.428807      0.464274      0.928548
W9167_pup                19.74      6.00    0.70232      0.300087      0.140568      0.049324      0.098649
A1055_Bouvetoya          19.79      5.85    0.70158      0.544220      0.399370      0.273324      0.546649
MIAGM13124_Marion_island      20.00      6.05    0.71754      0.177732      0.164073      0.030422      0.060845
MI2262_Macquarie         19.74      5.28    0.67385      0.320926      0.327585      0.362441      0.724881
Population              mean_N    mean_k    mean_He    p_sign_TPM    p_stdv_TPM    p_W_1t_TPM    p_W_2t_TPM
137716_South_Shetlands      19.79      6.23    0.72600      0.368571      0.460483      0.249904      0.499808
W9177_mum                19.49      6.31    0.73121      0.101893      0.419303      0.077077      0.154154
BI12_Bouvetoya           19.69      5.67    0.72418      0.112264      0.015199      0.002537      0.005074
MIAGM13137_Marion_island      19.90      6.05    0.72520      0.012438      0.039897      0.000852      0.001705
MI2270_Macquarie         19.90      5.41    0.69643      0.049657      0.120661      0.016132      0.032265
Population              mean_N    mean_k    mean_He    p_sign_TPM    p_stdv_TPM    p_W_1t_TPM    p_W_2t_TPM
137712_South_Shetlands      19.64      6.15    0.73243      0.291980      0.387188      0.161078      0.322156
W9134_mum                19.90      5.85    0.70675      0.432886      0.433488      0.255802      0.511604
BI5_Bouvetoya            19.90      5.85    0.70138      0.353977      0.100338      0.074235      0.148469
MIAGM13130_Marion_island      19.95      6.13    0.72134      0.500847      0.358196      0.259146      0.518291
MI2252_Macquarie         19.74      5.21    0.68180      0.111874      0.098030      0.009049      0.018098
Population              mean_N    mean_k    mean_He    p_sign_TPM    p_stdv_TPM    p_W_1t_TPM    p_W_2t_TPM
137700_South_Shetlands      19.90      6.08    0.73865      0.202156      0.027917      0.000734      0.001468
W9167_pup                19.90      6.18    0.73728      0.295252      0.060096      0.006305      0.012611
A1075_Bouvetoya          19.85      5.77    0.72403      0.039992      0.010313      0.000207      0.000414
MIAGM13127_Marion_island      19.95      6.13    0.72089      0.278567      0.477004      0.352130      0.704261
MI2262_Macquarie         19.85      5.59    0.69369      0.193462      0.199902      0.051875      0.103749
Population              mean_N    mean_k    mean_He    p_sign_TPM    p_stdv_TPM    p_W_1t_TPM    p_W_2t_TPM
137720_South_Shetlands      19.85      6.41    0.73411      0.400441      0.296713      0.120638      0.241276
W9133_mum                19.79      5.97    0.72329      0.002043      0.028479      0.000461      0.000923
BI16_Bouvetoya           19.95      5.64    0.69800      0.021118      0.089387      0.009943      0.019885
CI23_Crozet              19.95      6.08    0.72683      0.190681      0.029456      0.004168      0.008336
MI2264_Macquarie         19.79      5.38    0.68964      0.253456      0.275063      0.074235      0.148469
Population              mean_N    mean_k    mean_He    p_sign_TPM    p_stdv_TPM    p_W_1t_TPM    p_W_2t_TPM
137675_South_Shetlands      19.64      6.13    0.73412      0.325375      0.117035      0.017332      0.034665
W6558_pup                19.95      6.03    0.70362      0.426628      0.348303      0.383349      0.766699
A1100_Bouvetoya          19.74      5.69    0.69545      0.560133      0.205835      0.121590      0.243181
CI22_Crozet              19.79      6.44    0.73992      0.122882      0.161973      0.024573      0.049146
MI2265_Macquarie         19.85      5.31    0.68063      0.391051      0.477616      0.282981      0.565961
Population              mean_N    mean_k    mean_He    p_sign_TPM    p_stdv_TPM    p_W_1t_TPM    p_W_2t_TPM
137701_South_Shetlands      19.74      6.51    0.74720      0.235439      0.157870      0.085567      0.171134
W9167_mum                19.79      6.13    0.73480      0.286993      0.076142      0.016718      0.033436
A1093_Bouvetoya          19.69      5.82    0.71643      0.048495      0.094188      0.026525      0.053049
CI31_Crozet              19.85      6.10    0.72898      0.166317      0.013672      0.001922      0.003844
MI2261_Macquarie         19.95      5.54    0.68712      0.300141      0.190312      0.056963      0.113925
Population              mean_N    mean_k    mean_He    p_sign_TPM    p_stdv_TPM    p_W_1t_TPM    p_W_2t_TPM
137696_South_Shetlands      19.85      6.26    0.74131      0.055573      0.022055      0.002044      0.004087
SG28_South_Georgia       19.54      5.87    0.69662      0.550665      0.344761      0.607337      0.796376
A1074_Bouvetoya          19.90      5.59    0.70703      0.220988      0.087846      0.028419      0.056839
CI29_Crozet              20.00      5.87    0.71781      0.316739      0.214804      0.182360      0.364720
MI2256_Macquarie         19.85      5.21    0.68003      0.149625      0.460123      0.072192      0.144384
Population              mean_N    mean_k    mean_He    p_sign_TPM    p_stdv_TPM    p_W_1t_TPM    p_W_2t_TPM
137706_South_Shetlands      19.74      6.23    0.72280      0.300998      0.294508      0.115100      0.230200
W9173_mum                19.85      6.31    0.73905      0.060582      0.064716      0.007143      0.014285
BI25_Bouvetoya           19.79      5.85    0.72228      0.219776      0.118270      0.087792      0.175584
CI22_Crozet              20.00      5.97    0.71889      0.004100      0.019986      0.000440      0.000881
MI1666_Macquarie         19.85      5.36    0.68380      0.297354      0.269942      0.205552      0.411105
Population              mean_N    mean_k    mean_He    p_sign_TPM    p_stdv_TPM    p_W_1t_TPM    p_W_2t_TPM
137712_South_Shetlands      19.64      6.23    0.72706      0.429859      0.442242      0.164510      0.329021
SG25_South_Georgia       19.95      6.13    0.72862      0.312527      0.194352      0.069229      0.138457
BI22_Bouvetoya           19.85      6.05    0.72328      0.245289      0.086711      0.019946      0.039893
CI34_Crozet              19.95      6.00    0.71464      0.247686      0.345049      0.057339      0.114678
MI1625_Macquarie         19.79      5.28    0.69278      0.281351      0.088743      0.042425      0.084850
Population              mean_N    mean_k    mean_He    p_sign_TPM    p_stdv_TPM    p_W_1t_TPM    p_W_2t_TPM
137717_South_Shetlands      19.90      6.21    0.73696      0.066094      0.184079      0.010658      0.021316
W6545                    19.64      6.13    0.73249      0.312368      0.295625      0.171513      0.343026
A1019_Bouvetoya          19.85      5.46    0.69746      0.062774      0.051134      0.005793      0.011587
CI5_Crozet               19.85      6.13    0.71442      0.508027      0.219260      0.163985      0.327971
MI1621_Macquarie         19.69      5.26    0.68690      0.140634      0.023328      0.015356      0.030713
Population              mean_N    mean_k    mean_He    p_sign_TPM    p_stdv_TPM    p_W_1t_TPM    p_W_2t_TPM
137715_South_Shetlands      19.90      6.10    0.72288      0.546677      0.462765      0.167989      0.335977
W6545                    19.49      6.38    0.72828      0.446041      0.398249      0.321856      0.643713
A1058_Bouvetoya          19.95      5.56    0.70572      0.295001      0.079443      0.049277      0.098554
MIAGM13123_Marion_island      19.79      5.90    0.70390      0.569566      0.218826      0.137146      0.274291
MI1613_Macquarie         19.79      5.56    0.70781      0.223739      0.129517      0.038347      0.076694
Population              mean_N    mean_k    mean_He    p_sign_TPM    p_stdv_TPM    p_W_1t_TPM    p_W_2t_TPM
137721_South_Shetlands      19.85      6.13    0.73481      0.132250      0.193765      0.023752      0.047505
W9136_pup                19.74      6.13    0.73706      0.055791      0.029682      0.004882      0.009763
A1062_Bouvetoya          19.79      5.74    0.70605      0.029270      0.025682      0.009475      0.018950
CI21_Crozet              19.85      5.82    0.72080      0.093965      0.065077      0.016567      0.033135
MI2246_Macquarie         19.69      5.28    0.68877      0.049703      0.046068      0.023752      0.047505
Population              mean_N    mean_k    mean_He    p_sign_TPM    p_stdv_TPM    p_W_1t_TPM    p_W_2t_TPM
137717_South_Shetlands      19.95      6.44    0.73211      0.443225      0.319964      0.175083      0.350166
W9177_pup                19.64      6.05    0.72238      0.019700      0.121505      0.007745      0.015490
BI8_Bouvetoya            19.90      6.00    0.72018      0.476089      0.285428      0.150049      0.300097
MIAGM13142_Marion_island      20.00      6.10    0.71984      0.406356      0.344407      0.189818      0.379637
MI2270_Macquarie         19.49      4.95    0.67666      0.036758      0.032151      0.003145      0.006291
Population              mean_N    mean_k    mean_He    p_sign_TPM    p_stdv_TPM    p_W_1t_TPM    p_W_2t_TPM
137720_South_Shetlands      19.69      6.49    0.73635      0.038267      0.381442      0.409953      0.819906
W6515/15                 19.85      6.28    0.74075      0.319121      0.086591      0.012428      0.024856
A1009_Bouvetoya          19.85      5.90    0.69986      0.308250      0.121976      0.031059      0.062118
CI22_Crozet              19.90      5.95    0.71225      0.225165      0.397646      0.163985      0.327971
MI2261_Macquarie         19.85      5.67    0.69588      0.560374      0.220973      0.082835      0.165670
Population              mean_N    mean_k    mean_He    p_sign_TPM    p_stdv_TPM    p_W_1t_TPM    p_W_2t_TPM
137714_South_Shetlands      19.95      6.36    0.74888      0.122745      0.115381      0.034121      0.068242
ATP34                    19.85      6.05    0.70938      0.214032      0.143948      0.786731      0.434664
A1080_Bouvetoya          19.95      5.97    0.71813      0.197435      0.038044      0.006065      0.012131
MIAGM13128_Marion_island      19.95      6.00    0.72097      0.080130      0.037075      0.008426      0.016852
MI2250_Macquarie         19.90      5.56    0.69641      0.523170      0.472640      0.225587      0.451174
Population              mean_N    mean_k    mean_He    p_sign_TPM    p_stdv_TPM    p_W_1t_TPM    p_W_2t_TPM
137697_South_Shetlands      20.00      6.26    0.73711      0.415929      0.307823      0.081240      0.162480
W6528/28                 19.90      5.95    0.72332      0.015287      0.009693      0.002718      0.005436
A1076_Bouvetoya          20.00      5.92    0.71565      0.011716      0.014216      0.004168      0.008336
CI29_Crozet              19.79      5.97    0.72359      0.184441      0.185815      0.052248      0.104496
MI2246_Macquarie         19.69      5.38    0.71579      0.297490      0.064295      0.035220      0.070440
Population              mean_N    mean_k    mean_He    p_sign_TPM    p_stdv_TPM    p_W_1t_TPM    p_W_2t_TPM
137686_South_Shetlands      19.90      6.41    0.73155      0.109143      0.218744      0.046439      0.092879
W9134_mum                19.85      5.79    0.70446      0.250203      0.174677      0.089750      0.179501
A1098_Bouvetoya          19.69      5.85    0.71603      0.329674      0.047828      0.029407      0.058814
CI29_Crozet              19.74      6.26    0.73569      0.331900      0.172642      0.112398      0.224797
MI2265_Macquarie         19.95      5.15    0.67262      0.080927      0.315187      0.146689      0.293377
Population              mean_N    mean_k    mean_He    p_sign_TPM    p_stdv_TPM    p_W_1t_TPM    p_W_2t_TPM
137709_South_Shetlands      19.85      6.15    0.72268      0.384538      0.224755      0.068234      0.136468
W6530/30                 19.64      5.97    0.72647      0.197301      0.058580      0.020692      0.041384
BI7_Bouvetoya            19.95      6.05    0.71594      0.047614      0.342398      0.331832      0.663664
MIAGM13116_Marion_island      19.85      6.23    0.73500      0.194796      0.065091      0.015544      0.031088
MI2269_Macquarie         19.95      5.51    0.69320      0.070604      0.327383      0.112398      0.224797
