Population              mean_N    mean_k    mean_He    p_sign_TPM    p_stdv_TPM    p_W_1t_TPM    p_W_2t_TPM
137716_South_Shetlands      19.85      6.10    0.71067      0.497424      0.457395      0.349309      0.698618
W6531/31_pup             19.79      6.26    0.75166      0.000674      0.003285      0.000070      0.000141
A1094_Bouvetoya          19.49      5.85    0.72276      0.168970      0.056667      0.008785      0.017571
CI38_Crozet              19.95      6.03    0.71102      0.111443      0.030458      0.001013      0.002026
MI2269_Macquarie         19.79      5.44    0.69174      0.472499      0.359061      0.182360      0.364720
Population              mean_N    mean_k    mean_He    p_sign_TPM    p_stdv_TPM    p_W_1t_TPM    p_W_2t_TPM
137698_South_Shetlands      19.90      6.33    0.72575      0.525460      0.239256      0.307127      0.614255
W9168_mum                19.69      5.74    0.71679      0.181919      0.313937      0.161078      0.322156
A1016_Bouvetoya          19.90      5.92    0.70817      0.092173      0.055273      0.019647      0.039295
CI34_Crozet              20.00      5.95    0.70499      0.440789      0.332856      0.140491      0.280982
MI1675_Macquarie         19.23      5.69    0.71431      0.118504      0.095328      0.006643      0.013285
Population              mean_N    mean_k    mean_He    p_sign_TPM    p_stdv_TPM    p_W_1t_TPM    p_W_2t_TPM
137716_South_Shetlands      19.90      5.92    0.72990      0.282724      0.220959      0.029030      0.058060
W9132_pup                19.85      6.08    0.71082      0.455404      0.419144      0.388632      0.777263
BI16_Bouvetoya           19.95      5.85    0.70159      0.307710      0.181789      0.055226      0.110452
MIAGM13130_Marion_island      20.00      5.74    0.71242      0.083341      0.040869      0.046374      0.092749
MI2267_Macquarie         19.79      5.44    0.72298      0.033347      0.005208      0.002145      0.004289
Population              mean_N    mean_k    mean_He    p_sign_TPM    p_stdv_TPM    p_W_1t_TPM    p_W_2t_TPM
137721_South_Shetlands      19.90      6.23    0.72893      0.477946      0.393485      0.269355      0.538709
W9134_mum                19.85      5.85    0.71984      0.112162      0.156063      0.075056      0.150111
BI14_Bouvetoya           19.85      5.77    0.70715      0.360659      0.223648      0.130632      0.261265
CI28_Crozet              19.95      5.95    0.72155      0.028228      0.018531      0.000301      0.000602
MI2249_Macquarie         19.74      5.49    0.69221      0.519545      0.170226      0.054021      0.108042
Population              mean_N    mean_k    mean_He    p_sign_TPM    p_stdv_TPM    p_W_1t_TPM    p_W_2t_TPM
137715_South_Shetlands      19.74      6.33    0.72087      0.206371      0.188300      0.663136      0.683851
W6526/26_pup             19.85      6.03    0.71760      0.030174      0.025372      0.000852      0.001705
A1081_Bouvetoya          19.79      5.87    0.71272      0.126457      0.051780      0.003145      0.006291
CI28_Crozet              19.95      6.05    0.72175      0.295162      0.422593      0.097116      0.194231
MI2270_Macquarie         19.49      5.33    0.70364      0.033518      0.007057      0.003299      0.006598
Population              mean_N    mean_k    mean_He    p_sign_TPM    p_stdv_TPM    p_W_1t_TPM    p_W_2t_TPM
137695_South_Shetlands      19.95      6.46    0.73524      0.434670      0.443602      0.182360      0.364720
W9172_mum                19.79      6.00    0.73696      0.013202      0.016140      0.002848      0.005696
BI24_Bouvetoya           19.85      5.82    0.70083      0.498726      0.354766      0.202281      0.404563
CI23_Crozet              20.00      6.05    0.72632      0.091715      0.149704      0.023876      0.047753
MI2270_Macquarie         19.95      5.31    0.70252      0.089823      0.030629      0.008785      0.017571
Population              mean_N    mean_k    mean_He    p_sign_TPM    p_stdv_TPM    p_W_1t_TPM    p_W_2t_TPM
137720_South_Shetlands      19.95      6.41    0.72924      0.183671      0.257153      0.045069      0.090139
W9138_mum                19.79      6.03    0.71253      0.520828      0.185165      0.057339      0.114678
A1084_Bouvetoya          19.90      5.69    0.69997      0.401422      0.111652      0.047146      0.094292
CI34_Crozet              19.79      6.08    0.73612      0.072619      0.035299      0.003581      0.007162
MI2270_Macquarie         19.85      5.28    0.69267      0.043406      0.039590      0.017857      0.035713
Population              mean_N    mean_k    mean_He    p_sign_TPM    p_stdv_TPM    p_W_1t_TPM    p_W_2t_TPM
137719_South_Shetlands      19.23      6.49    0.72343      0.175080      0.398310      0.426089      0.852178
W6701/01                 19.74      6.10    0.73078      0.232673      0.084385      0.012428      0.024856
A1079_Bouvetoya          19.90      5.67    0.71144      0.070030      0.121898      0.014983      0.029967
CI30_Crozet              19.90      5.95    0.72238      0.060354      0.129285      0.011964      0.023927
MI2265_Macquarie         19.90      5.33    0.68174      0.352678      0.342008      0.042210      0.084421
Population              mean_N    mean_k    mean_He    p_sign_TPM    p_stdv_TPM    p_W_1t_TPM    p_W_2t_TPM
137665_South_Shetlands      19.90      6.36    0.71847      0.485028      0.271107      0.376220      0.752440
W9167_mum                19.44      6.38    0.72509      0.048859      0.427865      0.590047      0.830654
A1090_Bouvetoya          19.95      5.67    0.70424      0.202752      0.099153      0.052248      0.104496
MIAGM13120_Marion_island      19.74      6.15    0.73010      0.225006      0.061387      0.007745      0.015490
MI2254_Macquarie         19.85      5.33    0.70396      0.001849      0.013019      0.000182      0.000365
Population              mean_N    mean_k    mean_He    p_sign_TPM    p_stdv_TPM    p_W_1t_TPM    p_W_2t_TPM
137723_South_Shetlands      19.95      6.28    0.73390      0.125975      0.394319      0.217332      0.434664
W6528/28                 19.79      5.82    0.71455      0.036772      0.382939      0.138340      0.276680
A1073_Bouvetoya          19.90      5.77    0.71194      0.099859      0.038636      0.010356      0.020712
MIAGM13143_Marion_island      19.95      6.38    0.72261      0.470326      0.484838      0.404596      0.809191
MI2259_Macquarie         19.69      5.05    0.69652      0.064945      0.014055      0.001681      0.003361
Population              mean_N    mean_k    mean_He    p_sign_TPM    p_stdv_TPM    p_W_1t_TPM    p_W_2t_TPM
137718_South_Shetlands      19.85      6.18    0.74768      0.116563      0.044031      0.009107      0.018213
W9178_pup                19.64      6.23    0.72088      0.067652      0.075205      0.858550      0.289213
BI7_Bouvetoya            19.95      6.05    0.71850      0.040743      0.053479      0.014221      0.028441
CI30_Crozet              19.69      5.92    0.72885      0.312887      0.073665      0.009856      0.019713
MI2262_Macquarie         19.90      5.28    0.68718      0.177744      0.112369      0.047842      0.095683
Population              mean_N    mean_k    mean_He    p_sign_TPM    p_stdv_TPM    p_W_1t_TPM    p_W_2t_TPM
137711_South_Shetlands      19.85      5.90    0.70991      0.011329      0.037523      0.001521      0.003043
W6532/32_pup             19.95      5.79    0.71405      0.155681      0.131444      0.044952      0.089904
A1072_Bouvetoya          19.79      5.85    0.70148      0.130327      0.370527      0.273949      0.547898
CI32_Crozet              19.90      5.69    0.71120      0.146936      0.072457      0.029407      0.058814
MI2264_Macquarie         20.00      5.38    0.69474      0.329017      0.425941      0.362441      0.724881
Population              mean_N    mean_k    mean_He    p_sign_TPM    p_stdv_TPM    p_W_1t_TPM    p_W_2t_TPM
137717_South_Shetlands      20.00      6.38    0.72888      0.302038      0.251020      0.087792      0.175584
W5737/38                 19.74      6.08    0.72133      0.391834      0.269503      0.129284      0.258568
A1094_Bouvetoya          19.90      5.85    0.70600      0.542832      0.419132      0.372849      0.745698
CI21_Crozet              19.95      6.13    0.73365      0.147230      0.224148      0.085567      0.171134
MI2260_Macquarie         19.79      5.54    0.69919      0.015301      0.312498      0.033049      0.066098
Population              mean_N    mean_k    mean_He    p_sign_TPM    p_stdv_TPM    p_W_1t_TPM    p_W_2t_TPM
137723_South_Shetlands      19.85      6.36    0.73345      0.220353      0.253652      0.083383      0.166766
W9165_pup                19.95      5.90    0.70674      0.011593      0.015370      0.000563      0.001126
BI3_Bouvetoya            19.90      5.85    0.71840      0.022391      0.030340      0.013680      0.027359
CI5_Crozet               19.79      6.13    0.73539      0.127240      0.087582      0.055356      0.110712
MI1613_Macquarie         19.79      5.15    0.68809      0.383305      0.112225      0.092146      0.184292
Population              mean_N    mean_k    mean_He    p_sign_TPM    p_stdv_TPM    p_W_1t_TPM    p_W_2t_TPM
137687_South_Shetlands      20.00      6.51    0.73954      0.447107      0.168525      0.109741      0.219482
W6701/01                 19.95      6.15    0.71417      0.541398      0.302610      0.123475      0.246950
BI3_Bouvetoya            20.00      5.92    0.72092      0.146973      0.135598      0.047832      0.095663
CI27_Crozet              19.79      6.15    0.73205      0.013911      0.015771      0.004674      0.009348
MI2250_Macquarie         19.44      5.33    0.67669      0.558901      0.144366      0.102190      0.204380
Population              mean_N    mean_k    mean_He    p_sign_TPM    p_stdv_TPM    p_W_1t_TPM    p_W_2t_TPM
137701_South_Shetlands      19.85      6.31    0.74793      0.035922      0.183334      0.037504      0.075008
W9134_mum                19.90      5.92    0.71392      0.445961      0.489925      0.453325      0.906650
BI18_Bouvetoya           19.85      5.46    0.69971      0.001660      0.004521      0.000093      0.000186
MIAGM13137_Marion_island      19.95      6.08    0.72492      0.172524      0.092977      0.042210      0.084421
MI2270_Macquarie         19.90      5.56    0.70506      0.139674      0.032455      0.010356      0.020712
Population              mean_N    mean_k    mean_He    p_sign_TPM    p_stdv_TPM    p_W_1t_TPM    p_W_2t_TPM
137720_South_Shetlands      19.69      6.44    0.75631      0.077173      0.117162      0.036348      0.072695
ATP04                    19.74      5.95    0.72709      0.325355      0.146981      0.036348      0.072695
BI25_Bouvetoya           19.79      5.54    0.69502      0.387223      0.200833      0.099554      0.199107
MIAGM13143_Marion_island      19.54      5.97    0.72781      0.438046      0.065911      0.021425      0.042850
MI2251_Macquarie         19.90      5.28    0.69414      0.018948      0.074896      0.009158      0.018315
Population              mean_N    mean_k    mean_He    p_sign_TPM    p_stdv_TPM    p_W_1t_TPM    p_W_2t_TPM
137718_South_Shetlands      19.64      6.18    0.72589      0.289093      0.343133      0.161078      0.322156
W6510/10_pup             19.95      6.00    0.71154      0.349685      0.078850      0.033639      0.067279
A1027_Bouvetoya          19.74      5.69    0.70879      0.010786      0.006440      0.000076      0.000152
MIAGM13134_Marion_island      19.95      6.10    0.69045      0.533294      0.119200      0.640006      0.730753
MI1598_Macquarie         19.85      5.26    0.67548      0.526854      0.373150      0.357273      0.714546
Population              mean_N    mean_k    mean_He    p_sign_TPM    p_stdv_TPM    p_W_1t_TPM    p_W_2t_TPM
137712_South_Shetlands      19.33      6.13    0.70719      0.533719      0.459730      0.249904      0.499808
W6536/36_FWB_pup         19.90      5.95    0.71900      0.268514      0.231222      0.097116      0.194231
A1089_Bouvetoya          19.69      6.00    0.72240      0.087581      0.137348      0.033639      0.067279
CI5_Crozet               19.79      6.13    0.70070      0.280514      0.387034      0.169188      0.338376
MI2261_Macquarie         19.74      5.64    0.70339      0.474593      0.169839      0.072192      0.144384
Population              mean_N    mean_k    mean_He    p_sign_TPM    p_stdv_TPM    p_W_1t_TPM    p_W_2t_TPM
137633_South_Shetlands      20.00      6.62    0.73927      0.436628      0.267847      0.135276      0.270551
W9178_mum                19.64      5.85    0.71140      0.177673      0.217316      0.085890      0.171780
BI6_Bouvetoya            19.90      5.67    0.71652      0.161766      0.043181      0.002349      0.004697
CI40_Crozet              19.90      6.05    0.72849      0.024858      0.019846      0.002954      0.005908
MI1503_Macquarie         19.59      5.28    0.67883      0.251719      0.343940      0.436968      0.873937
Population              mean_N    mean_k    mean_He    p_sign_TPM    p_stdv_TPM    p_W_1t_TPM    p_W_2t_TPM
137722_South_Shetlands      19.85      6.15    0.71387      0.182407      0.477088      0.132257      0.264514
W9163_pup                19.90      5.97    0.71214      0.111849      0.213072      0.087792      0.175584
A1026_Bouvetoya          19.74      5.72    0.71239      0.135790      0.125713      0.019946      0.039893
CI32_Crozet              19.95      6.23    0.71739      0.522151      0.249985      0.087400      0.174800
MI2264_Macquarie         19.90      5.51    0.71080      0.160317      0.056210      0.011227      0.022454
Population              mean_N    mean_k    mean_He    p_sign_TPM    p_stdv_TPM    p_W_1t_TPM    p_W_2t_TPM
137706_South_Shetlands      19.90      6.31    0.72407      0.122060      0.140569      0.017965      0.035930
W9167_pup                19.74      6.18    0.72226      0.507383      0.290088      0.217332      0.434664
BI3_Bouvetoya            20.00      5.87    0.71228      0.054102      0.033650      0.012162      0.024323
MIAGM13128_Marion_island      19.69      5.92    0.70701      0.167564      0.296085      0.115100      0.230200
MI2246_Macquarie         19.64      5.46    0.68888      0.491853      0.481581      0.323119      0.646237
Population              mean_N    mean_k    mean_He    p_sign_TPM    p_stdv_TPM    p_W_1t_TPM    p_W_2t_TPM
137716_South_Shetlands      20.00      6.23    0.70918      0.101582      0.335376      0.448681      0.897361
W9167_pup                19.74      6.15    0.70577      0.118721      0.486191      0.398188      0.796376
BI18_Bouvetoya           19.90      5.79    0.71715      0.281833      0.189035      0.071132      0.142264
CI25_Crozet              19.90      6.18    0.72064      0.430536      0.225675      0.154410      0.308820
MI2255_Macquarie         19.49      5.05    0.67176      0.036780      0.134821      0.055661      0.111322
Population              mean_N    mean_k    mean_He    p_sign_TPM    p_stdv_TPM    p_W_1t_TPM    p_W_2t_TPM
137702_South_Shetlands      19.69      6.28    0.74456      0.226432      0.082606      0.037504      0.075008
W13                      19.74      6.21    0.72164      0.551740      0.389256      0.326829      0.653658
A1079_Bouvetoya          19.95      5.56    0.70910      0.012181      0.010677      0.003106      0.006212
CI40_Crozet              19.95      6.05    0.74062      0.031660      0.012699      0.001447      0.002894
MI2270_Macquarie         19.90      5.33    0.70049      0.331161      0.036282      0.005720      0.011439
Population              mean_N    mean_k    mean_He    p_sign_TPM    p_stdv_TPM    p_W_1t_TPM    p_W_2t_TPM
137686_South_Shetlands      19.79      6.21    0.73107      0.306007      0.075928      0.027174      0.054348
W6537                    19.85      6.15    0.72833      0.014199      0.129002      0.012428      0.024856
A1078_Bouvetoya          19.79      5.59    0.69325      0.327351      0.095048      0.076709      0.153418
CI34_Crozet              19.95      6.08    0.72867      0.316499      0.170800      0.115100      0.230200
MI2270_Macquarie         19.85      5.36    0.70256      0.033743      0.064531      0.009943      0.019885
Population              mean_N    mean_k    mean_He    p_sign_TPM    p_stdv_TPM    p_W_1t_TPM    p_W_2t_TPM
137719_South_Shetlands      19.74      6.28    0.74313      0.018545      0.033177      0.004096      0.008191
W9136_mum                19.79      6.08    0.72557      0.055514      0.227445      0.025416      0.050833
A1097_Bouvetoya          19.95      5.74    0.70420      0.173426      0.014677      0.003422      0.006844
CI27_Crozet              19.79      5.95    0.68861      0.389859      0.455429      0.236726      0.473451
MI2264_Macquarie         20.00      5.41    0.68920      0.168263      0.270760      0.036348      0.072695
Population              mean_N    mean_k    mean_He    p_sign_TPM    p_stdv_TPM    p_W_1t_TPM    p_W_2t_TPM
137705_South_Shetlands      19.95      6.15    0.72598      0.563669      0.165872      0.094721      0.189442
W9170_mum                19.64      6.13    0.71279      0.300737      0.127245      0.053530      0.107060
BI24_Bouvetoya           19.64      5.90    0.71940      0.057709      0.108472      0.056962      0.113925
MIAGM13058_Marion_island      19.79      6.05    0.73494      0.531397      0.134607      0.027174      0.054348
MI1615_Macquarie         19.79      5.33    0.69953      0.190566      0.151531      0.036348      0.072695
Population              mean_N    mean_k    mean_He    p_sign_TPM    p_stdv_TPM    p_W_1t_TPM    p_W_2t_TPM
137696_South_Shetlands      19.95      6.46    0.73727      0.032478      0.052667      0.007442      0.014884
W6537/37_FWB_pup         19.95      6.21    0.73144      0.071729      0.111890      0.042425      0.084850
A1074_Bouvetoya          19.79      5.38    0.70125      0.043676      0.008780      0.001410      0.002819
MIAGM13133_Marion_island      19.59      6.33    0.73375      0.282525      0.404099      0.193615      0.387231
MI1642_Macquarie         19.49      5.26    0.69603      0.060013      0.283557      0.129284      0.258568
Population              mean_N    mean_k    mean_He    p_sign_TPM    p_stdv_TPM    p_W_1t_TPM    p_W_2t_TPM
137706_South_Shetlands      19.85      6.59    0.74217      0.115101      0.175913      0.658075      0.694029
W6548                    19.64      6.23    0.72918      0.565981      0.313874      0.094721      0.189442
A1054_Bouvetoya          19.79      5.90    0.72206      0.141265      0.147230      0.044952      0.089904
MIAGM13125_Marion_island      19.64      6.08    0.72185      0.537905      0.225079      0.151057      0.302114
MI1616_Macquarie         19.69      5.28    0.67245      0.489348      0.364498      0.283250      0.566500
Population              mean_N    mean_k    mean_He    p_sign_TPM    p_stdv_TPM    p_W_1t_TPM    p_W_2t_TPM
137702_South_Shetlands      19.74      6.21    0.72921      0.431661      0.462040      0.234013      0.468025
W6526/26_pup             19.90      5.97    0.70807      0.318477      0.442958      0.446643      0.893285
BI14_Bouvetoya           19.95      5.74    0.70660      0.154053      0.054225      0.018532      0.037064
MIAGM13059_Marion_island      19.59      6.36    0.73157      0.234294      0.481795      0.426121      0.852241
MI1620_Macquarie         19.85      5.18    0.68285      0.016453      0.022444      0.004365      0.008731
Population              mean_N    mean_k    mean_He    p_sign_TPM    p_stdv_TPM    p_W_1t_TPM    p_W_2t_TPM
137683_South_Shetlands      19.79      6.21    0.72708      0.324601      0.463139      0.326829      0.653658
W6518/18                 19.90      6.15    0.73296      0.019427      0.002666      0.000583      0.001166
BI19_Bouvetoya           19.95      5.46    0.71624      0.016844      0.002230      0.000363      0.000726
CI1_Crozet               19.90      6.23    0.72340      0.108930      0.056224      0.003971      0.007943
MI2262_Macquarie         19.74      5.18    0.70324      0.204420      0.074295      0.023752      0.047505
Population              mean_N    mean_k    mean_He    p_sign_TPM    p_stdv_TPM    p_W_1t_TPM    p_W_2t_TPM
137723_South_Shetlands      19.79      6.03    0.71831      0.325663      0.250122      0.073074      0.146148
W9170_mum                19.69      5.95    0.71418      0.344570      0.475981      0.297472      0.594945
A1087_Bouvetoya          19.69      5.69    0.71932      0.310429      0.152217      0.056962      0.113925
CI25_Crozet              19.95      6.26    0.73062      0.230680      0.096079      0.009107      0.018213
MI2267_Macquarie         19.85      5.54    0.67546      0.207283      0.129878      0.645356      0.720429
Population              mean_N    mean_k    mean_He    p_sign_TPM    p_stdv_TPM    p_W_1t_TPM    p_W_2t_TPM
137708_South_Shetlands      19.90      6.26    0.73365      0.187953      0.075567      0.042425      0.084850
W6533                    19.69      6.28    0.72620      0.435540      0.404753      0.225587      0.451174
BI6_Bouvetoya            19.90      5.85    0.72206      0.058812      0.064405      0.035220      0.070440
CI5_Crozet               19.85      5.92    0.72669      0.422989      0.338526      0.126357      0.252714
MI1632_Macquarie         19.49      5.46    0.69252      0.101525      0.075464      0.004168      0.008336
Population              mean_N    mean_k    mean_He    p_sign_TPM    p_stdv_TPM    p_W_1t_TPM    p_W_2t_TPM
137709_South_Shetlands      20.00      6.49    0.70837      0.062016      0.110494      0.846542      0.313835
W6504                    19.90      6.05    0.71997      0.028442      0.007609      0.000440      0.000881
BI25_Bouvetoya           19.95      5.90    0.70849      0.379684      0.281168      0.190280      0.380559
CI38_Crozet              19.90      6.10    0.71931      0.190457      0.459261      0.171513      0.343026
MI2267_Macquarie         20.00      5.33    0.68583      0.527208      0.323329      0.218952      0.437905
Population              mean_N    mean_k    mean_He    p_sign_TPM    p_stdv_TPM    p_W_1t_TPM    p_W_2t_TPM
137719_South_Shetlands      19.90      6.05    0.74168      0.126108      0.134523      0.026283      0.052567
W9164_mum                19.59      6.18    0.73186      0.311858      0.183699      0.107128      0.214257
A1098_Bouvetoya          19.85      6.10    0.72264      0.357934      0.106847      0.064442      0.128884
CI20_Crozet              19.90      6.03    0.72287      0.253161      0.088468      0.019946      0.039893
MI2265_Macquarie         19.90      5.87    0.68996      0.310187      0.350986      0.201302      0.402604
Population              mean_N    mean_k    mean_He    p_sign_TPM    p_stdv_TPM    p_W_1t_TPM    p_W_2t_TPM
137706_South_Shetlands      20.00      6.18    0.71255      0.161702      0.136004      0.060811      0.121623
ATF33                    20.00      6.28    0.72955      0.542463      0.380670      0.283250      0.566500
A1027_Bouvetoya          19.69      5.74    0.71183      0.147861      0.126412      0.030422      0.060845
CI30_Crozet              19.85      5.92    0.71508      0.017684      0.042532      0.012159      0.024319
MI2249_Macquarie         19.85      5.44    0.70391      0.073173      0.029901      0.005233      0.010465
Population              mean_N    mean_k    mean_He    p_sign_TPM    p_stdv_TPM    p_W_1t_TPM    p_W_2t_TPM
137686_South_Shetlands      19.85      6.41    0.74526      0.138498      0.271873      0.052248      0.104496
ATF47                    19.69      5.74    0.71922      0.072190      0.059348      0.010250      0.020501
BI6_Bouvetoya            19.79      5.77    0.71517      0.124636      0.068030      0.035220      0.070440
CI24_Crozet              19.74      6.49    0.73668      0.436941      0.398280      0.415327      0.830654
MI2254_Macquarie         19.79      5.36    0.69420      0.155762      0.096883      0.031466      0.062932
Population              mean_N    mean_k    mean_He    p_sign_TPM    p_stdv_TPM    p_W_1t_TPM    p_W_2t_TPM
137709_South_Shetlands      19.59      6.13    0.72762      0.511052      0.493859      0.420475      0.840951
W6558_pup                19.44      6.10    0.73363      0.222070      0.245509      0.081240      0.162480
BI23_Bouvetoya           19.95      5.72    0.71215      0.382237      0.036163      0.008750      0.017501
CI21_Crozet              19.90      6.10    0.73951      0.027723      0.009801      0.000909      0.001819
MI2252_Macquarie         19.54      5.33    0.68012      0.461788      0.272803      0.136906      0.273813
Population              mean_N    mean_k    mean_He    p_sign_TPM    p_stdv_TPM    p_W_1t_TPM    p_W_2t_TPM
137714_South_Shetlands      19.90      5.92    0.70251      0.309251      0.459966      0.423172      0.846344
W9132_pup                19.74      5.90    0.70053      0.108856      0.106921      0.721868      0.565961
A1082_Bouvetoya          19.69      5.67    0.69632      0.297725      0.278252      0.109426      0.218852
MIAGM13140_Marion_island      19.90      6.08    0.72645      0.067500      0.047169      0.004281      0.008562
MI2255_Macquarie         19.79      5.33    0.68094      0.538460      0.258578      0.115807      0.231613
Population              mean_N    mean_k    mean_He    p_sign_TPM    p_stdv_TPM    p_W_1t_TPM    p_W_2t_TPM
137716_South_Shetlands      19.64      6.10    0.72461      0.151789      0.042779      0.007745      0.015490
W9132_pup                19.79      5.77    0.72278      0.103069      0.028336      0.011079      0.022158
A1032_Bouvetoya          19.95      5.72    0.69868      0.320567      0.146742      0.099609      0.199218
MIAGM13117_Marion_island      19.90      6.18    0.72672      0.194462      0.388517      0.357273      0.714546
MI1607_Macquarie         19.79      5.38    0.69084      0.443459      0.286291      0.106608      0.213216
Population              mean_N    mean_k    mean_He    p_sign_TPM    p_stdv_TPM    p_W_1t_TPM    p_W_2t_TPM
137710_South_Shetlands      19.79      6.38    0.73554      0.132843      0.453595      0.420717      0.841433
W9170_mum                19.64      6.00    0.72185      0.329557      0.183218      0.078448      0.156895
BI22_Bouvetoya           19.79      5.97    0.71758      0.438502      0.466554      0.197457      0.394915
CI38_Crozet              19.95      6.00    0.71981      0.164780      0.053490      0.006523      0.013047
MI2255_Macquarie         19.90      5.31    0.67721      0.096401      0.196384      0.167989      0.335977
Population              mean_N    mean_k    mean_He    p_sign_TPM    p_stdv_TPM    p_W_1t_TPM    p_W_2t_TPM
137723_South_Shetlands      19.90      6.18    0.72841      0.213734      0.429064      0.175083      0.350166
W6537                    19.85      5.92    0.71811      0.291508      0.229900      0.061997      0.123994
BI7_Bouvetoya            19.90      5.36    0.69640      0.133838      0.007171      0.003800      0.007599
MIAGM13125_Marion_island      19.85      6.13    0.72245      0.291765      0.125373      0.032005      0.064009
MI1654_Macquarie         19.74      5.69    0.69997      0.263247      0.078874      0.004372      0.008745
Population              mean_N    mean_k    mean_He    p_sign_TPM    p_stdv_TPM    p_W_1t_TPM    p_W_2t_TPM
137705_South_Shetlands      19.95      6.36    0.73656      0.297651      0.276761      0.242606      0.485211
W9138_mum                19.85      5.87    0.74650      0.000191      0.001311      0.000001      0.000001
BI19_Bouvetoya           19.74      5.51    0.69444      0.143490      0.174369      0.110216      0.220433
CI23_Crozet              19.90      6.13    0.71333      0.515312      0.390778      0.338740      0.677480
MI2252_Macquarie         19.79      5.44    0.70730      0.065424      0.027843      0.011079      0.022158
Population              mean_N    mean_k    mean_He    p_sign_TPM    p_stdv_TPM    p_W_1t_TPM    p_W_2t_TPM
137712_South_Shetlands      19.69      6.05    0.71715      0.440497      0.493173      0.144607      0.289213
W9161_pup                19.69      6.28    0.72930      0.506599      0.293852      0.068234      0.136468
A1013_Bouvetoya          19.90      5.79    0.71457      0.087589      0.158507      0.012649      0.025299
CI29_Crozet              19.85      5.85    0.72165      0.132947      0.048323      0.014779      0.029559
MI2264_Macquarie         19.90      5.21    0.69317      0.196351      0.191871      0.042425      0.084850
Population              mean_N    mean_k    mean_He    p_sign_TPM    p_stdv_TPM    p_W_1t_TPM    p_W_2t_TPM
137723_South_Shetlands      19.85      6.21    0.73768      0.238331      0.272236      0.081240      0.162480
W6516/16                 19.95      5.95    0.71486      0.016064      0.033471      0.003145      0.006291
A1091_Bouvetoya          19.90      5.67    0.70169      0.070121      0.016391      0.000465      0.000929
MIAGM13142_Marion_island      20.00      6.26    0.73441      0.366148      0.068437      0.016567      0.033135
MI1638_Macquarie         19.85      5.38    0.69951      0.424572      0.151456      0.056962      0.113925
Population              mean_N    mean_k    mean_He    p_sign_TPM    p_stdv_TPM    p_W_1t_TPM    p_W_2t_TPM
137708_South_Shetlands      19.79      6.10    0.72845      0.456225      0.347436      0.209250      0.418500
W9167_pup                19.90      6.10    0.70918      0.203473      0.197078      0.074532      0.149064
A1033_Bouvetoya          19.95      5.56    0.69908      0.073795      0.017938      0.000674      0.001348
CI29_Crozet              19.85      6.08    0.71649      0.014697      0.039886      0.007745      0.015490
MI1613_Macquarie         19.79      5.62    0.70821      0.467064      0.118423      0.009543      0.019087
Population              mean_N    mean_k    mean_He    p_sign_TPM    p_stdv_TPM    p_W_1t_TPM    p_W_2t_TPM
137705_South_Shetlands      19.64      5.97    0.71666      0.229988      0.287084      0.097116      0.194231
W6538/38_FWB_pup         19.79      5.92    0.73425      0.227985      0.038358      0.008750      0.017501
BI6_Bouvetoya            19.95      5.74    0.70818      0.237321      0.187276      0.047832      0.095663
CI34_Crozet              19.95      6.26    0.72815      0.278861      0.121086      0.047832      0.095663
MI2256_Macquarie         19.79      5.54    0.68501      0.442116      0.127817      0.426121      0.852241
Population              mean_N    mean_k    mean_He    p_sign_TPM    p_stdv_TPM    p_W_1t_TPM    p_W_2t_TPM
137679_South_Shetlands      19.95      5.90    0.72902      0.150934      0.025337      0.004570      0.009139
W9138_mum                19.74      5.92    0.72408      0.555718      0.480611      0.321856      0.643713
BI10_Bouvetoya           20.00      5.77    0.71066      0.043588      0.036057      0.008079      0.016159
CI31_Crozet              19.79      6.03    0.72028      0.270727      0.105480      0.036348      0.072695
MI1598_Macquarie         19.90      5.56    0.68980      0.415680      0.420428      0.151057      0.302114
Population              mean_N    mean_k    mean_He    p_sign_TPM    p_stdv_TPM    p_W_1t_TPM    p_W_2t_TPM
137699_South_Shetlands      19.90      6.23    0.72326      0.493444      0.447629      0.263830      0.527660
W9174_mum                19.49      5.72    0.71533      0.215937      0.265934      0.236369      0.472737
A1039_Bouvetoya          19.95      6.00    0.70370      0.258950      0.361799      0.167594      0.335188
CI31_Crozet              19.74      6.15    0.72318      0.565087      0.485097      0.283250      0.566500
MI2259_Macquarie         19.49      5.36    0.68849      0.399978      0.293391      0.095848      0.191696
Population              mean_N    mean_k    mean_He    p_sign_TPM    p_stdv_TPM    p_W_1t_TPM    p_W_2t_TPM
137718_South_Shetlands      19.64      6.28    0.72210      0.556169      0.211290      0.112398      0.224797
W9169_pup                19.74      6.13    0.72738      0.084437      0.152430      0.015952      0.031905
A1075_Bouvetoya          19.85      5.97    0.70807      0.502086      0.213860      0.089750      0.179501
MIAGM13144_Marion_island      19.54      6.08    0.72667      0.206990      0.043084      0.013402      0.026804
MI2252_Macquarie         19.79      5.33    0.69694      0.034420      0.063857      0.008426      0.016852
