Population              mean_N    mean_k    mean_He    p_sign_TPM    p_stdv_TPM    p_W_1t_TPM    p_W_2t_TPM
137710_South_Shetlands      19.85      6.33    0.72865      0.037918      0.116679      0.014779      0.029559
Y/B144/45                19.74      5.77    0.72006      0.407334      0.170034      0.081240      0.162480
A1080_Bouvetoya          19.79      5.74    0.71177      0.094157      0.122214      0.015952      0.031905
CI34_Crozet              19.85      6.05    0.73205      0.078420      0.083676      0.020686      0.041373
MI2261_Macquarie         19.49      5.44    0.70224      0.023001      0.017353      0.009049      0.018098
Population              mean_N    mean_k    mean_He    p_sign_TPM    p_stdv_TPM    p_W_1t_TPM    p_W_2t_TPM
137720_South_Shetlands      19.85      6.23    0.74046      0.287962      0.292554      0.123475      0.246950
ATP01                    19.79      6.10    0.72327      0.155079      0.167161      0.055661      0.111322
BI18_Bouvetoya           19.95      5.92    0.72037      0.029481      0.038130      0.007752      0.015505
MIAGM13136_Marion_island      19.95      6.00    0.72959      0.019936      0.008025      0.001565      0.003130
MI2262_Macquarie         19.79      5.21    0.67677      0.037617      0.103417      0.043564      0.087128
Population              mean_N    mean_k    mean_He    p_sign_TPM    p_stdv_TPM    p_W_1t_TPM    p_W_2t_TPM
137719_South_Shetlands      20.00      6.15    0.71484      0.143798      0.312360      0.068234      0.136468
W6527/27                 19.59      5.82    0.71527      0.103326      0.094243      0.017332      0.034665
BI1_Bouvetoya            19.85      5.69    0.73115      0.006545      0.003133      0.000658      0.001317
CI23_Crozet              19.95      6.31    0.72114      0.289053      0.392521      0.326829      0.653658
MI2262_Macquarie         19.85      5.46    0.69847      0.038443      0.080904      0.027459      0.054917
Population              mean_N    mean_k    mean_He    p_sign_TPM    p_stdv_TPM    p_W_1t_TPM    p_W_2t_TPM
137675_South_Shetlands      19.95      6.33    0.72273      0.373252      0.326677      0.357273      0.714546
ATP34                    19.79      6.28    0.73575      0.547782      0.225399      0.041149      0.082299
2250_Bouvetoya           20.00      5.67    0.70715      0.331929      0.090803      0.034770      0.069541
CI23_Crozet              19.90      5.95    0.70992      0.218178      0.168913      0.034770      0.069541
MI1665_Macquarie         19.85      5.46    0.69610      0.136262      0.245815      0.112987      0.225975
Population              mean_N    mean_k    mean_He    p_sign_TPM    p_stdv_TPM    p_W_1t_TPM    p_W_2t_TPM
137701_South_Shetlands      19.79      6.03    0.73661      0.005096      0.008281      0.000421      0.000841
ATP46                    19.74      5.95    0.72479      0.149089      0.069744      0.028090      0.056179
A1090_Bouvetoya          19.79      5.69    0.70546      0.089372      0.032739      0.005978      0.011955
MIAGM13107_Marion_island      19.74      5.97    0.72370      0.420813      0.409775      0.182360      0.364720
MI1616_Macquarie         19.85      5.28    0.68387      0.406869      0.341670      0.231946      0.463892
Population              mean_N    mean_k    mean_He    p_sign_TPM    p_stdv_TPM    p_W_1t_TPM    p_W_2t_TPM
137692_South_Shetlands      20.00      6.38    0.72362      0.554130      0.446273      0.497248      0.994497
W9168_mum                19.85      5.97    0.72689      0.194779      0.101000      0.030987      0.061974
A1086_Bouvetoya          19.90      5.54    0.71596      0.000834      0.001382      0.000002      0.000005
CI38_Crozet              19.95      6.18    0.73520      0.136434      0.078991      0.012907      0.025814
MI1665_Macquarie         19.95      5.49    0.69090      0.252862      0.161301      0.062607      0.125213
Population              mean_N    mean_k    mean_He    p_sign_TPM    p_stdv_TPM    p_W_1t_TPM    p_W_2t_TPM
137719_South_Shetlands      19.95      6.33    0.72686      0.180294      0.160980      0.075056      0.150111
W9162_pup                19.64      6.10    0.72797      0.120881      0.256206      0.102035      0.204070
A1009_Bouvetoya          19.85      5.77    0.72888      0.000150      0.001917      0.000014      0.000029
CI34_Crozet              19.74      6.00    0.73601      0.021045      0.005561      0.000519      0.001038
MI1680_Macquarie         19.79      5.08    0.67039      0.470539      0.348926      0.121590      0.243181
Population              mean_N    mean_k    mean_He    p_sign_TPM    p_stdv_TPM    p_W_1t_TPM    p_W_2t_TPM
137693_South_Shetlands      19.69      6.00    0.72858      0.553153      0.216614      0.147809      0.295618
W6516/16_pup             19.85      5.85    0.71968      0.143300      0.076649      0.019946      0.039893
BI3_Bouvetoya            19.95      5.97    0.70831      0.213163      0.184823      0.124555      0.249111
MIAGM13138_Marion_island      19.85      5.87    0.71242      0.012199      0.040051      0.019980      0.039961
MI2267_Macquarie         19.90      5.44    0.69756      0.296891      0.275564      0.255802      0.511604
Population              mean_N    mean_k    mean_He    p_sign_TPM    p_stdv_TPM    p_W_1t_TPM    p_W_2t_TPM
137722_South_Shetlands      19.59      5.82    0.72113      0.110380      0.009248      0.000421      0.000841
SG26_South_Georgia       19.79      5.74    0.72294      0.068563      0.025146      0.002044      0.004087
BI24_Bouvetoya           19.74      6.08    0.72596      0.229800      0.324507      0.167989      0.335977
CI23_Crozet              19.95      6.13    0.71138      0.454890      0.426737      0.123475      0.246950
MI1599_Macquarie         19.69      5.59    0.70835      0.381235      0.192331      0.099554      0.199107
Population              mean_N    mean_k    mean_He    p_sign_TPM    p_stdv_TPM    p_W_1t_TPM    p_W_2t_TPM
137684_South_Shetlands      19.79      6.18    0.73058      0.302837      0.075054      0.028090      0.056179
W9165_pup                19.90      6.23    0.72816      0.394746      0.282437      0.081240      0.162480
A1100_Bouvetoya          19.79      5.64    0.71113      0.003966      0.008894      0.007752      0.015505
MIAGM13132_Marion_island      19.90      6.23    0.72619      0.175595      0.322623      0.058604      0.117209
MI1621_Macquarie         19.59      5.38    0.71093      0.016101      0.014316      0.002349      0.004697
Population              mean_N    mean_k    mean_He    p_sign_TPM    p_stdv_TPM    p_W_1t_TPM    p_W_2t_TPM
137715_South_Shetlands      19.85      5.90    0.71851      0.138708      0.037259      0.006812      0.013624
SG3_South_Georgia        19.79      5.95    0.71475      0.065407      0.471925      0.109741      0.219482
BI3_Bouvetoya            19.69      5.64    0.70265      0.097487      0.191372      0.035932      0.071863
CI34_Crozet              19.85      5.97    0.71125      0.162115      0.145305      0.029407      0.058814
MI2270_Macquarie         19.64      5.54    0.70267      0.108638      0.169563      0.061997      0.123994
Population              mean_N    mean_k    mean_He    p_sign_TPM    p_stdv_TPM    p_W_1t_TPM    p_W_2t_TPM
137697_South_Shetlands      19.85      6.18    0.72630      0.063415      0.057365      0.007752      0.015505
W6551                    19.95      5.69    0.70388      0.404495      0.137983      0.055356      0.110712
BI21_Bouvetoya           19.79      5.69    0.70807      0.038835      0.034412      0.007423      0.014845
CI38_Crozet              19.95      5.90    0.71409      0.092769      0.022121      0.007939      0.015879
MI2262_Macquarie         19.69      5.28    0.68335      0.563572      0.416117      0.388632      0.777263
Population              mean_N    mean_k    mean_He    p_sign_TPM    p_stdv_TPM    p_W_1t_TPM    p_W_2t_TPM
137704_South_Shetlands      19.74      5.92    0.71662      0.422642      0.299875      0.129284      0.258568
W6537/37_FWB_pup         19.69      5.95    0.71481      0.308725      0.464174      0.269355      0.538709
A1074_Bouvetoya          19.90      5.82    0.70983      0.118954      0.109730      0.032627      0.065254
MIAGM13110_Marion_island      19.95      6.10    0.72737      0.104815      0.018030      0.001956      0.003913
MI1460_Macquarie         19.69      5.10    0.68338      0.178937      0.105075      0.029030      0.058060
Population              mean_N    mean_k    mean_He    p_sign_TPM    p_stdv_TPM    p_W_1t_TPM    p_W_2t_TPM
137669_South_Shetlands      19.90      6.18    0.72419      0.366749      0.192128      0.076320      0.152639
W6538                    19.74      6.13    0.71914      0.248674      0.242552      0.055661      0.111322
BI10_Bouvetoya           20.00      5.72    0.70432      0.009506      0.005305      0.000498      0.000996
CI38_Crozet              19.74      6.31    0.73146      0.535392      0.273849      0.117847      0.235693
MI2264_Macquarie         19.85      5.49    0.70299      0.542245      0.220043      0.073074      0.146148
Population              mean_N    mean_k    mean_He    p_sign_TPM    p_stdv_TPM    p_W_1t_TPM    p_W_2t_TPM
137721_South_Shetlands      19.90      6.10    0.71932      0.041595      0.090568      0.016567      0.033135
W6536/36_FWB_pup         19.95      6.08    0.74475      0.013600      0.135356      0.005554      0.011108
BI23_Bouvetoya           19.85      5.79    0.70786      0.185855      0.140168      0.034958      0.069917
CI30_Crozet              19.74      5.95    0.72562      0.256243      0.088745      0.054021      0.108042
MI2269_Macquarie         19.79      5.21    0.67485      0.476935      0.454577      0.132257      0.264514
Population              mean_N    mean_k    mean_He    p_sign_TPM    p_stdv_TPM    p_W_1t_TPM    p_W_2t_TPM
137709_South_Shetlands      19.95      6.33    0.72172      0.118440      0.342047      0.102035      0.204070
W6514/14_pup             19.79      6.03    0.72009      0.470804      0.323454      0.249904      0.499808
BI18_Bouvetoya           20.00      5.64    0.70877      0.218042      0.051855      0.016567      0.033135
CI34_Crozet              19.64      6.23    0.73053      0.202578      0.231638      0.087792      0.175584
MI2270_Macquarie         19.69      5.38    0.69835      0.165397      0.046791      0.027459      0.054917
Population              mean_N    mean_k    mean_He    p_sign_TPM    p_stdv_TPM    p_W_1t_TPM    p_W_2t_TPM
137719_South_Shetlands      19.90      6.21    0.73169      0.547398      0.357294      0.264798      0.529596
W9161_pup                19.79      6.03    0.72275      0.431109      0.445804      0.104560      0.209119
A1094_Bouvetoya          19.74      5.95    0.72879      0.315524      0.046620      0.014983      0.029967
CI31_Crozet              20.00      5.74    0.72254      0.000717      0.003758      0.001202      0.002405
MI2259_Macquarie         19.59      5.28    0.68569      0.092506      0.095197      0.047146      0.094292
Population              mean_N    mean_k    mean_He    p_sign_TPM    p_stdv_TPM    p_W_1t_TPM    p_W_2t_TPM
137716_South_Shetlands      19.59      6.59    0.73635      0.035182      0.058259      0.012428      0.024856
W9136_mum                19.95      6.08    0.73482      0.297362      0.155959      0.035220      0.070440
BI22_Bouvetoya           19.54      5.72    0.69985      0.421944      0.285767      0.590047      0.830654
MIAGM13139_Marion_island      19.85      6.00    0.73102      0.056434      0.030275      0.002998      0.005996
MI2269_Macquarie         19.79      5.44    0.68544      0.421186      0.395466      0.255617      0.511233
Population              mean_N    mean_k    mean_He    p_sign_TPM    p_stdv_TPM    p_W_1t_TPM    p_W_2t_TPM
137699_South_Shetlands      19.85      6.41    0.73963      0.084308      0.180249      0.067364      0.134728
W9137_pup                19.74      6.10    0.73281      0.097836      0.079123      0.004169      0.008338
A1035_Bouvetoya          19.49      5.77    0.71454      0.216476      0.102929      0.006348      0.012697
CI40_Crozet              19.95      6.21    0.73630      0.059544      0.044081      0.003123      0.006247
MI1663_Macquarie         19.95      5.36    0.70150      0.176256      0.075993      0.019289      0.038578
Population              mean_N    mean_k    mean_He    p_sign_TPM    p_stdv_TPM    p_W_1t_TPM    p_W_2t_TPM
137723_South_Shetlands      19.90      6.23    0.71853      0.449829      0.409319      0.287955      0.575910
ATP42                    19.90      5.95    0.72300      0.042424      0.032242      0.002468      0.004935
A1031_Bouvetoya          19.85      5.74    0.70483      0.218202      0.135292      0.057339      0.114678
MIAGM13138_Marion_island      20.00      6.10    0.72132      0.349800      0.228167      0.069229      0.138457
MI2270_Macquarie         19.79      5.36    0.69595      0.465224      0.207136      0.076320      0.152639
Population              mean_N    mean_k    mean_He    p_sign_TPM    p_stdv_TPM    p_W_1t_TPM    p_W_2t_TPM
137719_South_Shetlands      19.79      6.36    0.73841      0.422791      0.410035      0.260280      0.520561
W6528/28                 19.79      6.13    0.73533      0.140209      0.183668      0.081240      0.162480
A1073_Bouvetoya          19.74      5.56    0.70820      0.105368      0.005688      0.001855      0.003711
CI40_Crozet              19.85      6.15    0.71027      0.052533      0.213913      0.048683      0.097367
MI2265_Macquarie         19.79      5.49    0.69645      0.020178      0.055286      0.012649      0.025299
Population              mean_N    mean_k    mean_He    p_sign_TPM    p_stdv_TPM    p_W_1t_TPM    p_W_2t_TPM
137708_South_Shetlands      19.95      6.38    0.72245      0.506050      0.472728      0.174959      0.349918
W9174_pup                19.74      6.00    0.72483      0.094742      0.107574      0.019946      0.039893
BI12_Bouvetoya           20.00      5.77    0.70486      0.250638      0.463028      0.344010      0.688020
CI25_Crozet              19.64      6.28    0.72240      0.328464      0.323757      0.480745      0.961490
MI2260_Macquarie         19.90      5.15    0.67735      0.148092      0.055898      0.016567      0.033135
Population              mean_N    mean_k    mean_He    p_sign_TPM    p_stdv_TPM    p_W_1t_TPM    p_W_2t_TPM
137716_South_Shetlands      19.79      6.44    0.72505      0.530167      0.255123      0.034770      0.069541
W6545                    19.59      6.13    0.72101      0.427272      0.374101      0.193615      0.387231
BI8_Bouvetoya            19.95      5.87    0.70150      0.333034      0.095390      0.068234      0.136468
MIAGM13141_Marion_island      19.90      6.31    0.72975      0.547097      0.262353      0.140118      0.280235
MI2256_Macquarie         19.64      5.49    0.70246      0.429421      0.400221      0.213269      0.426539
Population              mean_N    mean_k    mean_He    p_sign_TPM    p_stdv_TPM    p_W_1t_TPM    p_W_2t_TPM
137720_South_Shetlands      19.64      6.28    0.73003      0.474910      0.294415      0.150049      0.300097
W6519/19_pup             19.74      5.77    0.71196      0.382121      0.335540      0.107128      0.214257
BI8_Bouvetoya            19.95      5.92    0.70592      0.462183      0.311110      0.251363      0.502726
MIAGM13126_Marion_island      19.95      6.08    0.73046      0.194938      0.301255      0.123475      0.246950
MI2258_Macquarie         19.85      5.85    0.70310      0.194668      0.219528      0.064442      0.128884
Population              mean_N    mean_k    mean_He    p_sign_TPM    p_stdv_TPM    p_W_1t_TPM    p_W_2t_TPM
137721_South_Shetlands      19.90      6.33    0.73300      0.519037      0.225023      0.161078      0.322156
W9172_mum                19.79      6.21    0.73984      0.114505      0.081194      0.020692      0.041384
A1055_Bouvetoya          19.85      5.41    0.68110      0.029494      0.051732      0.004365      0.008731
CI38_Crozet              19.79      6.13    0.72922      0.122158      0.083354      0.022955      0.045909
MI2269_Macquarie         19.74      5.38    0.69998      0.333541      0.094090      0.038347      0.076694
Population              mean_N    mean_k    mean_He    p_sign_TPM    p_stdv_TPM    p_W_1t_TPM    p_W_2t_TPM
137701_South_Shetlands      19.85      6.31    0.74424      0.118385      0.141635      0.041149      0.082299
W9170_pup                19.90      6.44    0.74854      0.458570      0.097924      0.039904      0.079809
A1100_Bouvetoya          19.85      5.87    0.71945      0.088768      0.050658      0.011227      0.022454
CI5_Crozet               19.74      6.03    0.72318      0.040655      0.063335      0.009158      0.018315
MI2253_Macquarie         19.90      5.54    0.69930      0.477665      0.304504      0.102190      0.204380
Population              mean_N    mean_k    mean_He    p_sign_TPM    p_stdv_TPM    p_W_1t_TPM    p_W_2t_TPM
137707_South_Shetlands      19.74      6.15    0.72281      0.311521      0.133697      0.019980      0.039961
W9175_mum                19.69      6.05    0.73102      0.007757      0.019250      0.002468      0.004935
A1026_Bouvetoya          19.95      5.97    0.70645      0.028320      0.111468      0.033776      0.067553
CI27_Crozet              19.85      6.10    0.72901      0.115292      0.027814      0.001599      0.003198
MI2261_Macquarie         19.95      5.10    0.68324      0.058259      0.063020      0.016718      0.033436
Population              mean_N    mean_k    mean_He    p_sign_TPM    p_stdv_TPM    p_W_1t_TPM    p_W_2t_TPM
137718_South_Shetlands      19.95      6.38    0.72478      0.089464      0.248411      0.062607      0.125213
W6558                    19.95      5.95    0.71162      0.058054      0.257094      0.085567      0.171134
A1089_Bouvetoya          19.95      6.23    0.73042      0.167206      0.100440      0.015356      0.030713
CI25_Crozet              19.85      6.23    0.71090      0.085111      0.396409      0.552137      0.906650
MI2254_Macquarie         19.69      5.62    0.70134      0.106369      0.057704      0.047842      0.095683
Population              mean_N    mean_k    mean_He    p_sign_TPM    p_stdv_TPM    p_W_1t_TPM    p_W_2t_TPM
137708_South_Shetlands      19.79      6.26    0.72338      0.200704      0.296524      0.590047      0.830654
W9170_mum                19.85      5.87    0.72516      0.385911      0.032199      0.003299      0.006598
BI6_Bouvetoya            20.00      5.82    0.72335      0.206362      0.100561      0.014440      0.028879
CI38_Crozet              19.95      6.10    0.72275      0.137746      0.142165      0.029995      0.059991
MI2269_Macquarie         19.74      5.51    0.70256      0.117013      0.054303      0.035220      0.070440
Population              mean_N    mean_k    mean_He    p_sign_TPM    p_stdv_TPM    p_W_1t_TPM    p_W_2t_TPM
137687_South_Shetlands      19.69      6.10    0.73123      0.195683      0.148059      0.085567      0.171134
W6536/36_FWB_pup         19.85      6.21    0.73800      0.405889      0.038076      0.005233      0.010465
BI24_Bouvetoya           19.49      6.05    0.71628      0.303191      0.481725      0.415327      0.830654
CI5_Crozet               19.64      6.10    0.71638      0.370599      0.269275      0.156918      0.313835
MI2259_Macquarie         19.85      5.72    0.70897      0.165447      0.063665      0.013749      0.027497
Population              mean_N    mean_k    mean_He    p_sign_TPM    p_stdv_TPM    p_W_1t_TPM    p_W_2t_TPM
137702_South_Shetlands      19.59      6.28    0.74773      0.286938      0.102132      0.058604      0.117209
W9137_mum                19.44      5.92    0.72631      0.208468      0.083646      0.033049      0.066098
BI1_Bouvetoya            19.90      6.03    0.72840      0.418634      0.126115      0.047842      0.095683
MIAGM13107_Marion_island      19.69      6.18    0.73499      0.436897      0.107570      0.039904      0.079809
MI2254_Macquarie         19.54      5.54    0.71490      0.011057      0.016803      0.004474      0.008947
Population              mean_N    mean_k    mean_He    p_sign_TPM    p_stdv_TPM    p_W_1t_TPM    p_W_2t_TPM
137721_South_Shetlands      19.79      6.03    0.74170      0.081156      0.099443      0.035220      0.070440
W9171_mum                19.74      6.03    0.72300      0.199683      0.393589      0.147809      0.295618
BI16_Bouvetoya           19.79      5.67    0.71921      0.165441      0.022032      0.024734      0.049468
CI28_Crozet              19.64      5.97    0.70861      0.490792      0.338672      0.210522      0.421045
MI2249_Macquarie         19.79      5.54    0.69416      0.011713      0.071176      0.002410      0.004820
Population              mean_N    mean_k    mean_He    p_sign_TPM    p_stdv_TPM    p_W_1t_TPM    p_W_2t_TPM
137695_South_Shetlands      19.64      6.23    0.72872      0.215011      0.108906      0.047842      0.095683
W9138_pup                19.79      6.08    0.73056      0.082622      0.099825      0.010784      0.021568
A1020_Bouvetoya          19.85      5.59    0.70016      0.086451      0.059790      0.019946      0.039893
MIAGM13133_Marion_island      19.95      6.10    0.72503      0.127029      0.151327      0.032005      0.064009
MI2262_Macquarie         19.85      5.54    0.70479      0.097072      0.399820      0.338740      0.677480
Population              mean_N    mean_k    mean_He    p_sign_TPM    p_stdv_TPM    p_W_1t_TPM    p_W_2t_TPM
137721_South_Shetlands      19.95      6.08    0.73438      0.193971      0.092004      0.033049      0.066098
W9173_mum                19.85      6.18    0.72024      0.560061      0.404786      0.316915      0.633830
A1059_Bouvetoya          19.95      5.59    0.71539      0.104905      0.017950      0.009856      0.019713
CI38_Crozet              19.95      6.05    0.72674      0.043025      0.078967      0.007112      0.014224
MI1685_Macquarie         19.69      5.28    0.65353      0.480678      0.185007      0.570982      0.869759
Population              mean_N    mean_k    mean_He    p_sign_TPM    p_stdv_TPM    p_W_1t_TPM    p_W_2t_TPM
137684_South_Shetlands      19.95      6.18    0.71546      0.530093      0.457950      0.221438      0.442876
W9163_pup                19.74      6.03    0.71813      0.237982      0.235458      0.072192      0.144384
BI18_Bouvetoya           19.79      5.69    0.70138      0.294001      0.328950      0.246964      0.493928
CI28_Crozet              19.79      6.00    0.72036      0.376812      0.070319      0.022234      0.044469
MI2262_Macquarie         20.00      5.41    0.69312      0.260582      0.331361      0.057339      0.114678
Population              mean_N    mean_k    mean_He    p_sign_TPM    p_stdv_TPM    p_W_1t_TPM    p_W_2t_TPM
137677_South_Shetlands      19.85      5.92    0.70501      0.549820      0.338227      0.097116      0.194231
W9138_mum                19.59      6.18    0.72749      0.456316      0.430314      0.167989      0.335977
A1012_Bouvetoya          19.85      5.54    0.70947      0.003719      0.002411      0.000006      0.000012
CI27_Crozet              19.69      6.33    0.73233      0.498372      0.224269      0.164510      0.329021
MI2264_Macquarie         19.85      5.62    0.70232      0.052011      0.091721      0.021425      0.042850
Population              mean_N    mean_k    mean_He    p_sign_TPM    p_stdv_TPM    p_W_1t_TPM    p_W_2t_TPM
137687_South_Shetlands      19.79      6.00    0.72705      0.115310      0.056880      0.020692      0.041384
W9161_pup                20.00      6.33    0.73185      0.313610      0.410545      0.336864      0.673729
A1089_Bouvetoya          19.74      5.90    0.69820      0.193805      0.303146      0.081204      0.162409
CI27_Crozet              19.69      5.79    0.70934      0.060039      0.158582      0.026283      0.052567
MI2255_Macquarie         19.74      5.44    0.71374      0.042089      0.014738      0.003459      0.006918
Population              mean_N    mean_k    mean_He    p_sign_TPM    p_stdv_TPM    p_W_1t_TPM    p_W_2t_TPM
137707_South_Shetlands      19.74      6.28    0.74528      0.479541      0.249385      0.055356      0.110712
W9170_mum                19.74      5.59    0.70890      0.017863      0.097259      0.006523      0.013047
A1095_Bouvetoya          19.69      5.49    0.71002      0.021560      0.011580      0.001410      0.002819
CI40_Crozet              19.95      5.92    0.71860      0.209613      0.200943      0.123475      0.246950
MI1669_Macquarie         19.90      5.18    0.70087      0.084083      0.019190      0.001268      0.002536
Population              mean_N    mean_k    mean_He    p_sign_TPM    p_stdv_TPM    p_W_1t_TPM    p_W_2t_TPM
137720_South_Shetlands      19.74      6.44    0.73136      0.458146      0.278057      0.164510      0.329021
Y/B132/33                19.90      5.95    0.71115      0.394877      0.154058      0.092369      0.184738
BI6_Bouvetoya            19.95      5.90    0.69630      0.256108      0.396909      0.573911      0.863436
CI27_Crozet              19.79      6.10    0.72963      0.057572      0.045259      0.004474      0.008947
MI1685_Macquarie         19.74      5.38    0.69774      0.177013      0.063078      0.042425      0.084850
Population              mean_N    mean_k    mean_He    p_sign_TPM    p_stdv_TPM    p_W_1t_TPM    p_W_2t_TPM
137711_South_Shetlands      19.90      6.49    0.72505      0.311671      0.494947      0.229779      0.459558
ATP32                    19.64      5.85    0.70804      0.240398      0.076660      0.013680      0.027359
A1095_Bouvetoya          19.85      5.51    0.71265      0.202278      0.002510      0.000248      0.000495
CI38_Crozet              19.79      6.05    0.71904      0.019400      0.040514      0.003145      0.006291
MI1663_Macquarie         19.69      5.18    0.68712      0.416422      0.258652      0.123475      0.246950
Population              mean_N    mean_k    mean_He    p_sign_TPM    p_stdv_TPM    p_W_1t_TPM    p_W_2t_TPM
137711_South_Shetlands      19.85      6.31    0.73117      0.454946      0.358292      0.175083      0.350166
W9166_pup                19.90      5.97    0.72173      0.441065      0.334566      0.141450      0.282901
A1079_Bouvetoya          19.69      5.92    0.73196      0.001463      0.008711      0.000264      0.000529
CI25_Crozet              19.95      6.21    0.72484      0.029662      0.142117      0.016122      0.032244
MI2255_Macquarie         19.74      5.44    0.68756      0.340997      0.409618      0.283250      0.566500
Population              mean_N    mean_k    mean_He    p_sign_TPM    p_stdv_TPM    p_W_1t_TPM    p_W_2t_TPM
137680_South_Shetlands      19.79      6.31    0.72996      0.418612      0.372721      0.426121      0.852241
W9178_mum                19.79      5.92    0.72608      0.158463      0.032016      0.002126      0.004252
A1064_Bouvetoya          19.95      5.87    0.70762      0.110972      0.141835      0.115217      0.230435
CI5_Crozet               19.85      6.15    0.71967      0.409586      0.143285      0.053785      0.107569
MI2264_Macquarie         19.74      5.23    0.68307      0.133978      0.151282      0.031466      0.062932
Population              mean_N    mean_k    mean_He    p_sign_TPM    p_stdv_TPM    p_W_1t_TPM    p_W_2t_TPM
137722_South_Shetlands      19.54      5.97    0.71676      0.079679      0.162883      0.060811      0.121623
ATP43                    19.95      5.92    0.72582      0.310222      0.121347      0.029995      0.059991
A1071_Bouvetoya          19.90      5.62    0.71392      0.032059      0.025084      0.005793      0.011587
CI30_Crozet              19.90      6.05    0.71886      0.506567      0.241831      0.194232      0.388464
MI2265_Macquarie         19.54      5.36    0.68234      0.415784      0.229717      0.110216      0.220433
Population              mean_N    mean_k    mean_He    p_sign_TPM    p_stdv_TPM    p_W_1t_TPM    p_W_2t_TPM
137705_South_Shetlands      19.85      6.28    0.72076      0.536327      0.297629      0.378088      0.756177
W9178_mum                19.74      5.72    0.71040      0.261973      0.072155      0.017857      0.035713
BI14_Bouvetoya           19.74      5.56    0.69280      0.414260      0.289443      0.151057      0.302114
CI32_Crozet              19.85      6.05    0.70002      0.354881      0.279192      0.115807      0.231613
MI1675_Macquarie         19.69      5.38    0.69232      0.178207      0.096755      0.029995      0.059991
Population              mean_N    mean_k    mean_He    p_sign_TPM    p_stdv_TPM    p_W_1t_TPM    p_W_2t_TPM
137723_South_Shetlands      19.79      6.13    0.72122      0.031067      0.220213      0.034121      0.068242
W17                      19.90      5.95    0.71585      0.084399      0.089931      0.013680      0.027359
BI16_Bouvetoya           19.79      5.51    0.70893      0.119102      0.013251      0.003626      0.007252
MIAGM13141_Marion_island      19.90      6.13    0.71126      0.399289      0.458934      0.282981      0.565961
MI1688_Macquarie         19.69      5.38    0.68528      0.447951      0.459153      0.273324      0.546649
Population              mean_N    mean_k    mean_He    p_sign_TPM    p_stdv_TPM    p_W_1t_TPM    p_W_2t_TPM
137712_South_Shetlands      19.74      6.15    0.72699      0.012716      0.138805      0.017965      0.035930
W9173_pup                19.95      6.15    0.73796      0.426894      0.043819      0.016122      0.032244
A1064_Bouvetoya          19.74      5.59    0.71318      0.026772      0.032128      0.008079      0.016159
CI31_Crozet              20.00      6.05    0.73860      0.003322      0.007238      0.000031      0.000063
MI2264_Macquarie         19.95      5.33    0.69812      0.029083      0.091126      0.030422      0.060843
Population              mean_N    mean_k    mean_He    p_sign_TPM    p_stdv_TPM    p_W_1t_TPM    p_W_2t_TPM
137712_South_Shetlands      19.59      6.03    0.72261      0.452748      0.260994      0.453325      0.906650
W6535                    19.90      5.97    0.73175      0.564386      0.057968      0.033049      0.066098
BI6_Bouvetoya            19.90      5.92    0.71244      0.213654      0.284791      0.097116      0.194231
CI22_Crozet              19.90      6.15    0.71630      0.383977      0.496452      0.312869      0.625738
MI2248_Macquarie         19.64      5.23    0.69102      0.015880      0.102707      0.001268      0.002536
Population              mean_N    mean_k    mean_He    p_sign_TPM    p_stdv_TPM    p_W_1t_TPM    p_W_2t_TPM
137712_South_Shetlands      19.44      5.69    0.70623      0.519281      0.167250      0.085567      0.171134
W12                      19.74      6.28    0.73564      0.240366      0.100122      0.052248      0.104496
A1067_Bouvetoya          19.95      5.82    0.71532      0.178624      0.096232      0.081240      0.162480
CI24_Crozet              19.64      6.03    0.72230      0.024585      0.058138      0.007423      0.014845
MI2260_Macquarie         19.49      5.38    0.69803      0.390290      0.025770      0.007266      0.014532
Population              mean_N    mean_k    mean_He    p_sign_TPM    p_stdv_TPM    p_W_1t_TPM    p_W_2t_TPM
137712_South_Shetlands      19.74      6.00    0.72557      0.287177      0.126627      0.019289      0.038578
W9133_mum                19.64      5.92    0.71229      0.112653      0.067573      0.002954      0.005908
BI8_Bouvetoya            19.95      5.79    0.70086      0.441978      0.240303      0.064332      0.128663
MIAGM13061_Marion_island      19.95      6.23    0.72776      0.299413      0.251219      0.079138      0.158277
MI2258_Macquarie         19.54      5.54    0.71012      0.113525      0.126416      0.056962      0.113925
Population              mean_N    mean_k    mean_He    p_sign_TPM    p_stdv_TPM    p_W_1t_TPM    p_W_2t_TPM
137720_South_Shetlands      19.90      6.28    0.73512      0.127184      0.083338      0.046439      0.092879
W6540/40                 19.95      5.82    0.70586      0.421488      0.323120      0.255802      0.511604
A1069_Bouvetoya          19.69      5.79    0.69905      0.324958      0.425641      0.372849      0.745698
CI25_Crozet              19.90      6.13    0.73613      0.062491      0.020219      0.003123      0.006247
MI2264_Macquarie         19.85      5.21    0.68539      0.115117      0.100338      0.061997      0.123994
Population              mean_N    mean_k    mean_He    p_sign_TPM    p_stdv_TPM    p_W_1t_TPM    p_W_2t_TPM
137673_South_Shetlands      19.90      6.33    0.71236      0.560389      0.318570      0.278581      0.557162
W6526/26                 19.69      6.21    0.70954      0.175974      0.197812      0.607337      0.796376
A1077_Bouvetoya          19.90      5.92    0.70822      0.506460      0.127388      0.037124      0.074247
CI31_Crozet              19.90      6.21    0.71187      0.385007      0.405113      0.171252      0.342503
MI2248_Macquarie         19.79      5.54    0.70930      0.015799      0.014970      0.001922      0.003844
Population              mean_N    mean_k    mean_He    p_sign_TPM    p_stdv_TPM    p_W_1t_TPM    p_W_2t_TPM
137702_South_Shetlands      19.64      6.10    0.71978      0.386180      0.367431      0.426121      0.852241
W6516/16_pup             19.74      6.10    0.71302      0.423050      0.241590      0.112296      0.224591
BI24_Bouvetoya           19.85      5.74    0.71123      0.113499      0.064088      0.007143      0.014285
CI39_Crozet              19.95      6.31    0.73117      0.200146      0.305719      0.238288      0.476577
MI2269_Macquarie         19.85      5.05    0.70000      0.004254      0.000773      0.000695      0.001391
Population              mean_N    mean_k    mean_He    p_sign_TPM    p_stdv_TPM    p_W_1t_TPM    p_W_2t_TPM
137719_South_Shetlands      19.69      6.13    0.73112      0.054654      0.064162      0.028090      0.056179
W9168_mum                20.00      5.97    0.72686      0.192338      0.110747      0.016718      0.033436
BI10_Bouvetoya           19.95      5.79    0.72339      0.047177      0.013096      0.002857      0.005714
MIAGM13144_Marion_island      19.69      6.21    0.72391      0.069995      0.093846      0.011514      0.023028
MI2249_Macquarie         19.90      5.67    0.69941      0.328056      0.297342      0.273949      0.547898
Population              mean_N    mean_k    mean_He    p_sign_TPM    p_stdv_TPM    p_W_1t_TPM    p_W_2t_TPM
137697_South_Shetlands      19.95      6.05    0.72603      0.327259      0.447481      0.367633      0.735266
W6521/21                 19.90      6.23    0.73778      0.435185      0.287012      0.042425      0.084850
BI16_Bouvetoya           19.90      5.67    0.69030      0.440406      0.334372      0.241377      0.482754
CI40_Crozet              19.95      6.05    0.72640      0.484427      0.253107      0.072192      0.144384
MI2258_Macquarie         19.95      5.38    0.68124      0.506948      0.446677      0.236369      0.472737
Population              mean_N    mean_k    mean_He    p_sign_TPM    p_stdv_TPM    p_W_1t_TPM    p_W_2t_TPM
137698_South_Shetlands      19.85      6.33    0.71587      0.150356      0.404809      0.420475      0.840951
W9173_mum                19.49      6.28    0.74479      0.090472      0.032264      0.001486      0.002971
A1072_Bouvetoya          19.79      5.64    0.71911      0.037384      0.009184      0.000654      0.001308
MIAGM13143_Marion_island      19.90      5.90    0.71716      0.013572      0.039580      0.006575      0.013149
MI2261_Macquarie         19.49      5.54    0.70560      0.283188      0.122557      0.083383      0.166766
Population              mean_N    mean_k    mean_He    p_sign_TPM    p_stdv_TPM    p_W_1t_TPM    p_W_2t_TPM
137720_South_Shetlands      19.79      6.18    0.73700      0.440985      0.114929      0.069229      0.138457
W6531/31_pup             19.79      5.85    0.73970      0.006556      0.002449      0.001376      0.002752
BI14_Bouvetoya           19.69      5.72    0.70977      0.293182      0.035420      0.010732      0.021463
MIAGM13139_Marion_island      19.95      6.15    0.72988      0.383629      0.115859      0.115100      0.230200
MI2254_Macquarie         19.85      5.33    0.68987      0.331304      0.155293      0.186376      0.372752
Population              mean_N    mean_k    mean_He    p_sign_TPM    p_stdv_TPM    p_W_1t_TPM    p_W_2t_TPM
137714_South_Shetlands      19.85      5.97    0.72258      0.368310      0.254955      0.121590      0.243181
ATP43                    19.95      6.26    0.72362      0.367042      0.195474      0.080619      0.161239
BI7_Bouvetoya            19.64      5.92    0.71305      0.355687      0.374388      0.341925      0.683851
MIAGM13107_Marion_island      19.74      6.31    0.72905      0.435756      0.254358      0.120638      0.241276
MI1529_Macquarie         19.79      5.23    0.68026      0.389671      0.293488      0.109741      0.219482
Population              mean_N    mean_k    mean_He    p_sign_TPM    p_stdv_TPM    p_W_1t_TPM    p_W_2t_TPM
137720_South_Shetlands      19.85      6.13    0.72341      0.447126      0.262809      0.151057      0.302114
W6532/32_pup             20.00      6.05    0.71215      0.322577      0.254516      0.535726      0.939518
BI8_Bouvetoya            19.85      5.69    0.69788      0.117901      0.127258      0.034958      0.069917
CI21_Crozet              19.79      5.95    0.71997      0.119390      0.104222      0.037504      0.075008
MI2260_Macquarie         19.85      5.36    0.67875      0.248950      0.141121      0.016779      0.033559
Population              mean_N    mean_k    mean_He    p_sign_TPM    p_stdv_TPM    p_W_1t_TPM    p_W_2t_TPM
137684_South_Shetlands      19.95      6.15    0.73686      0.110354      0.091879      0.020692      0.041384
W9132_mum                19.79      5.90    0.71073      0.504343      0.196984      0.099609      0.199218
A1076_Bouvetoya          19.90      6.05    0.71131      0.454157      0.118246      0.115807      0.231613
MIAGM13111_Marion_island      19.85      6.10    0.72032      0.463778      0.334457      0.458796      0.917591
MI2262_Macquarie         19.59      5.26    0.70886      0.154080      0.014699      0.001735      0.003471
Population              mean_N    mean_k    mean_He    p_sign_TPM    p_stdv_TPM    p_W_1t_TPM    p_W_2t_TPM
137712_South_Shetlands      19.49      5.92    0.72358      0.013488      0.054151      0.002594      0.005187
W9135_pup                19.74      5.90    0.71611      0.194338      0.312425      0.129284      0.258568
A1082_Bouvetoya          19.90      5.72    0.71017      0.271809      0.180416      0.073074      0.146148
CI39_Crozet              19.69      6.03    0.72082      0.160047      0.027976      0.002235      0.004470
MI2249_Macquarie         19.90      5.77    0.71318      0.081572      0.093469      0.042210      0.084421
Population              mean_N    mean_k    mean_He    p_sign_TPM    p_stdv_TPM    p_W_1t_TPM    p_W_2t_TPM
137708_South_Shetlands      19.85      6.31    0.72772      0.206635      0.153829      0.535726      0.939518
ATP16                    19.79      6.10    0.71969      0.490793      0.231249      0.044952      0.089904
A1097_Bouvetoya          19.85      5.79    0.73208      0.013189      0.000574      0.000019      0.000038
MIAGM13138_Marion_island      19.85      6.05    0.71589      0.537889      0.372850      0.312869      0.625738
MI1455_Macquarie         19.49      5.26    0.69936      0.054861      0.068120      0.037504      0.075008
Population              mean_N    mean_k    mean_He    p_sign_TPM    p_stdv_TPM    p_W_1t_TPM    p_W_2t_TPM
137706_South_Shetlands      19.79      6.03    0.71383      0.561239      0.350017      0.234013      0.468025
W6558                    19.74      5.87    0.73535      0.064282      0.025890      0.006575      0.013149
A1077_Bouvetoya          19.95      5.97    0.71493      0.143526      0.077045      0.029407      0.058814
CI31_Crozet              19.90      5.92    0.73383      0.005047      0.001543      0.000022      0.000044
MI2264_Macquarie         19.74      5.56    0.71260      0.397951      0.075577      0.035220      0.070440
Population              mean_N    mean_k    mean_He    p_sign_TPM    p_stdv_TPM    p_W_1t_TPM    p_W_2t_TPM
137714_South_Shetlands      20.00      6.21    0.72969      0.299937      0.198815      0.135276      0.270551
W6512/12_pup             19.95      6.00    0.74343      0.114383      0.054410      0.010250      0.020501
A1041_Bouvetoya          19.74      5.56    0.70336      0.086888      0.033188      0.009943      0.019885
CI32_Crozet              19.79      6.08    0.72006      0.353784      0.281792      0.043564      0.087128
MI2251_Macquarie         19.44      5.13    0.68045      0.454605      0.191134      0.167989      0.335977
Population              mean_N    mean_k    mean_He    p_sign_TPM    p_stdv_TPM    p_W_1t_TPM    p_W_2t_TPM
137722_South_Shetlands      19.79      6.28    0.71755      0.509873      0.425145      0.398188      0.796376
W9175_mum                19.69      6.03    0.72445      0.030929      0.044536      0.002044      0.004087
A1020_Bouvetoya          19.74      5.64    0.70937      0.167711      0.108136      0.022179      0.044358
CI34_Crozet              19.69      5.92    0.71646      0.367303      0.226268      0.140118      0.280235
MI1680_Macquarie         19.79      5.26    0.68476      0.202087      0.169490      0.074532      0.149064
Population              mean_N    mean_k    mean_He    p_sign_TPM    p_stdv_TPM    p_W_1t_TPM    p_W_2t_TPM
137716_South_Shetlands      20.00      6.41    0.72470      0.283841      0.468917      0.138340      0.276680
W9178_pup                19.95      6.13    0.73641      0.116052      0.077902      0.010250      0.020501
A1081_Bouvetoya          20.00      5.64    0.70891      0.253627      0.158240      0.110216      0.220433
MIAGM13134_Marion_island      19.90      6.08    0.71506      0.156012      0.232791      0.092146      0.184292
MI1665_Macquarie         19.69      5.72    0.70338      0.145424      0.273532      0.171252      0.342503
Population              mean_N    mean_k    mean_He    p_sign_TPM    p_stdv_TPM    p_W_1t_TPM    p_W_2t_TPM
137715_South_Shetlands      19.69      6.15    0.73631      0.354216      0.249054      0.135276      0.270551
W6542/42_pup             19.79      6.23    0.72933      0.482413      0.219542      0.055661      0.111322
A1013_Bouvetoya          19.79      5.72    0.69975      0.025270      0.099629      0.047146      0.094292
MIAGM13139_Marion_island      19.64      5.97    0.73349      0.226526      0.158330      0.019289      0.038578
MI2265_Macquarie         19.90      5.26    0.69036      0.052634      0.036515      0.010658      0.021316
Population              mean_N    mean_k    mean_He    p_sign_TPM    p_stdv_TPM    p_W_1t_TPM    p_W_2t_TPM
137720_South_Shetlands      19.69      6.10    0.72160      0.198205      0.416767      0.367633      0.735266
W5737/38                 19.95      6.08    0.71736      0.296689      0.363749      0.225587      0.451174
A1056_Bouvetoya          19.90      5.79    0.70951      0.237131      0.078389      0.022234      0.044469
MIAGM13127_Marion_island      20.00      6.64    0.74062      0.267958      0.474171      0.307127      0.614255
MI2250_Macquarie         19.74      5.36    0.68479      0.170979      0.308766      0.081204      0.162409
Population              mean_N    mean_k    mean_He    p_sign_TPM    p_stdv_TPM    p_W_1t_TPM    p_W_2t_TPM
137709_South_Shetlands      19.74      6.10    0.72411      0.216824      0.479958      0.197457      0.394915
W9137_pup                19.59      6.18    0.72896      0.202664      0.033126      0.004586      0.009172
BI8_Bouvetoya            20.00      5.49    0.70256      0.258798      0.020137      0.004570      0.009139
CI25_Crozet              19.90      6.23    0.73629      0.125212      0.049327      0.003270      0.006540
MI2252_Macquarie         19.95      5.23    0.68311      0.517435      0.223648      0.046374      0.092749
Population              mean_N    mean_k    mean_He    p_sign_TPM    p_stdv_TPM    p_W_1t_TPM    p_W_2t_TPM
137723_South_Shetlands      20.00      6.38    0.72591      0.290903      0.235832      0.447863      0.895725
Y/B132/33                19.79      5.97    0.72018      0.009470      0.096023      0.010356      0.020712
A1022_Bouvetoya          19.85      5.87    0.71827      0.183087      0.166124      0.034958      0.069917
CI28_Crozet              19.59      5.90    0.71558      0.134097      0.059777      0.015356      0.030713
MI2270_Macquarie         19.74      5.36    0.69400      0.366438      0.377281      0.193615      0.387231
Population              mean_N    mean_k    mean_He    p_sign_TPM    p_stdv_TPM    p_W_1t_TPM    p_W_2t_TPM
137714_South_Shetlands      19.95      6.13    0.71989      0.082009      0.056941      0.026525      0.053049
W9178_mum                19.49      6.10    0.74053      0.068992      0.034840      0.003270      0.006540
BI23_Bouvetoya           19.95      5.69    0.71876      0.079942      0.003313      0.000693      0.001385
MIAGM13119_Marion_island      20.00      6.03    0.72767      0.068258      0.048510      0.008750      0.017501
MI1667_Macquarie         19.79      5.21    0.68706      0.143557      0.069416      0.017202      0.034404
Population              mean_N    mean_k    mean_He    p_sign_TPM    p_stdv_TPM    p_W_1t_TPM    p_W_2t_TPM
137714_South_Shetlands      19.95      6.10    0.72256      0.227274      0.397428      0.186376      0.372752
Y/B132/33                19.95      6.13    0.72717      0.228462      0.245556      0.082835      0.165670
A1028_Bouvetoya          20.00      5.64    0.70391      0.001178      0.015853      0.000957      0.001913
CI29_Crozet              19.79      5.87    0.71110      0.199161      0.082522      0.011514      0.023028
MI2259_Macquarie         19.95      5.36    0.69727      0.528566      0.250444      0.197457      0.394915
Population              mean_N    mean_k    mean_He    p_sign_TPM    p_stdv_TPM    p_W_1t_TPM    p_W_2t_TPM
137716_South_Shetlands      19.90      6.10    0.72985      0.118592      0.162205      0.043731      0.087463
W6530/30_pup             19.74      5.92    0.72582      0.296582      0.344429      0.141450      0.282901
BI24_Bouvetoya           19.49      5.79    0.73386      0.068956      0.012971      0.000623      0.001246
MIAGM13126_Marion_island      19.95      6.00    0.72684      0.046509      0.021976      0.001565      0.003130
MI2259_Macquarie         19.79      5.26    0.68957      0.083758      0.053274      0.026525      0.053049
Population              mean_N    mean_k    mean_He    p_sign_TPM    p_stdv_TPM    p_W_1t_TPM    p_W_2t_TPM
137700_South_Shetlands      19.74      6.23    0.73190      0.266707      0.111250      0.087792      0.175584
W9169_pup                19.85      6.08    0.71959      0.052715      0.219628      0.050746      0.101491
BI6_Bouvetoya            19.90      5.82    0.71589      0.227514      0.134760      0.115100      0.230200
CI40_Crozet              19.85      6.13    0.72371      0.029939      0.167814      0.052248      0.104496
MI2267_Macquarie         19.79      5.69    0.70669      0.107629      0.172444      0.018851      0.037703
Population              mean_N    mean_k    mean_He    p_sign_TPM    p_stdv_TPM    p_W_1t_TPM    p_W_2t_TPM
137711_South_Shetlands      19.44      6.38    0.73910      0.225455      0.473170      0.213269      0.426539
W9168_pup                19.59      5.67    0.71651      0.429134      0.262795      0.092369      0.184738
A1091_Bouvetoya          19.79      5.62    0.71561      0.104727      0.009447      0.001121      0.002242
MIAGM13141_Marion_island      19.90      6.36    0.72814      0.430003      0.348590      0.225587      0.451174
MI1632_Macquarie         19.38      5.21    0.68545      0.481105      0.259365      0.171252      0.342503
Population              mean_N    mean_k    mean_He    p_sign_TPM    p_stdv_TPM    p_W_1t_TPM    p_W_2t_TPM
137720_South_Shetlands      19.79      6.33    0.72671      0.415342      0.469729      0.287955      0.575910
W04                      19.69      6.08    0.73376      0.232913      0.124768      0.038689      0.077379
BI8_Bouvetoya            19.90      5.79    0.70599      0.369000      0.087056      0.040890      0.081780
MIAGM13132_Marion_island      19.79      6.10    0.73042      0.510667      0.208624      0.124555      0.249111
MI1613_Macquarie         19.64      5.46    0.69953      0.083490      0.066631      0.039602      0.079205
Population              mean_N    mean_k    mean_He    p_sign_TPM    p_stdv_TPM    p_W_1t_TPM    p_W_2t_TPM
137699_South_Shetlands      19.85      6.23    0.71712      0.302045      0.465105      0.264798      0.529596
W6754                    19.85      5.77    0.72717      0.006842      0.008178      0.000034      0.000068
BI10_Bouvetoya           19.85      5.87    0.72191      0.006043      0.008226      0.000519      0.001038
CI1_Crozet               19.90      6.49    0.73280      0.276596      0.303787      0.123475      0.246950
MI1669_Macquarie         19.49      5.36    0.69795      0.407566      0.305716      0.071132      0.142264
Population              mean_N    mean_k    mean_He    p_sign_TPM    p_stdv_TPM    p_W_1t_TPM    p_W_2t_TPM
137712_South_Shetlands      19.54      6.10    0.71309      0.324268      0.438911      0.176899      0.353798
W1_Wilson_Harbour        19.85      6.00    0.71195      0.086506      0.110592      0.007745      0.015490
BI14_Bouvetoya           19.90      5.79    0.69314      0.478863      0.157924      0.104818      0.209636
CI30_Crozet              19.85      5.82    0.71511      0.150346      0.062840      0.015952      0.031905
MI2270_Macquarie         19.95      5.33    0.68915      0.074454      0.104442      0.021449      0.042898
Population              mean_N    mean_k    mean_He    p_sign_TPM    p_stdv_TPM    p_W_1t_TPM    p_W_2t_TPM
137684_South_Shetlands      19.90      6.41    0.72776      0.554102      0.391990      0.132257      0.264514
W6550                    19.64      6.10    0.73756      0.529569      0.071322      0.016122      0.032244
A1100_Bouvetoya          19.95      5.92    0.71114      0.394945      0.465545      0.231946      0.463892
MIAGM13139_Marion_island      19.74      5.90    0.72680      0.006179      0.019406      0.001827      0.003653
MI1621_Macquarie         19.85      5.31    0.68150      0.118418      0.143572      0.046439      0.092879
Population              mean_N    mean_k    mean_He    p_sign_TPM    p_stdv_TPM    p_W_1t_TPM    p_W_2t_TPM
137691_South_Shetlands      19.95      6.36    0.73908      0.055022      0.028137      0.006046      0.012092
W16                      19.90      6.10    0.72081      0.076263      0.077999      0.008785      0.017571
A1021_Bouvetoya          19.79      5.49    0.69078      0.247753      0.142843      0.032538      0.065076
CI25_Crozet              19.90      5.87    0.73218      0.021616      0.014459      0.003626      0.007252
MI2256_Macquarie         19.74      5.51    0.70298      0.030202      0.092213      0.033049      0.066098
Population              mean_N    mean_k    mean_He    p_sign_TPM    p_stdv_TPM    p_W_1t_TPM    p_W_2t_TPM
137707_South_Shetlands      19.79      6.08    0.71692      0.387392      0.415323      0.367633      0.735266
Y/B142/43                19.79      6.00    0.70784      0.474475      0.166521      0.044952      0.089904
A1095_Bouvetoya          19.95      5.74    0.70271      0.158049      0.280647      0.080619      0.161239
CI22_Crozet              19.90      5.97    0.72686      0.176839      0.020041      0.004674      0.009348
MI1665_Macquarie         19.54      5.21    0.68815      0.177818      0.027338      0.007596      0.015193
Population              mean_N    mean_k    mean_He    p_sign_TPM    p_stdv_TPM    p_W_1t_TPM    p_W_2t_TPM
137638_South_Shetlands      19.79      6.13    0.74744      0.034483      0.004554      0.000314      0.000629
Y/B132/33                19.54      5.90    0.72052      0.279259      0.133630      0.071132      0.142264
A1059_Bouvetoya          19.90      5.67    0.69950      0.239828      0.213567      0.089750      0.179501
MIAGM13131_Marion_island      19.85      6.03    0.72989      0.282546      0.115064      0.037504      0.075008
MI2264_Macquarie         19.90      5.51    0.69600      0.266273      0.495481      0.404596      0.809191
Population              mean_N    mean_k    mean_He    p_sign_TPM    p_stdv_TPM    p_W_1t_TPM    p_W_2t_TPM
137702_South_Shetlands      19.64      6.31    0.72968      0.143084      0.411818      0.147809      0.295618
Y/B132/33                19.74      6.10    0.72894      0.256870      0.266230      0.046374      0.092749
A1076_Bouvetoya          19.64      5.95    0.71699      0.445070      0.446468      0.246964      0.493928
CI28_Crozet              19.90      5.97    0.71451      0.101617      0.178579      0.085567      0.171134
MI2270_Macquarie         20.00      5.26    0.67949      0.136994      0.366353      0.150049      0.300097
Population              mean_N    mean_k    mean_He    p_sign_TPM    p_stdv_TPM    p_W_1t_TPM    p_W_2t_TPM
137707_South_Shetlands      19.79      6.23    0.72565      0.424986      0.385873      0.238288      0.476577
W6551                    19.85      6.23    0.71883      0.334416      0.248662      0.140118      0.280235
A1074_Bouvetoya          19.69      5.54    0.70263      0.038881      0.090488      0.032538      0.065076
MIAGM13134_Marion_island      19.95      6.05    0.73223      0.058859      0.132255      0.013913      0.027825
MI2258_Macquarie         19.59      5.49    0.68640      0.400066      0.166327      0.127430      0.254859
Population              mean_N    mean_k    mean_He    p_sign_TPM    p_stdv_TPM    p_W_1t_TPM    p_W_2t_TPM
137692_South_Shetlands      19.74      6.23    0.74242      0.073055      0.034204      0.006575      0.013149
W9134_mum                19.85      6.05    0.72933      0.029530      0.075479      0.017965      0.035930
BI1_Bouvetoya            19.95      5.92    0.71782      0.551856      0.445190      0.426121      0.852241
CI38_Crozet              19.95      6.49    0.74844      0.190891      0.039940      0.007143      0.014285
MI2265_Macquarie         19.79      5.56    0.68091      0.460080      0.465044      0.231946      0.463892
Population              mean_N    mean_k    mean_He    p_sign_TPM    p_stdv_TPM    p_W_1t_TPM    p_W_2t_TPM
137704_South_Shetlands      19.79      6.28    0.74127      0.562159      0.260150      0.600744      0.809191
W9177_pup                19.90      5.92    0.72677      0.283414      0.066398      0.069229      0.138457
A1047_Bouvetoya          19.90      5.74    0.71890      0.013056      0.007935      0.000397      0.000794
MIAGM13140_Marion_island      19.90      6.15    0.72710      0.131712      0.213352      0.092369      0.184738
MI2269_Macquarie         19.90      5.46    0.69119      0.234198      0.411455      0.399256      0.798511
Population              mean_N    mean_k    mean_He    p_sign_TPM    p_stdv_TPM    p_W_1t_TPM    p_W_2t_TPM
137701_South_Shetlands      19.90      6.31    0.74883      0.016338      0.018368      0.008750      0.017501
W6552                    19.95      5.72    0.72020      0.051298      0.023499      0.000386      0.000771
BI17_Bouvetoya           19.79      5.56    0.70796      0.417416      0.019454      0.017448      0.034896
MIAGM13143_Marion_island      19.85      6.00    0.72603      0.311342      0.107280      0.045069      0.090139
MI1516_Macquarie         19.49      5.18    0.70214      0.065371      0.017625      0.002044      0.004087
Population              mean_N    mean_k    mean_He    p_sign_TPM    p_stdv_TPM    p_W_1t_TPM    p_W_2t_TPM
137719_South_Shetlands      19.90      6.31    0.72590      0.429774      0.469301      0.221438      0.442876
SG15_South_Georgia       19.85      6.10    0.72926      0.213635      0.178372      0.022955      0.045909
A1002_Bouvetoya          19.85      5.77    0.70965      0.149206      0.080186      0.040890      0.081780
MIAGM13116_Marion_island      19.95      6.08    0.72549      0.018927      0.082660      0.007745      0.015490
MI2254_Macquarie         19.95      5.13    0.67286      0.425697      0.132551      0.064332      0.128663
Population              mean_N    mean_k    mean_He    p_sign_TPM    p_stdv_TPM    p_W_1t_TPM    p_W_2t_TPM
137714_South_Shetlands      19.79      6.00    0.70869      0.532408      0.289349      0.254503      0.509007
W9162_mum                19.79      5.87    0.71375      0.092154      0.076171      0.007112      0.014224
A1093_Bouvetoya          19.79      5.77    0.71441      0.117144      0.078897      0.017332      0.034665
CI20_Crozet              19.95      6.08    0.72439      0.312287      0.026776      0.007112      0.014224
MI2259_Macquarie         19.59      5.59    0.71125      0.055624      0.014980      0.011079      0.022158
Population              mean_N    mean_k    mean_He    p_sign_TPM    p_stdv_TPM    p_W_1t_TPM    p_W_2t_TPM
137683_South_Shetlands      19.90      6.69    0.73943      0.455194      0.488063      0.326829      0.653658
W9177_mum                19.74      5.69    0.70673      0.002943      0.003025      0.000088      0.000175
BI23_Bouvetoya           19.90      6.03    0.71273      0.132999      0.175210      0.097075      0.194150
CI31_Crozet              19.79      6.03    0.71747      0.267922      0.220353      0.069229      0.138457
MI2253_Macquarie         19.90      5.28    0.67419      0.181421      0.196764      0.053530      0.107060
Population              mean_N    mean_k    mean_He    p_sign_TPM    p_stdv_TPM    p_W_1t_TPM    p_W_2t_TPM
137705_South_Shetlands      19.64      6.00    0.73196      0.332801      0.267214      0.092369      0.184738
W6542/42                 19.79      6.13    0.72179      0.247502      0.325361      0.089750      0.179501
BI14_Bouvetoya           19.90      5.72    0.69528      0.060049      0.178370      0.044186      0.088371
CI40_Crozet              19.95      6.10    0.71639      0.398393      0.281280      0.167594      0.335188
MI2248_Macquarie         19.85      5.59    0.68887      0.569735      0.422192      0.232123      0.464246
Population              mean_N    mean_k    mean_He    p_sign_TPM    p_stdv_TPM    p_W_1t_TPM    p_W_2t_TPM
137700_South_Shetlands      19.85      6.31    0.71832      0.391548      0.303171      0.344010      0.688020
W6517/17_pup             19.79      6.41    0.72555      0.295218      0.453240      0.264798      0.529596
A1058_Bouvetoya          19.90      5.64    0.71688      0.005584      0.011395      0.002360      0.004719
CI38_Crozet              19.69      6.05    0.72008      0.103876      0.071953      0.012907      0.025814
MI2265_Macquarie         19.95      5.49    0.67803      0.334957      0.404189      0.287868      0.575736
Population              mean_N    mean_k    mean_He    p_sign_TPM    p_stdv_TPM    p_W_1t_TPM    p_W_2t_TPM
137723_South_Shetlands      19.64      6.18    0.71388      0.550453      0.407912      0.415327      0.830654
W9177_mum                19.69      5.92    0.71848      0.274943      0.284619      0.063749      0.127497
A1034_Bouvetoya          19.90      5.97    0.71303      0.351168      0.278892      0.231946      0.463892
MIAGM13143_Marion_island      19.69      6.15    0.71812      0.551182      0.325118      0.242606      0.485211
MI2255_Macquarie         19.95      5.62    0.69831      0.176404      0.333524      0.186067      0.372133
Population              mean_N    mean_k    mean_He    p_sign_TPM    p_stdv_TPM    p_W_1t_TPM    p_W_2t_TPM
137685_South_Shetlands      20.00      6.28    0.74211      0.525760      0.195140      0.014440      0.028879
Y/B134/35                19.85      6.08    0.73126      0.079633      0.277162      0.071132      0.142264
A1076_Bouvetoya          20.00      5.97    0.72537      0.092022      0.035846      0.001202      0.002405
CI39_Crozet              19.95      6.10    0.72117      0.341572      0.072128      0.040890      0.081780
MI1586_Macquarie         19.64      5.54    0.70232      0.230433      0.057044      0.009943      0.019885
Population              mean_N    mean_k    mean_He    p_sign_TPM    p_stdv_TPM    p_W_1t_TPM    p_W_2t_TPM
137679_South_Shetlands      19.69      6.15    0.72789      0.196532      0.168234      0.090060      0.180119
W9168_mum                19.79      6.31    0.73469      0.455891      0.150112      0.061997      0.123994
A1030_Bouvetoya          19.95      5.92    0.72080      0.344587      0.074453      0.019229      0.038457
CI22_Crozet              19.90      6.03    0.72162      0.062075      0.046312      0.006046      0.012092
MI2258_Macquarie         19.79      5.64    0.70820      0.134177      0.097944      0.047832      0.095663
Population              mean_N    mean_k    mean_He    p_sign_TPM    p_stdv_TPM    p_W_1t_TPM    p_W_2t_TPM
137715_South_Shetlands      19.69      5.97    0.70652      0.386427      0.192370      0.092369      0.184738
Y/B134/35                19.85      6.10    0.72805      0.122823      0.060215      0.016122      0.032244
BI8_Bouvetoya            19.79      5.72    0.69670      0.343573      0.125367      0.115807      0.231613
MIAGM13135_Marion_island      19.95      6.15    0.71331      0.054662      0.193315      0.050259      0.100519
MI2251_Macquarie         19.69      5.41    0.70605      0.541336      0.103320      0.052248      0.104496
Population              mean_N    mean_k    mean_He    p_sign_TPM    p_stdv_TPM    p_W_1t_TPM    p_W_2t_TPM
137719_South_Shetlands      19.95      6.38    0.74168      0.125691      0.162915      0.010250      0.020501
W9172_mum                19.79      6.26    0.73046      0.568491      0.177639      0.073074      0.146148
A1078_Bouvetoya          19.49      5.56    0.69800      0.294307      0.214196      0.210522      0.421045
MIAGM13131_Marion_island      19.95      6.28    0.73598      0.126897      0.136897      0.021425      0.042850
MI2254_Macquarie         19.79      5.64    0.70604      0.394476      0.483197      0.129284      0.258568
Population              mean_N    mean_k    mean_He    p_sign_TPM    p_stdv_TPM    p_W_1t_TPM    p_W_2t_TPM
137723_South_Shetlands      20.00      6.18    0.72065      0.420440      0.456770      0.107128      0.214257
Y/B142/43                19.54      6.10    0.73410      0.191408      0.057963      0.033049      0.066098
BI10_Bouvetoya           19.79      5.87    0.71676      0.074258      0.061049      0.012649      0.025299
MIAGM13118_Marion_island      19.85      6.05    0.71385      0.186136      0.240241      0.115217      0.230435
MI2269_Macquarie         19.79      5.33    0.68117      0.413141      0.222241      0.163985      0.327971
Population              mean_N    mean_k    mean_He    p_sign_TPM    p_stdv_TPM    p_W_1t_TPM    p_W_2t_TPM
137721_South_Shetlands      19.79      5.87    0.69972      0.297355      0.490310      0.175083      0.350166
W6548                    19.90      6.15    0.73052      0.451457      0.263296      0.097116      0.194231
A1100_Bouvetoya          19.90      5.97    0.71263      0.210925      0.263237      0.541204      0.928548
MIAGM13135_Marion_island      19.85      5.79    0.72117      0.068074      0.118969      0.060283      0.120565
MI2265_Macquarie         19.79      5.21    0.66960      0.220092      0.330424      0.202281      0.404563
Population              mean_N    mean_k    mean_He    p_sign_TPM    p_stdv_TPM    p_W_1t_TPM    p_W_2t_TPM
137710_South_Shetlands      19.95      6.13    0.72048      0.463426      0.445591      0.189818      0.379637
W9174_pup                19.64      6.08    0.71986      0.479938      0.296444      0.175083      0.350166
A1099_Bouvetoya          19.69      6.00    0.71518      0.288716      0.197698      0.089750      0.179501
CI23_Crozet              20.00      5.97    0.71363      0.246417      0.301330      0.062607      0.125213
MI2250_Macquarie         19.79      5.56    0.70421      0.180027      0.105525      0.005098      0.010195
Population              mean_N    mean_k    mean_He    p_sign_TPM    p_stdv_TPM    p_W_1t_TPM    p_W_2t_TPM
137674_South_Shetlands      19.85      6.23    0.72851      0.428779      0.098265      0.037504      0.075008
W6540/40                 19.79      6.26    0.71990      0.479638      0.287096      0.087400      0.174800
A1099_Bouvetoya          19.74      5.95    0.70680      0.553274      0.264433      0.447863      0.895725
MIAGM13137_Marion_island      19.85      6.05    0.72898      0.026210      0.009745      0.000388      0.000777
MI2258_Macquarie         19.64      5.31    0.70097      0.140945      0.037769      0.014221      0.028441
Population              mean_N    mean_k    mean_He    p_sign_TPM    p_stdv_TPM    p_W_1t_TPM    p_W_2t_TPM
137703_South_Shetlands      19.74      6.41    0.74005      0.239438      0.189059      0.071132      0.142264
W6537/37_FWB_pup         19.90      6.44    0.73171      0.198699      0.342726      0.541204      0.928548
A1061_Bouvetoya          19.79      5.92    0.70968      0.569201      0.366560      0.130615      0.261230
CI29_Crozet              19.85      6.15    0.73032      0.419589      0.286726      0.167989      0.335977
MI2267_Macquarie         19.90      5.51    0.70677      0.248622      0.074751      0.024734      0.049468
Population              mean_N    mean_k    mean_He    p_sign_TPM    p_stdv_TPM    p_W_1t_TPM    p_W_2t_TPM
137712_South_Shetlands      19.74      6.18    0.73000      0.457506      0.100563      0.038689      0.077379
W9164_pup                19.85      6.03    0.71050      0.151030      0.246164      0.562640      0.886029
A1057_Bouvetoya          19.95      5.54    0.70575      0.057671      0.013359      0.001956      0.003913
MIAGM13068_Marion_island      20.00      6.08    0.72551      0.318065      0.086214      0.026283      0.052567
MI2252_Macquarie         19.49      5.10    0.69376      0.046269      0.028870      0.007442      0.014884
Population              mean_N    mean_k    mean_He    p_sign_TPM    p_stdv_TPM    p_W_1t_TPM    p_W_2t_TPM
137718_South_Shetlands      20.00      6.44    0.73671      0.173202      0.235129      0.092369      0.184738
W9176_pup                19.74      6.15    0.74012      0.089973      0.011092      0.000583      0.001166
BI8_Bouvetoya            19.90      5.46    0.68845      0.262633      0.122134      0.062425      0.124850
MIAGM13144_Marion_island      19.74      6.05    0.72863      0.033373      0.055538      0.013402      0.026804
MI2267_Macquarie         19.74      5.28    0.69102      0.239436      0.251410      0.052419      0.104837
Population              mean_N    mean_k    mean_He    p_sign_TPM    p_stdv_TPM    p_W_1t_TPM    p_W_2t_TPM
137716_South_Shetlands      19.69      6.15    0.73688      0.078200      0.073473      0.034121      0.068242
Y/B142/43                19.95      5.90    0.73068      0.451416      0.157964      0.067364      0.134728
BI3_Bouvetoya            19.74      5.56    0.70228      0.152655      0.143197      0.136906      0.273813
CI40_Crozet              19.95      6.08    0.73048      0.028680      0.053358      0.004882      0.009763
MI2249_Macquarie         19.79      5.36    0.69585      0.114502      0.142037      0.056962      0.113925
Population              mean_N    mean_k    mean_He    p_sign_TPM    p_stdv_TPM    p_W_1t_TPM    p_W_2t_TPM
137719_South_Shetlands      19.69      6.33    0.74442      0.212503      0.162239      0.055356      0.110712
W6538/38_FWB_pup         19.69      5.95    0.73643      0.002720      0.026515      0.001648      0.003296
A1089_Bouvetoya          19.74      5.74    0.70682      0.121262      0.269975      0.032627      0.065254
CI39_Crozet              19.79      6.05    0.72296      0.411971      0.249440      0.112398      0.224797
MI1688_Macquarie         19.64      5.10    0.68229      0.348814      0.253061      0.268557      0.537113
Population              mean_N    mean_k    mean_He    p_sign_TPM    p_stdv_TPM    p_W_1t_TPM    p_W_2t_TPM
137718_South_Shetlands      20.00      6.03    0.74265      0.035142      0.092520      0.008750      0.017501
ATP40                    19.95      5.85    0.71825      0.016506      0.021771      0.000284      0.000568
A1059_Bouvetoya          19.69      5.77    0.71738      0.158483      0.062710      0.012649      0.025299
CI1_Crozet               19.85      6.23    0.73457      0.006463      0.004761      0.000251      0.000501
MI2265_Macquarie         19.95      5.41    0.70391      0.075137      0.017003      0.008079      0.016159
Population              mean_N    mean_k    mean_He    p_sign_TPM    p_stdv_TPM    p_W_1t_TPM    p_W_2t_TPM
137716_South_Shetlands      19.85      6.31    0.72023      0.288677      0.402496      0.205275      0.410550
W9136_mum                19.95      6.13    0.73730      0.300433      0.121371      0.009475      0.018950
A1032_Bouvetoya          19.95      5.67    0.71563      0.089615      0.006422      0.000182      0.000364
MIAGM13069_Marion_island      19.90      6.18    0.71665      0.222796      0.259930      0.231946      0.463892
MI1616_Macquarie         19.18      5.38    0.70287      0.018136      0.024828      0.007112      0.014224
Population              mean_N    mean_k    mean_He    p_sign_TPM    p_stdv_TPM    p_W_1t_TPM    p_W_2t_TPM
137684_South_Shetlands      19.59      6.00    0.70994      0.501406      0.366452      0.292794      0.585588
W9178_pup                19.85      5.82    0.72859      0.042371      0.004384      0.000461      0.000923
A1094_Bouvetoya          20.00      5.74    0.71242      0.007448      0.002426      0.000122      0.000245
CI22_Crozet              20.00      5.92    0.71781      0.435212      0.175154      0.071132      0.142264
MI2267_Macquarie         19.90      5.46    0.70405      0.445299      0.127188      0.063749      0.127497
Population              mean_N    mean_k    mean_He    p_sign_TPM    p_stdv_TPM    p_W_1t_TPM    p_W_2t_TPM
137720_South_Shetlands      19.85      6.18    0.73053      0.302409      0.194159      0.090060      0.180119
W9176_pup                19.69      6.41    0.72783      0.376314      0.485872      0.194232      0.388464
A1094_Bouvetoya          19.79      5.87    0.71277      0.163598      0.206040      0.046374      0.092749
MIAGM13115_Marion_island      19.90      5.97    0.71186      0.539744      0.326079      0.189818      0.379637
MI2264_Macquarie         19.79      5.36    0.69066      0.566846      0.166667      0.124297      0.248595
Population              mean_N    mean_k    mean_He    p_sign_TPM    p_stdv_TPM    p_W_1t_TPM    p_W_2t_TPM
137717_South_Shetlands      19.74      6.38    0.71286      0.451021      0.087187      0.590047      0.830654
W6515/15                 19.69      6.00    0.71909      0.247181      0.051646      0.011079      0.022158
A1082_Bouvetoya          19.64      5.82    0.72833      0.010512      0.001930      0.000094      0.000189
MIAGM13112_Marion_island      19.90      6.03    0.73440      0.002355      0.005022      0.000207      0.000414
MI1667_Macquarie         19.79      5.23    0.68004      0.513000      0.442006      0.201344      0.402688
Population              mean_N    mean_k    mean_He    p_sign_TPM    p_stdv_TPM    p_W_1t_TPM    p_W_2t_TPM
137697_South_Shetlands      19.85      6.26    0.73897      0.451162      0.484448      0.225587      0.451174
W5509/10                 19.79      5.82    0.70647      0.278690      0.064774      0.007266      0.014532
A1086_Bouvetoya          19.74      5.69    0.71073      0.192208      0.207843      0.107128      0.214257
CI23_Crozet              19.69      6.10    0.70145      0.155927      0.264111      0.505717      1.000000
MI2256_Macquarie         19.79      5.38    0.69831      0.147189      0.083661      0.042210      0.084421
Population              mean_N    mean_k    mean_He    p_sign_TPM    p_stdv_TPM    p_W_1t_TPM    p_W_2t_TPM
137712_South_Shetlands      19.54      6.03    0.72719      0.295256      0.041055      0.011514      0.023028
W6754                    19.90      5.95    0.72185      0.552384      0.146960      0.041149      0.082299
A1063_Bouvetoya          19.79      5.92    0.71971      0.033649      0.137837      0.041149      0.082299
CI30_Crozet              19.90      6.08    0.73406      0.176943      0.064805      0.027174      0.054348
MI2252_Macquarie         19.69      5.62    0.70183      0.396568      0.244072      0.127430      0.254859
Population              mean_N    mean_k    mean_He    p_sign_TPM    p_stdv_TPM    p_W_1t_TPM    p_W_2t_TPM
137716_South_Shetlands      19.90      5.79    0.70684      0.362249      0.243692      0.087400      0.174800
W6536                    19.90      5.79    0.72094      0.017885      0.005657      0.000302      0.000604
BI1_Bouvetoya            19.79      5.79    0.69170      0.093668      0.429922      0.192957      0.385915
CI23_Crozet              19.85      6.05    0.72557      0.149247      0.175080      0.063749      0.127497
MI2249_Macquarie         19.95      5.49    0.69145      0.147627      0.362276      0.130632      0.261265
Population              mean_N    mean_k    mean_He    p_sign_TPM    p_stdv_TPM    p_W_1t_TPM    p_W_2t_TPM
137715_South_Shetlands      19.79      6.41    0.73231      0.559730      0.353925      0.321856      0.643713
W9173_mum                19.85      6.15    0.72891      0.553764      0.450967      0.269355      0.538709
BI2_Bouvetoya            19.85      5.82    0.70966      0.104003      0.272187      0.193615      0.387231
MIAGM13141_Marion_island      19.90      6.00    0.70763      0.322478      0.341058      0.186376      0.372752
MI2265_Macquarie         19.79      5.31    0.67872      0.108200      0.043651      0.024519      0.049038
Population              mean_N    mean_k    mean_He    p_sign_TPM    p_stdv_TPM    p_W_1t_TPM    p_W_2t_TPM
137706_South_Shetlands      19.69      6.41    0.73903      0.342182      0.133111      0.035932      0.071863
W6525/25_pup             19.85      5.90    0.71576      0.077236      0.164760      0.047832      0.095663
A1061_Bouvetoya          19.95      5.56    0.70160      0.145471      0.052791      0.024734      0.049468
MIAGM13142_Marion_island      19.79      6.23    0.72345      0.330848      0.346603      0.486244      0.972488
MI2248_Macquarie         19.44      5.38    0.68873      0.338853      0.350246      0.089750      0.179501
Population              mean_N    mean_k    mean_He    p_sign_TPM    p_stdv_TPM    p_W_1t_TPM    p_W_2t_TPM
137718_South_Shetlands      19.85      6.36    0.73729      0.408487      0.495803      0.157692      0.315383
W6528/28_pup             19.74      6.18    0.74137      0.128262      0.127118      0.026283      0.052567
A1043_Bouvetoya          19.95      5.90    0.72277      0.136589      0.013573      0.001337      0.002675
CI28_Crozet              19.79      5.54    0.69690      0.248758      0.197378      0.076320      0.152639
MI2251_Macquarie         19.44      5.21    0.68882      0.278736      0.075603      0.045069      0.090139
Population              mean_N    mean_k    mean_He    p_sign_TPM    p_stdv_TPM    p_W_1t_TPM    p_W_2t_TPM
137689_South_Shetlands      20.00      6.08    0.72200      0.045946      0.137592      0.027459      0.054917
W9162_pup                19.64      6.03    0.73152      0.396457      0.094966      0.028090      0.056179
A1091_Bouvetoya          19.85      5.79    0.69561      0.224331      0.490870      0.273949      0.547898
CI40_Crozet              19.95      5.92    0.71432      0.265864      0.098733      0.028090      0.056179
MI2269_Macquarie         19.95      5.49    0.69092      0.191226      0.121571      0.039904      0.079809
Population              mean_N    mean_k    mean_He    p_sign_TPM    p_stdv_TPM    p_W_1t_TPM    p_W_2t_TPM
137714_South_Shetlands      19.74      6.10    0.73359      0.394502      0.247938      0.092369      0.184738
W9136_pup                19.74      6.08    0.73488      0.092588      0.029064      0.007745      0.015490
A1079_Bouvetoya          19.85      5.77    0.70628      0.143379      0.225048      0.080619      0.161239
MIAGM13113_Marion_island      19.90      6.10    0.72388      0.532838      0.204388      0.097116      0.194231
MI2258_Macquarie         19.95      5.51    0.68576      0.479245      0.323087      0.156918      0.313835
Population              mean_N    mean_k    mean_He    p_sign_TPM    p_stdv_TPM    p_W_1t_TPM    p_W_2t_TPM
137714_South_Shetlands      19.74      5.92    0.69960      0.370520      0.470189      0.403732      0.807465
W6537                    19.85      6.18    0.72508      0.048278      0.025436      0.009158      0.018315
A1046_Bouvetoya          19.85      5.49    0.69787      0.044971      0.026570      0.006245      0.012491
CI31_Crozet              20.00      6.13    0.73225      0.161167      0.109612      0.021449      0.042898
MI2255_Macquarie         19.69      5.23    0.69449      0.405938      0.053244      0.019980      0.039961
Population              mean_N    mean_k    mean_He    p_sign_TPM    p_stdv_TPM    p_W_1t_TPM    p_W_2t_TPM
137721_South_Shetlands      19.90      6.28    0.72650      0.305013      0.446968      0.321856      0.643713
W9163_mum                19.90      5.85    0.71342      0.393752      0.204938      0.130632      0.261265
A1047_Bouvetoya          19.64      5.69    0.71576      0.028749      0.037531      0.003270      0.006540
CI30_Crozet              19.90      5.97    0.73268      0.118704      0.079639      0.006046      0.012092
MI2259_Macquarie         19.85      5.31    0.68740      0.144929      0.029291      0.012649      0.025299
Population              mean_N    mean_k    mean_He    p_sign_TPM    p_stdv_TPM    p_W_1t_TPM    p_W_2t_TPM
137694_South_Shetlands      19.85      6.31    0.73071      0.348347      0.408498      0.307127      0.614255
W9175_pup                19.74      6.13    0.73020      0.402232      0.205380      0.077077      0.154154
2258_Bouvetoya           19.79      5.85    0.70725      0.009441      0.034306      0.000957      0.001913
CI27_Crozet              19.79      6.03    0.73124      0.057185      0.034230      0.002848      0.005696
MI1669_Macquarie         19.95      5.21    0.68731      0.480736      0.131895      0.087792      0.175584
Population              mean_N    mean_k    mean_He    p_sign_TPM    p_stdv_TPM    p_W_1t_TPM    p_W_2t_TPM
137721_South_Shetlands      19.95      6.49    0.73068      0.008284      0.079386      0.008426      0.016852
W6756                    19.90      5.77    0.71186      0.237539      0.109780      0.008079      0.016159
A1062_Bouvetoya          19.79      5.49    0.70348      0.007778      0.003518      0.000177      0.000354
CI20_Crozet              19.79      5.87    0.72478      0.249404      0.013524      0.002349      0.004697
MI2261_Macquarie         19.64      5.38    0.70266      0.191541      0.101600      0.079138      0.158277
Population              mean_N    mean_k    mean_He    p_sign_TPM    p_stdv_TPM    p_W_1t_TPM    p_W_2t_TPM
137679_South_Shetlands      20.00      6.38    0.72605      0.281625      0.046089      0.003746      0.007492
W9172_pup                19.90      5.85    0.71463      0.335806      0.245611      0.141450      0.282901
A1085_Bouvetoya          20.00      5.59    0.69109      0.017790      0.027025      0.009158      0.018315
MIAGM13134_Marion_island      19.79      6.13    0.72740      0.539813      0.280078      0.175083      0.350166
MI2270_Macquarie         19.95      5.28    0.69095      0.075718      0.062108      0.010356      0.020712
Population              mean_N    mean_k    mean_He    p_sign_TPM    p_stdv_TPM    p_W_1t_TPM    p_W_2t_TPM
137673_South_Shetlands      19.85      6.28    0.73027      0.292539      0.372042      0.115100      0.230200
W9178_mum                19.90      6.15    0.72421      0.026508      0.075468      0.008406      0.016812
BI16_Bouvetoya           20.00      6.08    0.71350      0.448420      0.479976      0.367633      0.735266
CI39_Crozet              19.95      5.95    0.71308      0.270529      0.149019      0.024734      0.049468
MI1669_Macquarie         19.90      5.56    0.69419      0.525796      0.194487      0.126357      0.252714
Population              mean_N    mean_k    mean_He    p_sign_TPM    p_stdv_TPM    p_W_1t_TPM    p_W_2t_TPM
137718_South_Shetlands      19.95      6.41    0.71220      0.394666      0.311157      0.312869      0.625738
W9175_mum                19.38      5.74    0.72711      0.124555      0.044410      0.007143      0.014285
A1087_Bouvetoya          19.85      6.00    0.72224      0.460015      0.076061      0.023876      0.047753
CI31_Crozet              19.79      6.03    0.71078      0.049487      0.182828      0.045069      0.090139
MI2254_Macquarie         19.69      5.18    0.66838      0.441430      0.233471      0.176899      0.353798
Population              mean_N    mean_k    mean_He    p_sign_TPM    p_stdv_TPM    p_W_1t_TPM    p_W_2t_TPM
137715_South_Shetlands      19.64      5.95    0.71264      0.232732      0.316532      0.120638      0.241276
W9136_pup                19.74      6.26    0.73101      0.041433      0.142012      0.015356      0.030713
BI8_Bouvetoya            19.95      5.72    0.71628      0.091785      0.053860      0.004570      0.009139
CI28_Crozet              19.90      5.95    0.72491      0.155688      0.035178      0.011685      0.023371
MI2256_Macquarie         19.85      5.49    0.70624      0.154542      0.060407      0.020686      0.041373
Population              mean_N    mean_k    mean_He    p_sign_TPM    p_stdv_TPM    p_W_1t_TPM    p_W_2t_TPM
137708_South_Shetlands      19.74      6.41    0.75418      0.069771      0.046292      0.011514      0.023028
SG26_South_Georgia       19.85      6.31    0.73509      0.064074      0.203655      0.043731      0.087463
BI5_Bouvetoya            19.90      5.79    0.70850      0.105079      0.008430      0.001268      0.002537
CI40_Crozet              19.79      5.85    0.71572      0.079777      0.140449      0.078448      0.156895
MI1607_Macquarie         19.90      5.33    0.68386      0.182139      0.260371      0.202281      0.404563
Population              mean_N    mean_k    mean_He    p_sign_TPM    p_stdv_TPM    p_W_1t_TPM    p_W_2t_TPM
137704_South_Shetlands      19.69      6.46    0.73290      0.302766      0.268323      0.393934      0.787868
W6534                    19.64      6.18    0.71838      0.493790      0.278402      0.541204      0.928548
BI8_Bouvetoya            19.90      5.59    0.69122      0.098483      0.046302      0.004372      0.008745
CI5_Crozet               19.49      5.87    0.71396      0.238246      0.084101      0.019229      0.038457
MI1654_Macquarie         19.64      5.59    0.68863      0.083915      0.225900      0.089750      0.179501
Population              mean_N    mean_k    mean_He    p_sign_TPM    p_stdv_TPM    p_W_1t_TPM    p_W_2t_TPM
137712_South_Shetlands      19.69      6.21    0.73457      0.200416      0.182152      0.090060      0.180119
ATP43                    19.90      6.08    0.71082      0.385267      0.319983      0.268557      0.537113
A1047_Bouvetoya          19.95      5.69    0.71277      0.153159      0.007684      0.001922      0.003844
CI40_Crozet              19.95      6.00    0.73656      0.004601      0.001892      0.000133      0.000266
MI2261_Macquarie         19.90      5.13    0.67718      0.398159      0.202636      0.144607      0.289213
Population              mean_N    mean_k    mean_He    p_sign_TPM    p_stdv_TPM    p_W_1t_TPM    p_W_2t_TPM
137721_South_Shetlands      19.90      6.33    0.72544      0.226772      0.244588      0.151057      0.302114
W9132_mum                19.85      6.13    0.73777      0.021734      0.050261      0.009158      0.018315
BI7_Bouvetoya            19.95      5.67    0.70893      0.142279      0.124307      0.013201      0.026403
MIAGM13128_Marion_island      19.79      5.95    0.72763      0.037007      0.033522      0.009543      0.019087
MI2262_Macquarie         19.64      5.38    0.68985      0.515354      0.385488      0.217332      0.434664
