Population              mean_N    mean_k    mean_He    p_sign_TPM    p_stdv_TPM    p_W_1t_TPM    p_W_2t_TPM
137716_South_Shetlands      19.79      6.10    0.73035      0.346500      0.247441      0.107128      0.214257
W6537                    19.95      6.23    0.72526      0.347021      0.236817      0.182521      0.365043
A1086_Bouvetoya          19.85      6.03    0.72999      0.005563      0.052254      0.002848      0.005696
CI40_Crozet              20.00      6.00    0.73077      0.151132      0.105643      0.052419      0.104837
MI1638_Macquarie         19.69      5.31    0.68734      0.517965      0.296111      0.442410      0.884820
Population              mean_N    mean_k    mean_He    p_sign_TPM    p_stdv_TPM    p_W_1t_TPM    p_W_2t_TPM
137717_South_Shetlands      19.79      6.41    0.72913      0.052945      0.216373      0.023876      0.047753
W9166_pup                19.69      5.67    0.70450      0.296459      0.163803      0.081240      0.162480
BI8_Bouvetoya            19.74      5.62    0.70539      0.024641      0.024753      0.001200      0.002399
CI30_Crozet              19.79      6.36    0.73779      0.548445      0.180319      0.071132      0.142264
MI2258_Macquarie         19.74      5.85    0.70663      0.389358      0.459719      0.146689      0.293377
Population              mean_N    mean_k    mean_He    p_sign_TPM    p_stdv_TPM    p_W_1t_TPM    p_W_2t_TPM
137719_South_Shetlands      20.00      6.69    0.74575      0.040656      0.052029      0.003581      0.007162
W9173_pup                19.85      5.97    0.71791      0.193464      0.070953      0.013913      0.027825
A1095_Bouvetoya          19.85      5.85    0.70868      0.066826      0.045518      0.009049      0.018098
MIAGM13134_Marion_island      20.00      6.03    0.71377      0.164511      0.169386      0.059056      0.118111
MI1593_Macquarie         19.69      5.28    0.69063      0.318846      0.114513      0.082835      0.165670
Population              mean_N    mean_k    mean_He    p_sign_TPM    p_stdv_TPM    p_W_1t_TPM    p_W_2t_TPM
137712_South_Shetlands      19.54      6.00    0.73046      0.140132      0.204924      0.115100      0.230200
W15                      19.59      5.74    0.70871      0.298525      0.477049      0.260280      0.520561
A1100_Bouvetoya          19.85      5.82    0.71678      0.048258      0.036490      0.006523      0.013047
MIAGM13132_Marion_island      19.90      6.03    0.70918      0.327507      0.127713      0.064332      0.128663
MI2264_Macquarie         19.95      5.59    0.67856      0.103296      0.211808      0.607337      0.796376
Population              mean_N    mean_k    mean_He    p_sign_TPM    p_stdv_TPM    p_W_1t_TPM    p_W_2t_TPM
137722_South_Shetlands      19.90      6.21    0.72697      0.486013      0.184674      0.066318      0.132635
W9161_mum                19.69      5.87    0.71943      0.011627      0.041057      0.004474      0.008947
A1084_Bouvetoya          19.95      6.00    0.71422      0.171931      0.122190      0.118191      0.236383
MIAGM13137_Marion_island      19.74      6.15    0.72992      0.161742      0.119322      0.027459      0.054917
MI2255_Macquarie         19.74      5.36    0.67979      0.408128      0.138124      0.085890      0.171780
Population              mean_N    mean_k    mean_He    p_sign_TPM    p_stdv_TPM    p_W_1t_TPM    p_W_2t_TPM
137719_South_Shetlands      19.79      6.31    0.72819      0.441346      0.292208      0.147809      0.295618
W9169_mum                19.74      6.10    0.72429      0.309055      0.304101      0.081240      0.162480
BI22_Bouvetoya           20.00      5.85    0.70121      0.505004      0.263960      0.076320      0.152639
CI39_Crozet              19.79      6.03    0.73661      0.116579      0.056475      0.006046      0.012092
MI1666_Macquarie         19.64      5.56    0.70069      0.295930      0.210718      0.034121      0.068242
Population              mean_N    mean_k    mean_He    p_sign_TPM    p_stdv_TPM    p_W_1t_TPM    p_W_2t_TPM
137708_South_Shetlands      19.74      6.31    0.72881      0.427737      0.319758      0.264798      0.529596
W9168_pup                19.90      5.97    0.72957      0.004271      0.109560      0.003123      0.006247
BI8_Bouvetoya            19.95      5.95    0.70996      0.548461      0.356119      0.178699      0.357397
CI31_Crozet              19.74      6.08    0.71631      0.290416      0.379533      0.249904      0.499808
MI1590_Macquarie         19.69      5.49    0.69502      0.410487      0.141313      0.087792      0.175584
Population              mean_N    mean_k    mean_He    p_sign_TPM    p_stdv_TPM    p_W_1t_TPM    p_W_2t_TPM
137695_South_Shetlands      19.90      6.21    0.72897      0.433586      0.197877      0.067364      0.134728
W6537/37_FWB_pup         19.85      5.85    0.71976      0.181967      0.094470      0.017202      0.034404
BI5_Bouvetoya            19.85      5.79    0.72136      0.067447      0.025558      0.001956      0.003913
CI5_Crozet               19.85      5.95    0.71233      0.178760      0.079261      0.058604      0.117209
MI2269_Macquarie         19.95      5.21    0.66719      0.500718      0.236661      0.448681      0.897361
Population              mean_N    mean_k    mean_He    p_sign_TPM    p_stdv_TPM    p_W_1t_TPM    p_W_2t_TPM
137715_South_Shetlands      19.85      6.15    0.73363      0.115250      0.062811      0.014983      0.029967
W6531/31                 19.79      6.10    0.75036      0.017701      0.023930      0.000658      0.001317
A1079_Bouvetoya          19.90      5.67    0.70043      0.546006      0.433578      0.178699      0.357397
CI25_Crozet              19.79      6.46    0.72961      0.453325      0.333992      0.246964      0.493928
MI2270_Macquarie         19.85      5.54    0.69960      0.145058      0.211267      0.099609      0.199218
Population              mean_N    mean_k    mean_He    p_sign_TPM    p_stdv_TPM    p_W_1t_TPM    p_W_2t_TPM
137704_South_Shetlands      19.90      6.00    0.72817      0.058546      0.052928      0.000528      0.001055
Y/B144/45                19.59      6.08    0.72292      0.113433      0.133490      0.026283      0.052567
A1090_Bouvetoya          19.95      5.67    0.70132      0.485205      0.210221      0.092146      0.184292
CI21_Crozet              19.90      6.00    0.71643      0.214074      0.073947      0.035932      0.071863
MI2261_Macquarie         20.00      5.56    0.70243      0.339401      0.125375      0.074235      0.148469
Population              mean_N    mean_k    mean_He    p_sign_TPM    p_stdv_TPM    p_W_1t_TPM    p_W_2t_TPM
137715_South_Shetlands      19.64      6.10    0.73113      0.203210      0.279284      0.092369      0.184738
W6530/30_pup             19.64      6.08    0.73340      0.002490      0.020091      0.001486      0.002971
BI19_Bouvetoya           19.95      5.74    0.70217      0.056056      0.060926      0.002954      0.005908
MIAGM13139_Marion_island      20.00      6.08    0.74291      0.011765      0.003406      0.000279      0.000559
MI2262_Macquarie         20.00      5.44    0.68799      0.108213      0.389847      0.154351      0.308703
Population              mean_N    mean_k    mean_He    p_sign_TPM    p_stdv_TPM    p_W_1t_TPM    p_W_2t_TPM
137711_South_Shetlands      19.90      6.10    0.72705      0.557563      0.330899      0.182360      0.364720
W9167_mum                19.85      6.21    0.72892      0.174977      0.216689      0.030987      0.061974
A1080_Bouvetoya          19.95      5.90    0.71187      0.022467      0.046127      0.007939      0.015879
CI5_Crozet               19.59      6.08    0.72974      0.185353      0.056818      0.008406      0.016812
MI1621_Macquarie         19.69      5.36    0.68452      0.270665      0.464277      0.115217      0.230435
Population              mean_N    mean_k    mean_He    p_sign_TPM    p_stdv_TPM    p_W_1t_TPM    p_W_2t_TPM
137620_South_Shetlands      19.79      5.95    0.73447      0.032562      0.075022      0.009107      0.018213
W9166_pup                19.64      6.13    0.72921      0.480192      0.132856      0.050853      0.101706
BI1_Bouvetoya            19.85      5.82    0.72099      0.201088      0.088868      0.063749      0.127497
MIAGM13120_Marion_island      20.00      5.85    0.70513      0.536311      0.273814      0.202281      0.404563
MI1662_Macquarie         19.54      5.33    0.67920      0.145166      0.154687      0.124555      0.249111
Population              mean_N    mean_k    mean_He    p_sign_TPM    p_stdv_TPM    p_W_1t_TPM    p_W_2t_TPM
137704_South_Shetlands      19.79      6.26    0.74903      0.538948      0.042156      0.010250      0.020501
W6541/41_pup             19.85      6.33    0.72671      0.122338      0.274012      0.107128      0.214257
BI12_Bouvetoya           19.79      5.79    0.70475      0.133659      0.095072      0.039602      0.079205
CI20_Crozet              19.85      5.90    0.73360      0.199094      0.078780      0.021425      0.042850
MI2269_Macquarie         19.74      5.44    0.69160      0.554544      0.310144      0.087792      0.175584
Population              mean_N    mean_k    mean_He    p_sign_TPM    p_stdv_TPM    p_W_1t_TPM    p_W_2t_TPM
137716_South_Shetlands      19.95      6.28    0.71425      0.534443      0.146862      0.606066      0.798511
W9161_mum                19.69      5.74    0.69817      0.356818      0.452036      0.249904      0.499808
BI10_Bouvetoya           19.95      5.82    0.71165      0.064192      0.006098      0.000852      0.001705
MIAGM13144_Marion_island      19.85      6.33    0.73189      0.428210      0.083127      0.022773      0.045547
MI1625_Macquarie         19.79      5.33    0.69826      0.199697      0.102341      0.037504      0.075008
Population              mean_N    mean_k    mean_He    p_sign_TPM    p_stdv_TPM    p_W_1t_TPM    p_W_2t_TPM
137723_South_Shetlands      19.95      6.38    0.73625      0.437620      0.157472      0.055356      0.110712
Y/B144/45                19.54      6.08    0.72925      0.430324      0.310806      0.164510      0.329021
BI16_Bouvetoya           19.79      5.56    0.71023      0.206307      0.110545      0.020692      0.041384
CI40_Crozet              20.00      6.08    0.72483      0.205162      0.237163      0.083383      0.166766
MI2262_Macquarie         19.74      5.49    0.70081      0.525121      0.153503      0.089750      0.179501
Population              mean_N    mean_k    mean_He    p_sign_TPM    p_stdv_TPM    p_W_1t_TPM    p_W_2t_TPM
137708_South_Shetlands      19.74      6.51    0.75444      0.556992      0.254250      0.107128      0.214257
W9168_pup                19.59      5.95    0.72786      0.169791      0.111682      0.024573      0.049146
BI1_Bouvetoya            19.74      5.72    0.71465      0.088908      0.052432      0.018532      0.037064
CI27_Crozet              19.74      6.21    0.73547      0.106486      0.085958      0.030987      0.061974
MI2267_Macquarie         19.85      5.69    0.70336      0.296179      0.359467      0.242606      0.485211
Population              mean_N    mean_k    mean_He    p_sign_TPM    p_stdv_TPM    p_W_1t_TPM    p_W_2t_TPM
137701_South_Shetlands      19.74      6.23    0.74657      0.080343      0.265622      0.041149      0.082299
W01                      19.59      6.10    0.72088      0.059737      0.064227      0.006643      0.013285
A1063_Bouvetoya          19.69      5.90    0.70354      0.471971      0.393311      0.245348      0.490696
CI32_Crozet              19.74      6.08    0.72635      0.456252      0.298547      0.175083      0.350166
MI1607_Macquarie         19.79      5.51    0.68390      0.473409      0.353954      0.349309      0.698618
Population              mean_N    mean_k    mean_He    p_sign_TPM    p_stdv_TPM    p_W_1t_TPM    p_W_2t_TPM
137712_South_Shetlands      19.49      5.97    0.72767      0.421186      0.442826      0.242606      0.485211
W9163_mum                19.79      5.97    0.70921      0.445281      0.404729      0.312005      0.624010
A1064_Bouvetoya          20.00      5.69    0.70175      0.485562      0.232617      0.138340      0.276680
MIAGM13117_Marion_island      20.00      6.05    0.72200      0.031983      0.047182      0.003603      0.007206
MI2256_Macquarie         19.59      5.51    0.68564      0.381450      0.172258      0.517148      0.977133
Population              mean_N    mean_k    mean_He    p_sign_TPM    p_stdv_TPM    p_W_1t_TPM    p_W_2t_TPM
137700_South_Shetlands      19.85      6.05    0.73078      0.435526      0.125555      0.049277      0.098554
W9175_pup                19.95      6.05    0.71857      0.496891      0.143249      0.072192      0.144384
A1097_Bouvetoya          19.90      5.79    0.72163      0.005898      0.004997      0.000221      0.000442
CI40_Crozet              19.95      6.38    0.73815      0.354955      0.209644      0.087792      0.175584
MI2261_Macquarie         20.00      5.67    0.68205      0.436134      0.361834      0.218611      0.437222
Population              mean_N    mean_k    mean_He    p_sign_TPM    p_stdv_TPM    p_W_1t_TPM    p_W_2t_TPM
137659_South_Shetlands      19.95      6.10    0.73565      0.076538      0.231130      0.073074      0.146148
W06                      19.59      6.15    0.72482      0.402835      0.073897      0.023752      0.047505
BI2_Bouvetoya            19.74      5.82    0.69824      0.539176      0.483649      0.241377      0.482754
CI31_Crozet              19.95      6.15    0.73035      0.536476      0.435154      0.123475      0.246950
MI1664_Macquarie         19.95      5.28    0.68034      0.352660      0.362955      0.287955      0.575910
Population              mean_N    mean_k    mean_He    p_sign_TPM    p_stdv_TPM    p_W_1t_TPM    p_W_2t_TPM
137716_South_Shetlands      20.00      6.23    0.74575      0.068649      0.004486      0.000528      0.001055
W9175_pup                19.74      6.26    0.73805      0.032507      0.113276      0.035220      0.070440
A1085_Bouvetoya          19.95      6.05    0.71580      0.464529      0.193131      0.051875      0.103749
MIAGM13142_Marion_island      19.95      6.15    0.72002      0.280585      0.147994      0.099554      0.199107
MI1669_Macquarie         19.64      5.23    0.70590      0.010846      0.019673      0.004474      0.008947
Population              mean_N    mean_k    mean_He    p_sign_TPM    p_stdv_TPM    p_W_1t_TPM    p_W_2t_TPM
137720_South_Shetlands      19.90      6.33    0.73771      0.290790      0.367282      0.234013      0.468025
W6701/01                 19.79      5.92    0.73188      0.285144      0.078881      0.029030      0.058060
BI19_Bouvetoya           19.95      5.64    0.70532      0.034930      0.044301      0.002594      0.005187
MIAGM13138_Marion_island      19.90      5.97    0.73292      0.126692      0.144901      0.021425      0.042850
MI2267_Macquarie         19.95      5.74    0.71506      0.192477      0.054644      0.050746      0.101491
Population              mean_N    mean_k    mean_He    p_sign_TPM    p_stdv_TPM    p_W_1t_TPM    p_W_2t_TPM
137712_South_Shetlands      19.74      6.38    0.74600      0.207781      0.073632      0.006305      0.012611
W6537/37_FWB_pup         19.85      6.18    0.72732      0.165053      0.119545      0.037124      0.074247
A1049_Bouvetoya          20.00      5.74    0.72389      0.000706      0.022758      0.001022      0.002045
CI40_Crozet              19.79      5.95    0.72080      0.017292      0.054825      0.002126      0.004252
MI2246_Macquarie         19.79      5.59    0.69392      0.272565      0.433613      0.307796      0.615592
Population              mean_N    mean_k    mean_He    p_sign_TPM    p_stdv_TPM    p_W_1t_TPM    p_W_2t_TPM
137721_South_Shetlands      19.79      6.18    0.73087      0.434986      0.345349      0.167989      0.335977
W6548                    19.90      5.74    0.71824      0.101155      0.041242      0.007442      0.014884
A1073_Bouvetoya          19.69      5.56    0.68675      0.435513      0.259653      0.132257      0.264514
MIAGM13106_Marion_island      19.85      6.03    0.71982      0.322782      0.265806      0.099554      0.199107
MI2265_Macquarie         19.95      5.54    0.69954      0.285937      0.352644      0.115100      0.230200
Population              mean_N    mean_k    mean_He    p_sign_TPM    p_stdv_TPM    p_W_1t_TPM    p_W_2t_TPM
137723_South_Shetlands      19.79      5.87    0.72480      0.444344      0.046487      0.014440      0.028879
W6550                    19.74      6.03    0.71555      0.519158      0.368659      0.202281      0.404563
A1002_Bouvetoya          19.69      5.79    0.70330      0.285902      0.127485      0.070317      0.140633
MIAGM13131_Marion_island      19.90      6.23    0.73532      0.200453      0.102685      0.043731      0.087463
MI2259_Macquarie         19.69      5.46    0.69994      0.533321      0.120650      0.097075      0.194150
Population              mean_N    mean_k    mean_He    p_sign_TPM    p_stdv_TPM    p_W_1t_TPM    p_W_2t_TPM
137723_South_Shetlands      19.79      6.13    0.72336      0.454405      0.171307      0.073074      0.146148
W9169_pup                20.00      6.10    0.71795      0.456217      0.316302      0.225587      0.451174
2207_Bouvetoya           19.95      5.95    0.72309      0.007642      0.047224      0.001735      0.003471
CI20_Crozet              19.90      6.10    0.73427      0.111313      0.084022      0.013156      0.026312
MI2258_Macquarie         19.79      5.38    0.69497      0.558874      0.166271      0.075056      0.150111
Population              mean_N    mean_k    mean_He    p_sign_TPM    p_stdv_TPM    p_W_1t_TPM    p_W_2t_TPM
137697_South_Shetlands      19.90      6.33    0.72636      0.416601      0.205651      0.112398      0.224797
W6754                    19.74      5.95    0.72371      0.045404      0.063841      0.022234      0.044469
BI21_Bouvetoya           19.85      5.56    0.70100      0.071681      0.100347      0.036173      0.072347
MIAGM13133_Marion_island      19.79      6.28    0.72094      0.149098      0.159907      0.062607      0.125213
MI2248_Macquarie         19.74      5.67    0.70949      0.389673      0.126434      0.032627      0.065254
Population              mean_N    mean_k    mean_He    p_sign_TPM    p_stdv_TPM    p_W_1t_TPM    p_W_2t_TPM
137705_South_Shetlands      19.90      6.21    0.72794      0.432036      0.475879      0.302283      0.604566
W6755                    19.69      6.05    0.71474      0.460907      0.332688      0.201344      0.402688
A1085_Bouvetoya          19.90      5.79    0.69141      0.554276      0.496956      0.454357      0.908714
MIAGM13134_Marion_island      19.79      6.03    0.73768      0.205631      0.009858      0.000862      0.001725
MI2256_Macquarie         19.74      5.46    0.68816      0.335241      0.372024      0.095997      0.191994
Population              mean_N    mean_k    mean_He    p_sign_TPM    p_stdv_TPM    p_W_1t_TPM    p_W_2t_TPM
137703_South_Shetlands      19.79      6.44    0.73845      0.421807      0.325097      0.264798      0.529596
W9134_mum                19.74      5.97    0.71726      0.222404      0.290038      0.054021      0.108042
A1079_Bouvetoya          19.90      5.69    0.72809      0.024246      0.018744      0.011964      0.023927
CI25_Crozet              19.85      6.10    0.73156      0.045902      0.059366      0.011685      0.023371
MI2260_Macquarie         19.90      5.18    0.67656      0.476594      0.220504      0.087400      0.174800
Population              mean_N    mean_k    mean_He    p_sign_TPM    p_stdv_TPM    p_W_1t_TPM    p_W_2t_TPM
137697_South_Shetlands      19.64      6.41    0.73889      0.462850      0.458985      0.138340      0.276680
W9166_pup                19.74      5.97    0.71714      0.203031      0.200408      0.092369      0.184738
A1011_Bouvetoya          19.79      6.03    0.71326      0.378134      0.377869      0.160427      0.320853
CI34_Crozet              20.00      5.85    0.70972      0.507357      0.157710      0.059056      0.118111
MI2256_Macquarie         19.95      5.26    0.68414      0.510191      0.380405      0.174959      0.349918
Population              mean_N    mean_k    mean_He    p_sign_TPM    p_stdv_TPM    p_W_1t_TPM    p_W_2t_TPM
137723_South_Shetlands      20.00      6.13    0.71430      0.348744      0.458997      0.326829      0.653658
ATF04                    19.90      6.08    0.73345      0.230572      0.009710      0.000775      0.001551
A1098_Bouvetoya          19.74      5.87    0.70754      0.371921      0.121369      0.059056      0.118111
MIAGM13137_Marion_island      19.90      6.08    0.71487      0.350424      0.239791      0.163985      0.327971
MI2250_Macquarie         19.44      5.56    0.69619      0.519163      0.479615      0.323119      0.646237
Population              mean_N    mean_k    mean_He    p_sign_TPM    p_stdv_TPM    p_W_1t_TPM    p_W_2t_TPM
137714_South_Shetlands      19.74      6.21    0.72755      0.317239      0.209817      0.112398      0.224797
Y/B132/33                19.59      5.72    0.71733      0.518616      0.087392      0.045069      0.090139
A1021_Bouvetoya          19.69      5.82    0.72345      0.081139      0.034644      0.005720      0.011439
CI5_Crozet               19.69      6.38    0.73604      0.407104      0.482308      0.234013      0.468025
MI2258_Macquarie         19.74      5.49    0.70685      0.297907      0.123714      0.043731      0.087463
Population              mean_N    mean_k    mean_He    p_sign_TPM    p_stdv_TPM    p_W_1t_TPM    p_W_2t_TPM
137714_South_Shetlands      19.69      6.26    0.72981      0.203208      0.305380      0.475250      0.950500
W9172_pup                19.90      6.13    0.70882      0.207007      0.114234      0.469759      0.939518
BI23_Bouvetoya           19.85      5.85    0.71132      0.118958      0.044702      0.022773      0.045547
CI5_Crozet               19.79      5.74    0.71260      0.005633      0.005619      0.000618      0.001236
MI2256_Macquarie         19.54      5.33    0.68354      0.553212      0.438628      0.282981      0.565961
Population              mean_N    mean_k    mean_He    p_sign_TPM    p_stdv_TPM    p_W_1t_TPM    p_W_2t_TPM
137722_South_Shetlands      19.79      6.31    0.72284      0.455344      0.303230      0.600744      0.809191
W9136_pup                19.49      6.21    0.74440      0.000515      0.007181      0.000074      0.000147
BI21_Bouvetoya           19.95      5.95    0.71712      0.548637      0.275203      0.151057      0.302114
CI40_Crozet              19.95      6.08    0.71599      0.234081      0.125659      0.046374      0.092749
MI1650_Macquarie         19.79      5.28    0.68243      0.207776      0.094418      0.043564      0.087128
Population              mean_N    mean_k    mean_He    p_sign_TPM    p_stdv_TPM    p_W_1t_TPM    p_W_2t_TPM
137684_South_Shetlands      19.95      6.18    0.72189      0.194920      0.058096      0.017202      0.034404
W9170_pup                19.54      6.18    0.73792      0.253792      0.095902      0.013156      0.026312
BI3_Bouvetoya            19.95      5.59    0.71462      0.195442      0.041852      0.008406      0.016812
MIAGM13144_Marion_island      19.74      5.95    0.71650      0.290854      0.082404      0.022179      0.044358
MI2253_Macquarie         19.79      5.41    0.69440      0.532206      0.178429      0.090060      0.180119
Population              mean_N    mean_k    mean_He    p_sign_TPM    p_stdv_TPM    p_W_1t_TPM    p_W_2t_TPM
137717_South_Shetlands      19.85      6.26    0.72781      0.197326      0.489346      0.178699      0.357397
ATP21                    19.79      6.13    0.72479      0.136848      0.247711      0.132257      0.264514
A1098_Bouvetoya          19.79      5.92    0.71200      0.423728      0.130391      0.083523      0.167046
MIAGM13128_Marion_island      19.95      6.13    0.71546      0.170341      0.387144      0.338740      0.677480
MI2267_Macquarie         19.54      5.49    0.69441      0.428395      0.490204      0.182360      0.364720
Population              mean_N    mean_k    mean_He    p_sign_TPM    p_stdv_TPM    p_W_1t_TPM    p_W_2t_TPM
137666_South_Shetlands      19.85      5.92    0.70370      0.136195      0.364986      0.579283      0.852241
W9163_pup                19.69      5.95    0.72903      0.095079      0.084167      0.004782      0.009564
A1061_Bouvetoya          19.95      5.56    0.71608      0.043086      0.003841      0.000410      0.000819
CI32_Crozet              19.69      6.03    0.72412      0.214774      0.110064      0.012907      0.025814
MI1572_Macquarie         20.00      5.46    0.69136      0.147259      0.284717      0.082835      0.165670
Population              mean_N    mean_k    mean_He    p_sign_TPM    p_stdv_TPM    p_W_1t_TPM    p_W_2t_TPM
137720_South_Shetlands      19.79      6.26    0.72857      0.544542      0.462871      0.197457      0.394915
Y/B132/33                19.69      5.87    0.71890      0.523798      0.260027      0.064442      0.128884
A1083_Bouvetoya          19.95      5.74    0.71253      0.213673      0.021475      0.001759      0.003518
CI39_Crozet              19.90      6.41    0.72349      0.208187      0.475105      0.171513      0.343026
MI1613_Macquarie         19.64      5.28    0.69617      0.169820      0.108733      0.030987      0.061974
Population              mean_N    mean_k    mean_He    p_sign_TPM    p_stdv_TPM    p_W_1t_TPM    p_W_2t_TPM
137708_South_Shetlands      19.85      6.05    0.73120      0.413846      0.334886      0.056962      0.113925
W9137_mum                19.74      6.15    0.72162      0.278039      0.169647      0.045069      0.090139
A1081_Bouvetoya          19.85      5.64    0.70684      0.057877      0.027417      0.009475      0.018950
MIAGM13141_Marion_island      19.90      5.82    0.71875      0.042363      0.006748      0.001139      0.002279
MI1606_Macquarie         20.00      5.38    0.68583      0.104818      0.087601      0.014315      0.028630
Population              mean_N    mean_k    mean_He    p_sign_TPM    p_stdv_TPM    p_W_1t_TPM    p_W_2t_TPM
137691_South_Shetlands      19.69      6.38    0.73090      0.292508      0.361546      0.164510      0.329021
W9170_mum                19.85      6.05    0.71293      0.292096      0.278193      0.164510      0.329021
A1035_Bouvetoya          19.85      5.69    0.71344      0.083120      0.020452      0.005003      0.010006
MIAGM13143_Marion_island      19.85      6.23    0.72797      0.047095      0.083907      0.008785      0.017571
MI2253_Macquarie         19.79      5.33    0.69460      0.402676      0.083801      0.077077      0.154154
Population              mean_N    mean_k    mean_He    p_sign_TPM    p_stdv_TPM    p_W_1t_TPM    p_W_2t_TPM
137693_South_Shetlands      20.00      6.13    0.72551      0.561695      0.260362      0.161078      0.322156
W6527/27                 19.85      6.18    0.73636      0.328889      0.108861      0.038689      0.077379
A1075_Bouvetoya          19.90      5.54    0.72357      0.028517      0.016386      0.005795      0.011591
CI30_Crozet              19.85      6.08    0.72245      0.373553      0.125074      0.068234      0.136468
MI2261_Macquarie         19.85      5.26    0.67817      0.176315      0.116101      0.085890      0.171780
Population              mean_N    mean_k    mean_He    p_sign_TPM    p_stdv_TPM    p_W_1t_TPM    p_W_2t_TPM
137686_South_Shetlands      20.00      6.56    0.73374      0.459313      0.183421      0.082835      0.165670
W14                      19.79      6.03    0.72276      0.205925      0.127758      0.065537      0.131075
BI1_Bouvetoya            19.90      6.10    0.71050      0.185235      0.447135      0.420475      0.840951
CI28_Crozet              19.69      6.18    0.72741      0.197207      0.311196      0.050746      0.101491
MI1666_Macquarie         20.00      5.62    0.69406      0.179373      0.310873      0.227569      0.455138
Population              mean_N    mean_k    mean_He    p_sign_TPM    p_stdv_TPM    p_W_1t_TPM    p_W_2t_TPM
137717_South_Shetlands      19.79      6.13    0.72952      0.157999      0.216645      0.055661      0.111322
Y/B142/43                19.74      6.26    0.73805      0.555329      0.358458      0.144607      0.289213
A1097_Bouvetoya          19.90      6.00    0.70980      0.454770      0.477776      0.383349      0.766699
CI34_Crozet              19.85      6.03    0.71381      0.375410      0.384741      0.218952      0.437905
MI1645_Macquarie         19.69      5.18    0.70187      0.000745      0.002938      0.000583      0.001166
Population              mean_N    mean_k    mean_He    p_sign_TPM    p_stdv_TPM    p_W_1t_TPM    p_W_2t_TPM
137716_South_Shetlands      19.90      6.08    0.72544      0.203960      0.117433      0.033049      0.066098
W9137_mum                19.90      5.95    0.71206      0.488414      0.243263      0.082835      0.165670
A1089_Bouvetoya          19.85      5.77    0.71065      0.003650      0.046237      0.001013      0.002026
CI29_Crozet              19.95      6.31    0.72990      0.069505      0.191443      0.038689      0.077379
MI1646_Macquarie         20.00      5.23    0.67503      0.425396      0.438117      0.150850      0.301699
Population              mean_N    mean_k    mean_He    p_sign_TPM    p_stdv_TPM    p_W_1t_TPM    p_W_2t_TPM
137693_South_Shetlands      19.95      6.31    0.73522      0.148918      0.176784      0.039602      0.079205
W9175_pup                19.79      5.92    0.72086      0.056335      0.072347      0.034121      0.068242
A1098_Bouvetoya          19.90      5.59    0.69748      0.087403      0.031780      0.005489      0.010978
CI27_Crozet              19.79      6.18    0.73859      0.059591      0.060431      0.006853      0.013707
MI2253_Macquarie         19.85      5.44    0.71223      0.006725      0.014227      0.001565      0.003130
Population              mean_N    mean_k    mean_He    p_sign_TPM    p_stdv_TPM    p_W_1t_TPM    p_W_2t_TPM
137723_South_Shetlands      19.79      6.23    0.73712      0.309528      0.257460      0.058604      0.117209
W9165_mum                19.54      5.82    0.73733      0.013696      0.001913      0.000042      0.000085
A1012_Bouvetoya          19.85      5.95    0.72861      0.389417      0.016434      0.005098      0.010195
CI24_Crozet              19.69      5.97    0.72548      0.027194      0.067149      0.014440      0.028879
MI1666_Macquarie         19.95      5.38    0.69354      0.103474      0.418920      0.259146      0.518291
Population              mean_N    mean_k    mean_He    p_sign_TPM    p_stdv_TPM    p_W_1t_TPM    p_W_2t_TPM
137695_South_Shetlands      19.90      6.38    0.74617      0.206469      0.104972      0.019980      0.039961
W9170_mum                19.85      6.05    0.73053      0.292660      0.242567      0.071132      0.142264
A1093_Bouvetoya          19.74      5.87    0.71702      0.484513      0.241789      0.147809      0.295618
CI25_Crozet              19.90      6.15    0.72032      0.254071      0.169467      0.121590      0.243181
MI1638_Macquarie         19.79      5.36    0.68382      0.493580      0.406984      0.278132      0.556265
Population              mean_N    mean_k    mean_He    p_sign_TPM    p_stdv_TPM    p_W_1t_TPM    p_W_2t_TPM
137705_South_Shetlands      20.00      6.31    0.73104      0.556172      0.187524      0.055356      0.110712
W9138_mum                19.79      6.41    0.73447      0.443380      0.436968      0.201344      0.402688
A1055_Bouvetoya          19.95      5.92    0.69995      0.346281      0.160151      0.044952      0.089904
CI39_Crozet              19.74      6.21    0.72258      0.065934      0.404661      0.144607      0.289213
MI2260_Macquarie         19.74      5.36    0.67759      0.527116      0.344486      0.367633      0.735266
Population              mean_N    mean_k    mean_He    p_sign_TPM    p_stdv_TPM    p_W_1t_TPM    p_W_2t_TPM
137709_South_Shetlands      19.69      6.18    0.70514      0.084918      0.155516      0.716750      0.575910
W6528/28_pup             19.90      6.13    0.72373      0.132433      0.364224      0.154351      0.308703
A1086_Bouvetoya          19.85      5.74    0.70888      0.560306      0.228843      0.167989      0.335977
MIAGM13144_Marion_island      19.74      6.08    0.72131      0.411912      0.169308      0.058604      0.117209
MI2254_Macquarie         19.85      5.38    0.68478      0.121236      0.138673      0.018851      0.037703
Population              mean_N    mean_k    mean_He    p_sign_TPM    p_stdv_TPM    p_W_1t_TPM    p_W_2t_TPM
137718_South_Shetlands      20.00      6.44    0.73887      0.401894      0.408345      0.197457      0.394915
W6545                    19.74      6.28    0.72857      0.168037      0.166776      0.102190      0.204380
A1098_Bouvetoya          19.69      5.74    0.71859      0.034654      0.016990      0.000916      0.001833
CI20_Crozet              19.90      6.03    0.71930      0.269133      0.374641      0.156918      0.313835
MI2262_Macquarie         19.90      5.46    0.69195      0.556411      0.432834      0.255802      0.511604
Population              mean_N    mean_k    mean_He    p_sign_TPM    p_stdv_TPM    p_W_1t_TPM    p_W_2t_TPM
137702_South_Shetlands      19.85      5.95    0.71716      0.455555      0.172131      0.038689      0.077379
W9137_pup                19.79      6.23    0.72902      0.090590      0.114106      0.046374      0.092749
A1093_Bouvetoya          19.90      5.79    0.71667      0.413836      0.166354      0.092369      0.184738
MIAGM13143_Marion_island      19.74      6.00    0.72958      0.066966      0.038480      0.017332      0.034665
MI2270_Macquarie         19.59      5.49    0.70354      0.041726      0.034534      0.029407      0.058814
Population              mean_N    mean_k    mean_He    p_sign_TPM    p_stdv_TPM    p_W_1t_TPM    p_W_2t_TPM
137718_South_Shetlands      19.64      6.41    0.73477      0.202834      0.270184      0.154351      0.308703
W6530/30                 19.79      5.92    0.73396      0.143552      0.025389      0.005978      0.011955
BI6_Bouvetoya            19.90      5.69    0.70968      0.545820      0.159159      0.102190      0.204380
CI5_Crozet               19.79      5.77    0.71266      0.468368      0.076277      0.034770      0.069541
MI2262_Macquarie         19.79      5.23    0.68197      0.062308      0.120699      0.010658      0.021316
Population              mean_N    mean_k    mean_He    p_sign_TPM    p_stdv_TPM    p_W_1t_TPM    p_W_2t_TPM
137703_South_Shetlands      19.79      6.05    0.71970      0.557573      0.252258      0.112398      0.224797
W6520/20_pup             19.90      5.97    0.73375      0.003702      0.023461      0.001681      0.003361
2269_Bouvetoya           19.90      5.92    0.70920      0.521149      0.184946      0.102190      0.204380
MIAGM13126_Marion_island      20.00      6.03    0.71781      0.427368      0.175194      0.085567      0.171134
MI1613_Macquarie         19.85      5.23    0.69387      0.140205      0.117542      0.044952      0.089904
Population              mean_N    mean_k    mean_He    p_sign_TPM    p_stdv_TPM    p_W_1t_TPM    p_W_2t_TPM
137716_South_Shetlands      19.95      6.26    0.72107      0.047530      0.311210      0.059056      0.118111
W08                      19.74      6.13    0.71306      0.443094      0.110198      0.024734      0.049468
A1094_Bouvetoya          19.69      5.95    0.70392      0.357982      0.288848      0.143378      0.286757
CI38_Crozet              19.69      6.00    0.71624      0.091650      0.060211      0.019946      0.039893
MI2264_Macquarie         19.74      5.21    0.68204      0.541048      0.315199      0.147809      0.295618
Population              mean_N    mean_k    mean_He    p_sign_TPM    p_stdv_TPM    p_W_1t_TPM    p_W_2t_TPM
137722_South_Shetlands      19.90      6.44    0.72088      0.302813      0.280476      0.546675      0.917591
SG29_South_Georgia       19.64      5.95    0.71415      0.204833      0.062772      0.013201      0.026403
A1093_Bouvetoya          19.79      5.82    0.72735      0.002149      0.002236      0.000150      0.000299
CI30_Crozet              19.95      6.03    0.72967      0.049534      0.007839      0.000968      0.001936
MI2265_Macquarie         19.74      5.36    0.69601      0.006684      0.015190      0.006245      0.012491
Population              mean_N    mean_k    mean_He    p_sign_TPM    p_stdv_TPM    p_W_1t_TPM    p_W_2t_TPM
137712_South_Shetlands      19.64      5.87    0.71725      0.229519      0.062307      0.013680      0.027359
Y/B144/45                19.74      5.97    0.71442      0.558893      0.449148      0.189818      0.379637
BI5_Bouvetoya            19.79      6.00    0.71911      0.026864      0.163717      0.025432      0.050864
CI27_Crozet              19.64      6.00    0.71079      0.346864      0.281394      0.115807      0.231613
MI2250_Macquarie         19.79      5.44    0.68161      0.280740      0.147853      0.066282      0.132564
Population              mean_N    mean_k    mean_He    p_sign_TPM    p_stdv_TPM    p_W_1t_TPM    p_W_2t_TPM
137716_South_Shetlands      19.90      6.26    0.72212      0.302487      0.388378      0.221438      0.442876
W9134_mum                19.64      6.18    0.72783      0.196415      0.412061      0.269355      0.538709
A1098_Bouvetoya          19.90      6.03    0.72772      0.028538      0.003899      0.000264      0.000529
CI29_Crozet              19.85      6.00    0.72017      0.247891      0.067093      0.022234      0.044469
MI1688_Macquarie         19.85      5.36    0.68673      0.349375      0.381351      0.130632      0.261265
Population              mean_N    mean_k    mean_He    p_sign_TPM    p_stdv_TPM    p_W_1t_TPM    p_W_2t_TPM
137721_South_Shetlands      19.90      6.03    0.72693      0.293691      0.116616      0.020692      0.041384
W9170_pup                19.85      5.95    0.71457      0.358512      0.179700      0.118674      0.237349
A1072_Bouvetoya          19.90      5.72    0.71799      0.021063      0.026134      0.006245      0.012491
CI34_Crozet              19.74      5.87    0.72096      0.204246      0.123061      0.045069      0.090139
MI2262_Macquarie         19.85      5.51    0.69610      0.204189      0.294846      0.312005      0.624010
Population              mean_N    mean_k    mean_He    p_sign_TPM    p_stdv_TPM    p_W_1t_TPM    p_W_2t_TPM
137708_South_Shetlands      19.95      6.18    0.72485      0.442775      0.454283      0.217332      0.434664
Y/B134/35                19.79      6.03    0.72934      0.029952      0.040702      0.000734      0.001468
BI22_Bouvetoya           19.90      5.67    0.69686      0.259340      0.297367      0.087400      0.174800
CI24_Crozet              19.85      6.33    0.74169      0.439459      0.107123      0.033049      0.066098
MI2258_Macquarie         19.69      5.46    0.69309      0.139475      0.237157      0.046374      0.092749
Population              mean_N    mean_k    mean_He    p_sign_TPM    p_stdv_TPM    p_W_1t_TPM    p_W_2t_TPM
137715_South_Shetlands      19.85      6.08    0.72890      0.073601      0.076407      0.014983      0.029967
W6512/12                 19.74      6.23    0.71753      0.211649      0.352842      0.063749      0.127497
A1094_Bouvetoya          19.95      5.79    0.69271      0.497284      0.395740      0.263830      0.527660
CI20_Crozet              19.85      6.00    0.73573      0.031852      0.025614      0.002474      0.004949
MI2264_Macquarie         19.79      5.44    0.69551      0.396482      0.324191      0.138340      0.276680
Population              mean_N    mean_k    mean_He    p_sign_TPM    p_stdv_TPM    p_W_1t_TPM    p_W_2t_TPM
137674_South_Shetlands      19.95      6.15    0.71140      0.486266      0.488624      0.245348      0.490696
W9178_pup                19.85      6.18    0.74576      0.030811      0.079608      0.008074      0.016147
BI6_Bouvetoya            19.79      5.64    0.71770      0.280422      0.021822      0.011685      0.023371
CI20_Crozet              19.79      6.15    0.72700      0.144192      0.089354      0.040890      0.081780
MI2254_Macquarie         19.95      5.38    0.69416      0.397822      0.180343      0.171513      0.343026
Population              mean_N    mean_k    mean_He    p_sign_TPM    p_stdv_TPM    p_W_1t_TPM    p_W_2t_TPM
137703_South_Shetlands      19.85      6.31    0.74238      0.104531      0.028226      0.003746      0.007492
W6513/13_pup             19.90      6.21    0.73346      0.067649      0.120547      0.047842      0.095683
BI2_Bouvetoya            19.85      5.67    0.69722      0.033150      0.073660      0.016048      0.032095
CI34_Crozet              19.79      6.10    0.71112      0.556833      0.430534      0.464371      0.928741
MI2252_Macquarie         19.49      5.23    0.68847      0.054079      0.056348      0.045069      0.090139
Population              mean_N    mean_k    mean_He    p_sign_TPM    p_stdv_TPM    p_W_1t_TPM    p_W_2t_TPM
137704_South_Shetlands      19.85      5.85    0.71693      0.462888      0.387229      0.109741      0.219482
W6538                    19.90      6.33    0.74669      0.125039      0.131929      0.010658      0.021316
A1100_Bouvetoya          19.59      5.85    0.72050      0.209738      0.162303      0.085567      0.171134
CI20_Crozet              19.74      6.08    0.73417      0.104913      0.123229      0.034121      0.068242
MI1632_Macquarie         19.69      5.38    0.69637      0.397859      0.185704      0.129284      0.258568
Population              mean_N    mean_k    mean_He    p_sign_TPM    p_stdv_TPM    p_W_1t_TPM    p_W_2t_TPM
137723_South_Shetlands      19.90      5.92    0.71730      0.095838      0.070572      0.008750      0.017501
W9175_pup                19.90      6.21    0.72571      0.233281      0.139499      0.044952      0.089904
A1092_Bouvetoya          19.79      5.74    0.71047      0.153473      0.083618      0.022234      0.044469
CI5_Crozet               19.74      5.79    0.70893      0.063061      0.076809      0.029995      0.059991
MI2254_Macquarie         19.74      5.46    0.69780      0.347560      0.036502      0.008426      0.016852
Population              mean_N    mean_k    mean_He    p_sign_TPM    p_stdv_TPM    p_W_1t_TPM    p_W_2t_TPM
137685_South_Shetlands      19.95      6.33    0.71444      0.530595      0.384077      0.198233      0.396465
W6519/19                 19.95      6.15    0.72926      0.033915      0.159964      0.009107      0.018213
BI14_Bouvetoya           19.95      5.82    0.70920      0.054466      0.034272      0.004372      0.008745
CI32_Crozet              19.74      5.82    0.71608      0.323616      0.422169      0.197457      0.394915
MI1646_Macquarie         19.64      5.21    0.67945      0.386291      0.332026      0.218952      0.437905
Population              mean_N    mean_k    mean_He    p_sign_TPM    p_stdv_TPM    p_W_1t_TPM    p_W_2t_TPM
137721_South_Shetlands      19.74      6.31    0.72738      0.460340      0.302955      0.519255      0.972488
W6526/26_pup             19.79      6.05    0.71205      0.327475      0.379350      0.135276      0.270551
A1072_Bouvetoya          19.79      5.74    0.72337      0.029130      0.003735      0.000715      0.001430
CI30_Crozet              19.95      6.41    0.72506      0.469083      0.252827      0.174959      0.349918
MI2265_Macquarie         19.79      5.31    0.68603      0.530367      0.226840      0.099554      0.199107
Population              mean_N    mean_k    mean_He    p_sign_TPM    p_stdv_TPM    p_W_1t_TPM    p_W_2t_TPM
137719_South_Shetlands      19.85      6.33    0.72389      0.258550      0.451673      0.194232      0.388464
W9164_mum                19.74      6.31    0.71866      0.288640      0.370868      0.201344      0.402688
A1055_Bouvetoya          19.79      5.56    0.69418      0.445273      0.184807      0.092369      0.184738
MIAGM13120_Marion_island      19.85      6.05    0.71412      0.359291      0.346101      0.292794      0.585588
MI2270_Macquarie         19.90      5.46    0.68198      0.387217      0.291298      0.381678      0.763357
Population              mean_N    mean_k    mean_He    p_sign_TPM    p_stdv_TPM    p_W_1t_TPM    p_W_2t_TPM
137720_South_Shetlands      19.95      5.97    0.70569      0.244481      0.286306      0.174959      0.349918
W9167_mum                19.44      6.28    0.73444      0.016440      0.062629      0.004570      0.009139
BI8_Bouvetoya            19.79      6.10    0.72399      0.422789      0.283733      0.126357      0.252714
CI5_Crozet               19.74      6.05    0.71249      0.177527      0.066137      0.030422      0.060843
MI2260_Macquarie         19.69      5.10    0.67141      0.278743      0.281370      0.154351      0.308703
Population              mean_N    mean_k    mean_He    p_sign_TPM    p_stdv_TPM    p_W_1t_TPM    p_W_2t_TPM
137694_South_Shetlands      19.85      6.21    0.71356      0.123951      0.469956      0.404596      0.809191
W6756                    19.85      6.15    0.73559      0.540129      0.209500      0.104560      0.209119
A1093_Bouvetoya          19.90      5.62    0.69485      0.419732      0.260625      0.107128      0.214257
CI38_Crozet              19.90      6.05    0.72445      0.057420      0.069443      0.006853      0.013707
MI1654_Macquarie         19.69      5.44    0.68650      0.154921      0.171078      0.040890      0.081780
Population              mean_N    mean_k    mean_He    p_sign_TPM    p_stdv_TPM    p_W_1t_TPM    p_W_2t_TPM
137715_South_Shetlands      19.64      5.97    0.72116      0.536554      0.446375      0.278581      0.557162
W9174_mum                19.74      5.82    0.70349      0.110985      0.196954      0.072401      0.144803
A1082_Bouvetoya          19.90      6.08    0.71767      0.447583      0.209190      0.076320      0.152639
CI29_Crozet              19.74      6.10    0.73682      0.211690      0.151050      0.047842      0.095683
MI1645_Macquarie         19.54      5.41    0.70110      0.223135      0.034683      0.017857      0.035713
Population              mean_N    mean_k    mean_He    p_sign_TPM    p_stdv_TPM    p_W_1t_TPM    p_W_2t_TPM
137693_South_Shetlands      19.90      6.46    0.72410      0.349327      0.433437      0.388632      0.777263
W9164_pup                19.79      6.18    0.71876      0.382149      0.494207      0.403732      0.807465
BI19_Bouvetoya           19.85      5.69    0.70958      0.360957      0.270887      0.140118      0.280235
CI5_Crozet               19.59      5.87    0.71941      0.079227      0.048769      0.009543      0.019087
MI2261_Macquarie         19.85      5.46    0.67739      0.457278      0.471254      0.101506      0.203011
Population              mean_N    mean_k    mean_He    p_sign_TPM    p_stdv_TPM    p_W_1t_TPM    p_W_2t_TPM
137714_South_Shetlands      19.90      5.77    0.72268      0.005467      0.012957      0.000867      0.001734
W9133_mum                19.79      6.15    0.72629      0.284955      0.068989      0.018617      0.037235
BI21_Bouvetoya           20.00      5.92    0.73414      0.086205      0.038470      0.002592      0.005184
MIAGM13142_Marion_island      19.90      6.28    0.72036      0.328346      0.272036      0.201344      0.402688
MI1675_Macquarie         19.69      5.41    0.67125      0.315078      0.264029      0.089750      0.179501
Population              mean_N    mean_k    mean_He    p_sign_TPM    p_stdv_TPM    p_W_1t_TPM    p_W_2t_TPM
137716_South_Shetlands      19.85      6.03    0.70419      0.407057      0.306290      0.245348      0.490696
W6558                    19.90      5.79    0.70758      0.088016      0.049226      0.008079      0.016159
BI14_Bouvetoya           19.79      5.69    0.70883      0.004761      0.076703      0.001013      0.002026
MIAGM13123_Marion_island      19.90      5.92    0.71391      0.150155      0.271581      0.136906      0.273813
MI2246_Macquarie         19.69      5.44    0.70207      0.140114      0.122221      0.064442      0.128884
Population              mean_N    mean_k    mean_He    p_sign_TPM    p_stdv_TPM    p_W_1t_TPM    p_W_2t_TPM
137614_South_Shetlands      19.90      6.21    0.72589      0.447684      0.360684      0.205275      0.410550
SG18_South_Georgia       19.64      5.92    0.71606      0.347969      0.163063      0.074235      0.148469
A1076_Bouvetoya          19.90      5.95    0.70903      0.223350      0.332322      0.240836      0.481672
CI31_Crozet              19.90      6.23    0.72900      0.108840      0.078011      0.060283      0.120565
MI1666_Macquarie         19.69      5.46    0.70502      0.184936      0.201670      0.126357      0.252714
Population              mean_N    mean_k    mean_He    p_sign_TPM    p_stdv_TPM    p_W_1t_TPM    p_W_2t_TPM
137687_South_Shetlands      19.95      6.00    0.73150      0.204144      0.082827      0.027174      0.054348
W6511/11_pup             19.69      6.05    0.71217      0.321927      0.395492      0.357273      0.714546
A1084_Bouvetoya          19.90      5.64    0.70494      0.415779      0.048813      0.005532      0.011064
MIAGM13143_Marion_island      19.79      5.95    0.72068      0.197101      0.092298      0.045069      0.090139
MI1646_Macquarie         19.79      5.59    0.69246      0.305241      0.331470      0.273324      0.546649
Population              mean_N    mean_k    mean_He    p_sign_TPM    p_stdv_TPM    p_W_1t_TPM    p_W_2t_TPM
137720_South_Shetlands      19.90      6.33    0.74693      0.199945      0.353152      0.042425      0.084850
W6537                    19.90      6.23    0.71609      0.416951      0.422354      0.381678      0.763357
BI12_Bouvetoya           19.85      5.79    0.70455      0.482302      0.118891      0.043564      0.087128
CI27_Crozet              19.59      6.08    0.73655      0.055479      0.031865      0.002848      0.005696
MI2269_Macquarie         19.79      5.49    0.69317      0.406662      0.360142      0.225587      0.451174
Population              mean_N    mean_k    mean_He    p_sign_TPM    p_stdv_TPM    p_W_1t_TPM    p_W_2t_TPM
137712_South_Shetlands      19.49      6.15    0.73056      0.546195      0.356893      0.120638      0.241276
W9170_mum                19.79      6.15    0.72481      0.043627      0.135986      0.050853      0.101706
A1024_Bouvetoya          19.90      5.92    0.71589      0.084735      0.036251      0.002349      0.004697
MIAGM13122_Marion_island      19.95      6.08    0.70623      0.340263      0.482990      0.307127      0.614255
MI2269_Macquarie         19.85      5.51    0.69489      0.530389      0.386879      0.225587      0.451174
Population              mean_N    mean_k    mean_He    p_sign_TPM    p_stdv_TPM    p_W_1t_TPM    p_W_2t_TPM
137711_South_Shetlands      19.85      6.15    0.72327      0.479649      0.423426      0.217332      0.434664
W9169_mum                19.90      6.13    0.72237      0.535663      0.152998      0.508255      0.994497
BI14_Bouvetoya           20.00      6.15    0.70931      0.302161      0.203129      0.074532      0.149064
MIAGM13142_Marion_island      19.85      6.10    0.72795      0.558711      0.403442      0.167989      0.335977
MI2252_Macquarie         19.64      5.33    0.68060      0.460836      0.412210      0.192957      0.385915
Population              mean_N    mean_k    mean_He    p_sign_TPM    p_stdv_TPM    p_W_1t_TPM    p_W_2t_TPM
137710_South_Shetlands      19.85      6.36    0.74581      0.543555      0.268931      0.112398      0.224797
W9134_pup                19.79      6.10    0.71188      0.553914      0.244053      0.480745      0.961490
BI24_Bouvetoya           19.85      5.87    0.71950      0.227872      0.038774      0.005720      0.011439
CI28_Crozet              19.95      5.87    0.72853      0.134886      0.019695      0.003270      0.006540
MI1650_Macquarie         19.59      5.18    0.69172      0.179775      0.098006      0.016122      0.032244
Population              mean_N    mean_k    mean_He    p_sign_TPM    p_stdv_TPM    p_W_1t_TPM    p_W_2t_TPM
137720_South_Shetlands      19.69      6.33    0.73427      0.206417      0.094042      0.010250      0.020501
W6552                    19.85      6.23    0.73944      0.343615      0.277296      0.129284      0.258568
A1064_Bouvetoya          19.90      5.54    0.69542      0.552541      0.079902      0.045647      0.091294
MIAGM13134_Marion_island      19.79      5.95    0.71995      0.002535      0.007272      0.000654      0.001308
MI2265_Macquarie         19.79      5.38    0.69513      0.116093      0.092851      0.061997      0.123994
Population              mean_N    mean_k    mean_He    p_sign_TPM    p_stdv_TPM    p_W_1t_TPM    p_W_2t_TPM
137715_South_Shetlands      19.90      6.15    0.72068      0.296284      0.433811      0.393934      0.787868
SG20_South_Georgia       19.79      6.15    0.72936      0.100835      0.123288      0.034770      0.069541
BI8_Bouvetoya            19.95      5.90    0.71632      0.153843      0.059023      0.025616      0.051233
CI27_Crozet              19.69      6.03    0.72385      0.289635      0.209576      0.067364      0.134728
MI1645_Macquarie         19.69      5.41    0.68478      0.334004      0.406112      0.194232      0.388464
Population              mean_N    mean_k    mean_He    p_sign_TPM    p_stdv_TPM    p_W_1t_TPM    p_W_2t_TPM
137646_South_Shetlands      20.00      6.23    0.71619      0.352737      0.416613      0.302283      0.604566
W9166_pup                19.69      5.85    0.70944      0.023034      0.039950      0.003430      0.006860
A1087_Bouvetoya          19.74      5.90    0.71899      0.363975      0.433547      0.074235      0.148469
CI5_Crozet               19.69      6.05    0.72252      0.032487      0.085577      0.011227      0.022454
MI2265_Macquarie         19.74      4.92    0.67372      0.346513      0.072010      0.023043      0.046087
Population              mean_N    mean_k    mean_He    p_sign_TPM    p_stdv_TPM    p_W_1t_TPM    p_W_2t_TPM
137722_South_Shetlands      19.95      6.15    0.72761      0.468810      0.295204      0.080619      0.161239
SG13_South_Georgia       19.90      5.92    0.72020      0.230419      0.138019      0.012649      0.025299
A1066_Bouvetoya          19.95      6.03    0.72023      0.090595      0.189612      0.015356      0.030713
CI38_Crozet              19.95      5.97    0.71313      0.195660      0.271847      0.112398      0.224797
MI2260_Macquarie         19.79      5.03    0.66183      0.237164      0.277103      0.146689      0.293377
Population              mean_N    mean_k    mean_He    p_sign_TPM    p_stdv_TPM    p_W_1t_TPM    p_W_2t_TPM
137716_South_Shetlands      19.90      5.92    0.71348      0.250661      0.174070      0.092146      0.184292
AGP11147                 19.95      5.92    0.72797      0.014112      0.064499      0.003746      0.007492
A1044_Bouvetoya          19.85      5.49    0.69892      0.438931      0.036072      0.005040      0.010080
CI31_Crozet              19.85      5.97    0.71246      0.277204      0.211556      0.038689      0.077379
MI2259_Macquarie         19.74      5.41    0.69906      0.138888      0.155427      0.046374      0.092749
Population              mean_N    mean_k    mean_He    p_sign_TPM    p_stdv_TPM    p_W_1t_TPM    p_W_2t_TPM
137702_South_Shetlands      19.79      6.54    0.74130      0.402708      0.366233      0.341925      0.683851
W6535                    19.85      6.03    0.72166      0.421201      0.439646      0.171513      0.343026
BI18_Bouvetoya           20.00      5.54    0.69622      0.049594      0.006992      0.000812      0.001623
CI27_Crozet              19.64      6.10    0.71014      0.502195      0.356647      0.488566      0.977133
MI2254_Macquarie         19.54      5.36    0.69574      0.078953      0.041787      0.011227      0.022454
Population              mean_N    mean_k    mean_He    p_sign_TPM    p_stdv_TPM    p_W_1t_TPM    p_W_2t_TPM
137723_South_Shetlands      20.00      6.13    0.72240      0.012663      0.143041      0.007442      0.014884
W9173_pup                19.79      5.92    0.72130      0.211319      0.177961      0.035220      0.070440
2135_Bouvetoya           19.74      5.77    0.69797      0.249082      0.419126      0.477142      0.954284
CI27_Crozet              19.69      6.23    0.72804      0.187691      0.226931      0.092369      0.184738
MI2246_Macquarie         19.59      5.46    0.69617      0.242643      0.198831      0.037124      0.074247
Population              mean_N    mean_k    mean_He    p_sign_TPM    p_stdv_TPM    p_W_1t_TPM    p_W_2t_TPM
137699_South_Shetlands      19.59      6.23    0.74740      0.120652      0.019707      0.000775      0.001550
W9173_pup                19.79      6.13    0.72572      0.452207      0.472330      0.193615      0.387231
A1085_Bouvetoya          19.85      5.56    0.70726      0.017066      0.006903      0.000550      0.001101
CI29_Crozet              19.85      6.05    0.72483      0.056534      0.033300      0.012907      0.025814
MI1675_Macquarie         19.79      5.33    0.68914      0.101509      0.160847      0.060562      0.121123
Population              mean_N    mean_k    mean_He    p_sign_TPM    p_stdv_TPM    p_W_1t_TPM    p_W_2t_TPM
137693_South_Shetlands      19.74      6.28    0.73665      0.447183      0.242398      0.102035      0.204070
W2031/32                 19.54      6.00    0.72514      0.138368      0.170508      0.046374      0.092749
A1029_Bouvetoya          20.00      5.74    0.71444      0.128634      0.048225      0.007143      0.014285
CI5_Crozet               19.79      5.95    0.71384      0.502976      0.283368      0.150049      0.300097
MI2267_Macquarie         19.74      5.59    0.71932      0.062838      0.037819      0.011964      0.023927
Population              mean_N    mean_k    mean_He    p_sign_TPM    p_stdv_TPM    p_W_1t_TPM    p_W_2t_TPM
137677_South_Shetlands      19.85      5.97    0.71289      0.479649      0.450389      0.238288      0.476577
W9163_pup                19.90      6.05    0.72563      0.454295      0.366772      0.269355      0.538709
A1055_Bouvetoya          19.79      5.59    0.70021      0.376907      0.115915      0.037124      0.074247
MIAGM13138_Marion_island      19.90      5.85    0.71375      0.091865      0.119780      0.064442      0.128884
MI2253_Macquarie         19.90      5.72    0.71334      0.328367      0.343386      0.071132      0.142264
Population              mean_N    mean_k    mean_He    p_sign_TPM    p_stdv_TPM    p_W_1t_TPM    p_W_2t_TPM
137722_South_Shetlands      19.90      6.23    0.74250      0.101018      0.138945      0.032005      0.064009
Y/B144/45                19.74      5.77    0.71354      0.442894      0.465579      0.175083      0.350166
A1069_Bouvetoya          19.85      5.92    0.71470      0.019317      0.096802      0.007423      0.014845
CI23_Crozet              20.00      6.23    0.71538      0.550813      0.156559      0.070192      0.140385
MI2270_Macquarie         19.85      5.33    0.70506      0.190343      0.067302      0.013402      0.026804
Population              mean_N    mean_k    mean_He    p_sign_TPM    p_stdv_TPM    p_W_1t_TPM    p_W_2t_TPM
137707_South_Shetlands      19.85      6.23    0.74222      0.015923      0.178563      0.027174      0.054348
W9166_mum                19.69      5.97    0.71894      0.076465      0.061297      0.011685      0.023371
BI18_Bouvetoya           19.44      5.69    0.72808      0.015341      0.038482      0.007442      0.014884
MIAGM13134_Marion_island      19.85      6.05    0.72806      0.069122      0.160611      0.050746      0.101491
MI2250_Macquarie         19.79      5.46    0.69855      0.079192      0.108819      0.055661      0.111322
Population              mean_N    mean_k    mean_He    p_sign_TPM    p_stdv_TPM    p_W_1t_TPM    p_W_2t_TPM
137715_South_Shetlands      19.69      6.23    0.72317      0.537520      0.492353      0.209250      0.418500
W6526/26_pup             19.79      6.10    0.72793      0.494229      0.174286      0.044952      0.089904
BI16_Bouvetoya           20.00      5.56    0.70891      0.257664      0.041270      0.012159      0.024319
MIAGM13137_Marion_island      19.95      5.95    0.72586      0.054556      0.015953      0.002410      0.004820
MI2262_Macquarie         19.33      5.41    0.70113      0.320572      0.132463      0.085095      0.170191
Population              mean_N    mean_k    mean_He    p_sign_TPM    p_stdv_TPM    p_W_1t_TPM    p_W_2t_TPM
137707_South_Shetlands      19.59      6.18    0.72029      0.198842      0.336054      0.491745      0.983491
W9163_pup                19.90      5.95    0.73085      0.033509      0.045186      0.005322      0.010643
A1011_Bouvetoya          19.85      5.90    0.71691      0.100496      0.016139      0.005040      0.010080
CI39_Crozet              19.69      5.79    0.70733      0.531049      0.258514      0.150049      0.300097
MI1598_Macquarie         19.49      5.56    0.70179      0.184167      0.292375      0.058604      0.117209
Population              mean_N    mean_k    mean_He    p_sign_TPM    p_stdv_TPM    p_W_1t_TPM    p_W_2t_TPM
137650_South_Shetlands      20.00      6.15    0.71336      0.408016      0.254148      0.205275      0.410550
W9133_pup                19.85      6.21    0.73018      0.473760      0.356134      0.164510      0.329021
A1080_Bouvetoya          19.95      5.72    0.71185      0.169451      0.030976      0.003800      0.007599
CI25_Crozet              19.79      5.67    0.71453      0.033071      0.063463      0.027174      0.054348
MI2255_Macquarie         19.79      5.67    0.70250      0.278387      0.443404      0.164510      0.329021
Population              mean_N    mean_k    mean_He    p_sign_TPM    p_stdv_TPM    p_W_1t_TPM    p_W_2t_TPM
137721_South_Shetlands      19.95      5.90    0.71935      0.219835      0.156082      0.028090      0.056179
W9173_mum                19.74      6.18    0.72877      0.428923      0.284005      0.193615      0.387231
A1058_Bouvetoya          19.95      5.72    0.70379      0.054293      0.011958      0.002173      0.004346
CI32_Crozet              19.74      6.00    0.71253      0.036905      0.023593      0.000916      0.001833
MI2269_Macquarie         19.59      5.15    0.68020      0.106762      0.113366      0.025416      0.050833
Population              mean_N    mean_k    mean_He    p_sign_TPM    p_stdv_TPM    p_W_1t_TPM    p_W_2t_TPM
137684_South_Shetlands      19.95      6.49    0.72624      0.388083      0.346701      0.136906      0.273813
W5690/91                 19.90      5.92    0.72740      0.084456      0.016044      0.000550      0.001101
A1086_Bouvetoya          19.74      5.67    0.71868      0.414651      0.017342      0.006575      0.013149
MIAGM13144_Marion_island      19.59      6.26    0.73590      0.282860      0.064279      0.041149      0.082299
MI2269_Macquarie         19.90      5.36    0.70685      0.052782      0.019913      0.005554      0.011108
Population              mean_N    mean_k    mean_He    p_sign_TPM    p_stdv_TPM    p_W_1t_TPM    p_W_2t_TPM
137707_South_Shetlands      19.69      6.23    0.73395      0.415551      0.250718      0.157692      0.315383
W6532/32_pup             19.79      6.10    0.72464      0.291997      0.226015      0.109741      0.219482
A1094_Bouvetoya          19.85      5.69    0.71836      0.022541      0.013845      0.002235      0.004470
CI23_Crozet              20.00      6.23    0.71215      0.543018      0.270683      0.399256      0.798511
MI1606_Macquarie         19.95      5.56    0.70215      0.530351      0.310195      0.154351      0.308703
Population              mean_N    mean_k    mean_He    p_sign_TPM    p_stdv_TPM    p_W_1t_TPM    p_W_2t_TPM
137706_South_Shetlands      19.90      6.41    0.72705      0.409324      0.473466      0.161078      0.322156
W9175_mum                19.79      6.00    0.72132      0.410008      0.111422      0.033049      0.066098
A1084_Bouvetoya          19.69      5.56    0.70058      0.023617      0.039742      0.011227      0.022454
MIAGM13133_Marion_island      19.95      5.95    0.73474      0.191191      0.057731      0.011079      0.022158
MI1688_Macquarie         19.59      5.28    0.69987      0.174025      0.133789      0.065537      0.131075
Population              mean_N    mean_k    mean_He    p_sign_TPM    p_stdv_TPM    p_W_1t_TPM    p_W_2t_TPM
137718_South_Shetlands      20.00      6.08    0.73860      0.425182      0.092478      0.035220      0.070440
Y/B134/35                19.54      5.87    0.73025      0.076655      0.047073      0.002474      0.004949
A1033_Bouvetoya          19.64      5.46    0.69461      0.456433      0.134281      0.026525      0.053049
MIAGM13048_Marion_island      20.00      6.03    0.71161      0.078158      0.176995      0.097075      0.194150
MI2267_Macquarie         19.95      5.87    0.70704      0.293985      0.311594      0.188863      0.377727
Population              mean_N    mean_k    mean_He    p_sign_TPM    p_stdv_TPM    p_W_1t_TPM    p_W_2t_TPM
137723_South_Shetlands      20.00      6.21    0.73333      0.062965      0.085364      0.005098      0.010195
W9136_mum                19.79      6.21    0.72300      0.554707      0.372567      0.283250      0.566500
A1093_Bouvetoya          19.79      5.79    0.71365      0.139069      0.045241      0.013156      0.026312
CI32_Crozet              19.90      6.21    0.72625      0.208480      0.285316      0.037504      0.075008
MI2264_Macquarie         19.64      5.41    0.70059      0.086391      0.060616      0.011685      0.023371
Population              mean_N    mean_k    mean_He    p_sign_TPM    p_stdv_TPM    p_W_1t_TPM    p_W_2t_TPM
137712_South_Shetlands      19.59      6.10    0.72096      0.079515      0.256527      0.079138      0.158277
ATP32                    19.85      5.74    0.71352      0.277109      0.123062      0.056962      0.113925
A1100_Bouvetoya          19.90      5.97    0.72278      0.517769      0.139783      0.127569      0.255139
CI39_Crozet              19.85      6.36    0.72386      0.409762      0.341817      0.193615      0.387231
MI1603_Macquarie         19.79      5.26    0.66752      0.229458      0.402594      0.420475      0.840951
Population              mean_N    mean_k    mean_He    p_sign_TPM    p_stdv_TPM    p_W_1t_TPM    p_W_2t_TPM
137692_South_Shetlands      19.90      6.23    0.73020      0.286926      0.215851      0.120638      0.241276
W6536                    19.69      6.21    0.71839      0.120296      0.255204      0.061997      0.123994
A1091_Bouvetoya          20.00      5.87    0.71498      0.115390      0.034295      0.003603      0.007206
MIAGM13144_Marion_island      19.74      5.87    0.72837      0.162878      0.029067      0.002349      0.004697
MI2256_Macquarie         19.69      5.54    0.71347      0.419764      0.082480      0.036348      0.072695
Population              mean_N    mean_k    mean_He    p_sign_TPM    p_stdv_TPM    p_W_1t_TPM    p_W_2t_TPM
137722_South_Shetlands      19.85      6.46    0.75648      0.448820      0.145968      0.035220      0.070440
W2031/32                 19.59      5.90    0.71483      0.296796      0.218093      0.070317      0.140633
BI19_Bouvetoya           19.85      5.67    0.70316      0.272045      0.228189      0.079138      0.158277
MIAGM13126_Marion_island      19.95      6.00    0.73325      0.014324      0.008242      0.000084      0.000168
MI1621_Macquarie         19.85      5.05    0.65829      0.467475      0.228087      0.182521      0.365043
Population              mean_N    mean_k    mean_He    p_sign_TPM    p_stdv_TPM    p_W_1t_TPM    p_W_2t_TPM
137681_South_Shetlands      19.69      6.10    0.73552      0.239264      0.127133      0.043731      0.087463
W9170_mum                19.79      6.10    0.72304      0.466777      0.168587      0.080619      0.161239
A1099_Bouvetoya          19.54      5.85    0.72731      0.022971      0.052326      0.013156      0.026312
CI39_Crozet              19.90      6.00    0.72383      0.098475      0.050965      0.008785      0.017571
MI2256_Macquarie         19.85      5.54    0.69554      0.482172      0.292351      0.255802      0.511604
Population              mean_N    mean_k    mean_He    p_sign_TPM    p_stdv_TPM    p_W_1t_TPM    p_W_2t_TPM
137699_South_Shetlands      19.85      6.44    0.73426      0.289315      0.450577      0.242606      0.485211
W6519/19                 20.00      6.31    0.72821      0.112801      0.140387      0.018617      0.037235
A1065_Bouvetoya          19.74      5.72    0.70194      0.041143      0.057034      0.002062      0.004123
CI31_Crozet              19.90      6.23    0.73136      0.279231      0.164388      0.038347      0.076694
MI1669_Macquarie         19.79      5.46    0.68755      0.261585      0.281606      0.097116      0.194231
Population              mean_N    mean_k    mean_He    p_sign_TPM    p_stdv_TPM    p_W_1t_TPM    p_W_2t_TPM
137722_South_Shetlands      20.00      6.13    0.72024      0.450138      0.359761      0.242606      0.485211
W9162_mum                19.85      6.03    0.72324      0.113074      0.088641      0.013402      0.026804
A1057_Bouvetoya          19.85      5.82    0.70460      0.175253      0.490816      0.282981      0.565961
CI34_Crozet              19.95      5.97    0.71831      0.445721      0.261124      0.126357      0.252714
MI2269_Macquarie         19.54      5.31    0.68335      0.479923      0.203109      0.063749      0.127497
Population              mean_N    mean_k    mean_He    p_sign_TPM    p_stdv_TPM    p_W_1t_TPM    p_W_2t_TPM
137712_South_Shetlands      19.59      5.90    0.72428      0.203008      0.097477      0.030987      0.061974
W9136_mum                19.79      6.18    0.73223      0.372038      0.123127      0.032538      0.065076
BI18_Bouvetoya           19.74      5.85    0.72157      0.031385      0.024776      0.005281      0.010562
MIAGM13134_Marion_island      19.95      6.13    0.72175      0.478343      0.327998      0.146689      0.293377
MI2246_Macquarie         19.74      5.41    0.69696      0.232918      0.203292      0.089750      0.179501
Population              mean_N    mean_k    mean_He    p_sign_TPM    p_stdv_TPM    p_W_1t_TPM    p_W_2t_TPM
137722_South_Shetlands      19.49      6.08    0.71376      0.220435      0.442274      0.121590      0.243181
W9136_mum                19.90      6.08    0.71576      0.210296      0.120621      0.043731      0.087463
A1064_Bouvetoya          19.79      5.49    0.69918      0.036974      0.028519      0.002998      0.005996
MIAGM13112_Marion_island      20.00      6.21    0.72294      0.059142      0.035898      0.007266      0.014532
MI2256_Macquarie         19.69      5.51    0.70431      0.075584      0.025516      0.015356      0.030713
Population              mean_N    mean_k    mean_He    p_sign_TPM    p_stdv_TPM    p_W_1t_TPM    p_W_2t_TPM
137645_South_Shetlands      19.90      6.28    0.73003      0.468418      0.225400      0.121590      0.243181
W9138_pup                19.74      5.82    0.71938      0.160414      0.103572      0.011227      0.022454
BI5_Bouvetoya            19.90      5.59    0.70072      0.307655      0.048113      0.038704      0.077408
MIAGM13135_Marion_island      19.95      6.15    0.71468      0.412195      0.279454      0.055356      0.110712
MI1680_Macquarie         19.79      5.41    0.69426      0.238103      0.161391      0.017857      0.035713
Population              mean_N    mean_k    mean_He    p_sign_TPM    p_stdv_TPM    p_W_1t_TPM    p_W_2t_TPM
137691_South_Shetlands      19.85      6.33    0.71745      0.203819      0.362132      0.480745      0.961490
W9170_pup                19.54      5.90    0.71959      0.189000      0.102974      0.011964      0.023927
A1089_Bouvetoya          19.90      6.10    0.71843      0.267368      0.441703      0.202281      0.404563
CI32_Crozet              19.74      6.00    0.71924      0.187158      0.342011      0.117847      0.235693
MI1632_Macquarie         19.69      5.36    0.69885      0.066136      0.114486      0.023752      0.047505
Population              mean_N    mean_k    mean_He    p_sign_TPM    p_stdv_TPM    p_W_1t_TPM    p_W_2t_TPM
137700_South_Shetlands      19.90      6.18    0.72638      0.318909      0.397508      0.164510      0.329021
W9170_mum                19.69      6.03    0.72652      0.133477      0.067911      0.023043      0.046087
BI5_Bouvetoya            19.90      5.79    0.72692      0.001399      0.001294      0.000030      0.000059
CI21_Crozet              19.85      6.31    0.74196      0.184928      0.073637      0.019289      0.038578
MI2251_Macquarie         19.59      5.38    0.67732      0.294328      0.240654      0.044186      0.088371
Population              mean_N    mean_k    mean_He    p_sign_TPM    p_stdv_TPM    p_W_1t_TPM    p_W_2t_TPM
137699_South_Shetlands      19.85      6.21    0.73057      0.198147      0.215946      0.039904      0.079809
W13                      19.64      5.69    0.70711      0.150667      0.232287      0.014221      0.028441
A1022_Bouvetoya          19.79      5.74    0.71419      0.187939      0.114468      0.046439      0.092879
CI38_Crozet              19.90      6.05    0.73123      0.217445      0.072159      0.021425      0.042850
MI2267_Macquarie         20.00      5.59    0.68839      0.082168      0.243243      0.611368      0.787868
Population              mean_N    mean_k    mean_He    p_sign_TPM    p_stdv_TPM    p_W_1t_TPM    p_W_2t_TPM
137721_South_Shetlands      20.00      6.18    0.72051      0.432721      0.289059      0.238288      0.476577
W9174_pup                19.90      5.92    0.71044      0.416722      0.432341      0.251363      0.502726
BI18_Bouvetoya           19.79      5.87    0.71865      0.314865      0.222059      0.081240      0.162480
CI32_Crozet              19.95      6.13    0.73471      0.426611      0.033540      0.019980      0.039961
MI2269_Macquarie         19.74      5.33    0.69088      0.108418      0.049092      0.032005      0.064009
Population              mean_N    mean_k    mean_He    p_sign_TPM    p_stdv_TPM    p_W_1t_TPM    p_W_2t_TPM
137712_South_Shetlands      19.79      6.28    0.73427      0.302843      0.182556      0.067364      0.134728
W9137_pup                19.90      5.90    0.72456      0.119418      0.042860      0.005795      0.011591
BI16_Bouvetoya           19.90      5.59    0.70575      0.072453      0.028578      0.007745      0.015490
CI30_Crozet              19.90      5.95    0.72743      0.034552      0.116131      0.017965      0.035930
MI2267_Macquarie         19.90      5.62    0.70488      0.220986      0.275636      0.094721      0.189442
Population              mean_N    mean_k    mean_He    p_sign_TPM    p_stdv_TPM    p_W_1t_TPM    p_W_2t_TPM
137706_South_Shetlands      19.69      6.64    0.74064      0.558655      0.363049      0.225587      0.451174
SG9_South_Georgia        20.00      6.15    0.72078      0.300150      0.211518      0.073074      0.146148
A1078_Bouvetoya          19.69      5.64    0.71778      0.024345      0.020072      0.009543      0.019087
CI24_Crozet              19.79      6.26    0.73296      0.032080      0.125972      0.018617      0.037235
MI1663_Macquarie         19.18      5.00    0.68502      0.006898      0.017083      0.003626      0.007252
Population              mean_N    mean_k    mean_He    p_sign_TPM    p_stdv_TPM    p_W_1t_TPM    p_W_2t_TPM
137714_South_Shetlands      19.95      6.15    0.73761      0.427088      0.401427      0.255802      0.511604
ATF24                    19.74      5.97    0.73060      0.007866      0.005234      0.000221      0.000442
A1053_Bouvetoya          19.79      5.82    0.70836      0.043581      0.062630      0.008785      0.017571
CI28_Crozet              19.74      6.23    0.72184      0.303764      0.403406      0.251363      0.502726
MI2264_Macquarie         19.85      5.26    0.69926      0.052859      0.088145      0.019289      0.038578
Population              mean_N    mean_k    mean_He    p_sign_TPM    p_stdv_TPM    p_W_1t_TPM    p_W_2t_TPM
137718_South_Shetlands      19.79      6.38    0.74756      0.426833      0.352723      0.193615      0.387231
W9177_pup                19.85      6.21    0.72083      0.059593      0.059401      0.011668      0.023336
A1090_Bouvetoya          19.90      5.67    0.69714      0.485101      0.458386      0.259146      0.518291
CI40_Crozet              19.74      6.23    0.73207      0.013273      0.069047      0.011964      0.023927
MI1645_Macquarie         19.54      5.38    0.70159      0.174886      0.141039      0.034121      0.068242
Population              mean_N    mean_k    mean_He    p_sign_TPM    p_stdv_TPM    p_W_1t_TPM    p_W_2t_TPM
137700_South_Shetlands      19.54      6.21    0.73029      0.340953      0.407852      0.234013      0.468025
W9173_mum                19.54      6.28    0.72630      0.440784      0.365386      0.178699      0.357397
A1053_Bouvetoya          19.74      5.49    0.68781      0.070608      0.097062      0.054021      0.108042
CI34_Crozet              20.00      5.82    0.72551      0.001618      0.023580      0.001308      0.002615
MI2259_Macquarie         20.00      5.51    0.67557      0.372740      0.265971      0.434879      0.869759
Population              mean_N    mean_k    mean_He    p_sign_TPM    p_stdv_TPM    p_W_1t_TPM    p_W_2t_TPM
137701_South_Shetlands      20.00      6.36    0.75007      0.013666      0.010873      0.001121      0.002242
W9133_mum                19.74      6.05    0.73514      0.228498      0.218531      0.071132      0.142264
A1045_Bouvetoya          19.85      5.87    0.71176      0.216602      0.047504      0.009943      0.019885
CI30_Crozet              19.85      6.00    0.72879      0.014524      0.014590      0.000558      0.001116
MI2264_Macquarie         19.54      5.15    0.68268      0.428081      0.460140      0.189818      0.379637
Population              mean_N    mean_k    mean_He    p_sign_TPM    p_stdv_TPM    p_W_1t_TPM    p_W_2t_TPM
137710_South_Shetlands      19.79      6.05    0.72046      0.086212      0.120635      0.033639      0.067279
W9164_mum                19.85      5.90    0.72896      0.085509      0.030129      0.002022      0.004043
A1069_Bouvetoya          19.69      5.67    0.70428      0.262871      0.076497      0.031466      0.062932
CI40_Crozet              20.00      6.00    0.71808      0.366137      0.368650      0.283250      0.566500
MI2269_Macquarie         19.85      5.33    0.68621      0.420891      0.329189      0.147809      0.295618
Population              mean_N    mean_k    mean_He    p_sign_TPM    p_stdv_TPM    p_W_1t_TPM    p_W_2t_TPM
137701_South_Shetlands      19.79      6.15    0.74386      0.523897      0.177253      0.065537      0.131075
W9162_pup                19.79      6.10    0.71987      0.031837      0.212257      0.802543      0.402688
A1084_Bouvetoya          19.90      5.82    0.71586      0.104036      0.038643      0.004169      0.008338
MIAGM13141_Marion_island      19.79      6.13    0.73422      0.126490      0.075645      0.018617      0.037235
MI2267_Macquarie         19.69      5.46    0.70031      0.270519      0.219572      0.104818      0.209636
Population              mean_N    mean_k    mean_He    p_sign_TPM    p_stdv_TPM    p_W_1t_TPM    p_W_2t_TPM
137720_South_Shetlands      19.64      6.23    0.73133      0.564804      0.303258      0.132257      0.264514
W9134_mum                19.85      6.05    0.72429      0.374725      0.275970      0.160427      0.320853
A1084_Bouvetoya          19.90      5.87    0.69958      0.513870      0.276517      0.129062      0.258124
MIAGM13117_Marion_island      20.00      6.13    0.71579      0.071179      0.332303      0.524750      0.961490
MI1665_Macquarie         19.79      5.33    0.69830      0.535987      0.127441      0.069229      0.138457
Population              mean_N    mean_k    mean_He    p_sign_TPM    p_stdv_TPM    p_W_1t_TPM    p_W_2t_TPM
137695_South_Shetlands      19.54      6.38    0.74298      0.039497      0.144576      0.024573      0.049146
W2031/32                 19.69      6.00    0.71622      0.550316      0.413913      0.213269      0.426539
A1007_Bouvetoya          20.00      5.67    0.70175      0.299059      0.107493      0.047146      0.094292
MIAGM13134_Marion_island      19.85      6.15    0.73323      0.045249      0.024418      0.001268      0.002536
MI2260_Macquarie         19.79      5.56    0.69743      0.136876      0.346837      0.039602      0.079205
Population              mean_N    mean_k    mean_He    p_sign_TPM    p_stdv_TPM    p_W_1t_TPM    p_W_2t_TPM
137722_South_Shetlands      19.64      5.97    0.74105      0.123502      0.055203      0.018617      0.037235
W6513/13                 19.79      6.21    0.71760      0.093482      0.456870      0.198233      0.396465
A1099_Bouvetoya          19.64      5.79    0.70301      0.337841      0.468276      0.431538      0.863076
MIAGM13134_Marion_island      20.00      6.03    0.70634      0.534937      0.096202      0.074235      0.148469
MI2261_Macquarie         19.69      5.18    0.67831      0.102417      0.095677      0.042761      0.085522
Population              mean_N    mean_k    mean_He    p_sign_TPM    p_stdv_TPM    p_W_1t_TPM    p_W_2t_TPM
137722_South_Shetlands      19.79      6.28    0.72872      0.380637      0.340086      0.115807      0.231613
W6754                    19.74      6.10    0.72911      0.182730      0.056650      0.012428      0.024856
BI10_Bouvetoya           19.95      5.67    0.69246      0.086778      0.106996      0.005471      0.010943
CI34_Crozet              19.95      5.90    0.70653      0.550805      0.392676      0.175083      0.350166
MI1638_Macquarie         19.74      5.46    0.68369      0.223808      0.176016      0.104818      0.209636
Population              mean_N    mean_k    mean_He    p_sign_TPM    p_stdv_TPM    p_W_1t_TPM    p_W_2t_TPM
137702_South_Shetlands      19.74      6.23    0.74375      0.115864      0.063889      0.016122      0.032244
W1_Wilson_Harbour        19.69      5.90    0.71658      0.208424      0.204580      0.182360      0.364720
A1080_Bouvetoya          19.74      6.03    0.71212      0.484394      0.309049      0.171513      0.343026
CI22_Crozet              19.90      6.23    0.73375      0.327194      0.117119      0.024573      0.049146
MI1663_Macquarie         19.74      5.13    0.67168      0.156876      0.405533      0.357273      0.714546
Population              mean_N    mean_k    mean_He    p_sign_TPM    p_stdv_TPM    p_W_1t_TPM    p_W_2t_TPM
137716_South_Shetlands      19.74      6.05    0.72806      0.450802      0.401138      0.067364      0.134728
W6532/32                 19.74      6.08    0.72247      0.167037      0.037337      0.012159      0.024319
A1015_Bouvetoya          19.90      5.95    0.70546      0.396365      0.380929      0.409296      0.818591
CI28_Crozet              19.85      6.10    0.71754      0.369569      0.115777      0.039602      0.079205
MI1663_Macquarie         20.00      5.54    0.68421      0.154650      0.234116      0.491745      0.983491
Population              mean_N    mean_k    mean_He    p_sign_TPM    p_stdv_TPM    p_W_1t_TPM    p_W_2t_TPM
137697_South_Shetlands      20.00      6.18    0.71930      0.544081      0.356165      0.326829      0.653658
W9178_pup                19.85      6.10    0.73344      0.116634      0.075553      0.033049      0.066098
2245_Bouvetoya           19.90      5.62    0.70936      0.111855      0.024672      0.009475      0.018950
CI25_Crozet              19.79      5.82    0.71818      0.508989      0.170596      0.136906      0.273813
MI2269_Macquarie         19.74      5.10    0.69063      0.135207      0.012797      0.001080      0.002159
Population              mean_N    mean_k    mean_He    p_sign_TPM    p_stdv_TPM    p_W_1t_TPM    p_W_2t_TPM
137714_South_Shetlands      19.95      6.23    0.74137      0.099220      0.081090      0.012428      0.024856
W9175_pup                19.79      6.31    0.73466      0.211570      0.153465      0.065537      0.131075
A1045_Bouvetoya          19.95      5.77    0.71202      0.313661      0.065515      0.029995      0.059991
CI39_Crozet              19.79      6.15    0.73148      0.181379      0.153935      0.042425      0.084850
MI2261_Macquarie         19.95      5.28    0.67315      0.184499      0.493147      0.465736      0.931471
Population              mean_N    mean_k    mean_He    p_sign_TPM    p_stdv_TPM    p_W_1t_TPM    p_W_2t_TPM
137701_South_Shetlands      19.90      6.10    0.73529      0.076669      0.065937      0.025616      0.051233
W9135_pup                19.79      5.97    0.72760      0.080191      0.027974      0.003145      0.006291
A1086_Bouvetoya          19.85      6.18    0.72288      0.246493      0.216321      0.099609      0.199218
MIAGM13143_Marion_island      20.00      6.18    0.73671      0.004418      0.156812      0.011964      0.023927
MI1664_Macquarie         19.74      5.21    0.68157      0.095243      0.180352      0.049277      0.098554
Population              mean_N    mean_k    mean_He    p_sign_TPM    p_stdv_TPM    p_W_1t_TPM    p_W_2t_TPM
137719_South_Shetlands      19.85      6.18    0.73119      0.059660      0.098491      0.034121      0.068242
ATP11                    19.69      6.03    0.72698      0.035203      0.038252      0.011685      0.023371
BI8_Bouvetoya            19.85      5.67    0.70523      0.003788      0.022616      0.001579      0.003159
MIAGM13137_Marion_island      19.90      5.90    0.71539      0.402748      0.109256      0.055661      0.111322
MI2265_Macquarie         19.90      5.31    0.67891      0.419619      0.361547      0.094587      0.189174
Population              mean_N    mean_k    mean_He    p_sign_TPM    p_stdv_TPM    p_W_1t_TPM    p_W_2t_TPM
137707_South_Shetlands      19.85      6.23    0.72973      0.401596      0.372222      0.229779      0.459558
AGP14170                 19.85      5.67    0.70896      0.309889      0.195333      0.046374      0.092749
2271_Bouvetoya           19.95      5.72    0.70019      0.115889      0.292744      0.047842      0.095683
MIAGM13119_Marion_island      19.95      5.92    0.71243      0.493153      0.189360      0.094721      0.189442
MI2262_Macquarie         19.74      5.41    0.68113      0.440492      0.488460      0.420717      0.841433
Population              mean_N    mean_k    mean_He    p_sign_TPM    p_stdv_TPM    p_W_1t_TPM    p_W_2t_TPM
137679_South_Shetlands      19.69      6.38    0.73564      0.540464      0.308562      0.164510      0.329021
W6530/30_pup             19.90      6.23    0.71332      0.431727      0.374602      0.265342      0.530684
A1075_Bouvetoya          19.90      5.92    0.72171      0.106087      0.064559      0.073074      0.146148
CI28_Crozet              19.69      5.90    0.72012      0.271520      0.030947      0.015544      0.031088
MI1669_Macquarie         19.64      5.21    0.68283      0.458849      0.190223      0.092146      0.184292
Population              mean_N    mean_k    mean_He    p_sign_TPM    p_stdv_TPM    p_W_1t_TPM    p_W_2t_TPM
137716_South_Shetlands      19.95      6.00    0.72286      0.144743      0.020312      0.017202      0.034404
W6550                    19.90      6.13    0.71491      0.242326      0.098804      0.049324      0.098649
A1089_Bouvetoya          19.54      6.10    0.72166      0.550547      0.423591      0.221438      0.442876
MIAGM13141_Marion_island      19.95      5.90    0.71884      0.082067      0.028146      0.003459      0.006918
MI1688_Macquarie         19.69      5.36    0.69481      0.110682      0.063597      0.012672      0.025345
Population              mean_N    mean_k    mean_He    p_sign_TPM    p_stdv_TPM    p_W_1t_TPM    p_W_2t_TPM
137707_South_Shetlands      19.85      5.95    0.71375      0.070598      0.180139      0.005322      0.010643
W9135_mum                19.59      6.10    0.73150      0.196099      0.223464      0.087792      0.175584
A1085_Bouvetoya          19.85      5.77    0.71684      0.126152      0.058275      0.009856      0.019713
CI34_Crozet              19.74      6.18    0.70103      0.062505      0.038374      0.832406      0.342503
MI2251_Macquarie         19.74      5.18    0.67411      0.144373      0.125409      0.082835      0.165670
Population              mean_N    mean_k    mean_He    p_sign_TPM    p_stdv_TPM    p_W_1t_TPM    p_W_2t_TPM
137690_South_Shetlands      19.54      6.00    0.73125      0.029517      0.024518      0.001681      0.003361
W9178_mum                19.69      5.95    0.71231      0.518964      0.252961      0.092146      0.184292
A1074_Bouvetoya          19.74      5.59    0.73577      0.030933      0.003442      0.000590      0.001179
CI27_Crozet              19.74      5.97    0.72742      0.107116      0.026715      0.003422      0.006844
MI1665_Macquarie         19.74      5.15    0.68715      0.106794      0.012201      0.003265      0.006529
Population              mean_N    mean_k    mean_He    p_sign_TPM    p_stdv_TPM    p_W_1t_TPM    p_W_2t_TPM
137716_South_Shetlands      19.90      6.31    0.74761      0.225085      0.204378      0.077077      0.154154
W9167_mum                19.79      5.92    0.72332      0.082795      0.056839      0.017857      0.035713
A1062_Bouvetoya          19.95      5.72    0.68375      0.351762      0.299880      0.150015      0.300029
CI27_Crozet              19.85      6.18    0.72759      0.052499      0.108084      0.004372      0.008745
MI1606_Macquarie         19.90      5.33    0.69713      0.465214      0.198873      0.127569      0.255139
Population              mean_N    mean_k    mean_He    p_sign_TPM    p_stdv_TPM    p_W_1t_TPM    p_W_2t_TPM
137686_South_Shetlands      20.00      6.33    0.73765      0.318152      0.074712      0.022955      0.045909
W6540/40_pup             19.74      6.18    0.72036      0.550651      0.247220      0.046374      0.092749
A1045_Bouvetoya          19.85      5.90    0.69950      0.072738      0.328336      0.127569      0.255139
MIAGM13108_Marion_island      19.95      6.18    0.73257      0.317531      0.139718      0.030987      0.061974
MI2248_Macquarie         19.59      5.67    0.69178      0.461097      0.384271      0.161692      0.323383
Population              mean_N    mean_k    mean_He    p_sign_TPM    p_stdv_TPM    p_W_1t_TPM    p_W_2t_TPM
137709_South_Shetlands      19.69      6.15    0.72799      0.034133      0.070384      0.007752      0.015505
W6537                    20.00      6.00    0.72537      0.118691      0.064835      0.029995      0.059991
BI17_Bouvetoya           19.54      5.79    0.71473      0.030128      0.024627      0.002537      0.005074
MIAGM13124_Marion_island      19.85      6.38    0.73475      0.089863      0.078411      0.024734      0.049468
MI2270_Macquarie         19.90      5.18    0.68637      0.133288      0.054937      0.042210      0.084421
Population              mean_N    mean_k    mean_He    p_sign_TPM    p_stdv_TPM    p_W_1t_TPM    p_W_2t_TPM
137722_South_Shetlands      20.00      6.00    0.72159      0.551309      0.270815      0.126357      0.252714
W6528/28_pup             20.00      5.90    0.70661      0.396788      0.429909      0.365377      0.730753
BI21_Bouvetoya           19.69      5.77    0.70600      0.567101      0.322904      0.186067      0.372133
MIAGM13142_Marion_island      19.90      6.26    0.73961      0.207075      0.114095      0.038689      0.077379
MI2270_Macquarie         19.79      5.44    0.68714      0.004924      0.006966      0.002426      0.004852
Population              mean_N    mean_k    mean_He    p_sign_TPM    p_stdv_TPM    p_W_1t_TPM    p_W_2t_TPM
137706_South_Shetlands      19.85      6.33    0.72742      0.563269      0.384983      0.217332      0.434664
W6514/14_pup             19.90      6.03    0.71650      0.108326      0.256963      0.092369      0.184738
BI23_Bouvetoya           19.90      5.72    0.72007      0.020689      0.015267      0.001268      0.002536
MIAGM13044_Marion_island      19.90      6.41    0.73551      0.298060      0.366358      0.404596      0.809191
MI2260_Macquarie         19.74      5.10    0.67297      0.278992      0.250199      0.099554      0.199107
Population              mean_N    mean_k    mean_He    p_sign_TPM    p_stdv_TPM    p_W_1t_TPM    p_W_2t_TPM
137718_South_Shetlands      20.00      6.26    0.73333      0.384985      0.079749      0.014779      0.029559
W9177_mum                19.69      6.15    0.71470      0.551066      0.416857      0.213269      0.426539
A1066_Bouvetoya          20.00      5.59    0.69636      0.049016      0.110461      0.018851      0.037703
CI27_Crozet              19.64      6.46    0.73300      0.135058      0.089802      0.016718      0.033436
MI2265_Macquarie         19.54      5.15    0.68225      0.010548      0.006832      0.000903      0.001807
Population              mean_N    mean_k    mean_He    p_sign_TPM    p_stdv_TPM    p_W_1t_TPM    p_W_2t_TPM
137721_South_Shetlands      19.64      6.26    0.73835      0.129916      0.104116      0.045069      0.090139
W9178_mum                19.79      6.23    0.72500      0.235182      0.205308      0.054021      0.108042
A1063_Bouvetoya          19.74      5.82    0.71662      0.410905      0.314534      0.260280      0.520561
CI25_Crozet              19.54      6.13    0.72830      0.173076      0.119929      0.015356      0.030713
MI1667_Macquarie         19.59      5.49    0.70232      0.146441      0.304979      0.292696      0.585392
Population              mean_N    mean_k    mean_He    p_sign_TPM    p_stdv_TPM    p_W_1t_TPM    p_W_2t_TPM
137718_South_Shetlands      19.95      6.33    0.73615      0.012028      0.180567      0.021425      0.042850
W9171_mum                19.69      5.97    0.71893      0.468863      0.401445      0.151057      0.302114
A1068_Bouvetoya          19.85      5.79    0.71919      0.120693      0.085936      0.010250      0.020501
CI40_Crozet              19.69      6.18    0.72841      0.390171      0.221303      0.078448      0.156895
MI1620_Macquarie         19.74      5.33    0.69308      0.107701      0.056893      0.003106      0.006212
Population              mean_N    mean_k    mean_He    p_sign_TPM    p_stdv_TPM    p_W_1t_TPM    p_W_2t_TPM
137692_South_Shetlands      19.79      6.13    0.72893      0.527075      0.389690      0.347014      0.694029
W6542/42                 19.74      5.72    0.70343      0.255395      0.185198      0.057339      0.114678
A1073_Bouvetoya          19.79      5.62    0.70233      0.542753      0.156691      0.102035      0.204070
CI40_Crozet              19.69      5.90    0.69868      0.445436      0.307180      0.217332      0.434664
MI2260_Macquarie         19.79      5.18    0.66773      0.454667      0.319398      0.333501      0.667002
Population              mean_N    mean_k    mean_He    p_sign_TPM    p_stdv_TPM    p_W_1t_TPM    p_W_2t_TPM
137721_South_Shetlands      20.00      6.44    0.73617      0.138531      0.376221      0.246964      0.493928
W9165_mum                19.74      6.08    0.72751      0.105405      0.192676      0.055356      0.110712
A1100_Bouvetoya          19.95      5.82    0.72205      0.032188      0.064716      0.013402      0.026804
MIAGM13134_Marion_island      19.79      6.00    0.72013      0.214420      0.251103      0.102035      0.204070
MI2264_Macquarie         19.85      5.59    0.70446      0.221485      0.166689      0.063749      0.127497
Population              mean_N    mean_k    mean_He    p_sign_TPM    p_stdv_TPM    p_W_1t_TPM    p_W_2t_TPM
137693_South_Shetlands      19.85      5.97    0.71137      0.439561      0.183119      0.063749      0.127497
W6528/28_pup             19.49      6.03    0.73341      0.043126      0.014710      0.000733      0.001466
BI23_Bouvetoya           19.69      6.00    0.72328      0.052433      0.111077      0.021131      0.042262
MIAGM13131_Marion_island      19.90      6.21    0.71913      0.266950      0.345085      0.132257      0.264514
MI2261_Macquarie         20.00      5.26    0.68704      0.074025      0.049278      0.021449      0.042898
Population              mean_N    mean_k    mean_He    p_sign_TPM    p_stdv_TPM    p_W_1t_TPM    p_W_2t_TPM
137639_South_Shetlands      19.85      6.44    0.72947      0.035473      0.112015      0.852191      0.302114
W9169_mum                19.85      6.18    0.74114      0.070918      0.010864      0.001376      0.002752
A1024_Bouvetoya          20.00      5.95    0.71377      0.038310      0.011438      0.003329      0.006657
CI20_Crozet              19.79      5.87    0.73179      0.175683      0.046318      0.007752      0.015505
MI2256_Macquarie         19.85      5.31    0.68086      0.393097      0.310432      0.109426      0.218852
Population              mean_N    mean_k    mean_He    p_sign_TPM    p_stdv_TPM    p_W_1t_TPM    p_W_2t_TPM
137722_South_Shetlands      19.74      6.33    0.72311      0.219028      0.064422      0.668168      0.673729
W9162_pup                19.85      6.10    0.70933      0.379599      0.237166      0.333501      0.667002
A1070_Bouvetoya          19.79      5.74    0.69180      0.205456      0.453177      0.338116      0.676232
CI28_Crozet              19.74      6.10    0.72044      0.233186      0.172200      0.070192      0.140385
MI2270_Macquarie         19.74      5.54    0.68537      0.401505      0.151679      0.081204      0.162409
