Population              mean_N    mean_k    mean_He    p_sign_TPM    p_stdv_TPM    p_W_1t_TPM    p_W_2t_TPM
137673_South_Shetlands      20.00      6.51    0.72456      0.287483      0.304556      0.347014      0.694029
W9134_pup                19.74      6.13    0.72534      0.198582      0.343793      0.209250      0.418500
A1099_Bouvetoya          19.79      5.87    0.72973      0.018942      0.017768      0.002998      0.005996
CI20_Crozet              19.95      6.08    0.73261      0.020300      0.039100      0.003800      0.007599
MI2269_Macquarie         19.85      5.49    0.67620      0.518497      0.226567      0.505717      1.000000
Population              mean_N    mean_k    mean_He    p_sign_TPM    p_stdv_TPM    p_W_1t_TPM    p_W_2t_TPM
137702_South_Shetlands      19.69      6.13    0.72210      0.428232      0.177302      0.052248      0.104496
W6524/24_pup             19.69      6.15    0.72322      0.526971      0.287595      0.141450      0.282901
A1099_Bouvetoya          19.74      5.72    0.71303      0.195906      0.049987      0.009475      0.018950
CI22_Crozet              19.90      5.87    0.72741      0.000995      0.002893      0.000107      0.000214
MI1609_Macquarie         19.69      5.46    0.68915      0.519815      0.205759      0.079138      0.158277
Population              mean_N    mean_k    mean_He    p_sign_TPM    p_stdv_TPM    p_W_1t_TPM    p_W_2t_TPM
137719_South_Shetlands      19.95      6.23    0.72803      0.128464      0.287763      0.112398      0.224797
ATF48                    19.90      6.03    0.73566      0.033617      0.060201      0.002594      0.005187
A1077_Bouvetoya          19.85      5.92    0.70686      0.319147      0.265192      0.541204      0.928548
CI39_Crozet              19.90      5.85    0.71721      0.312185      0.115825      0.049277      0.098554
MI2269_Macquarie         19.85      5.49    0.69861      0.332918      0.170120      0.037124      0.074247
Population              mean_N    mean_k    mean_He    p_sign_TPM    p_stdv_TPM    p_W_1t_TPM    p_W_2t_TPM
137712_South_Shetlands      19.74      6.10    0.71174      0.455590      0.307025      0.229779      0.459558
W9175_pup                19.79      6.23    0.73508      0.257145      0.395872      0.287955      0.575910
BI16_Bouvetoya           19.69      5.87    0.71638      0.367092      0.154870      0.062607      0.125213
CI24_Crozet              19.49      6.08    0.72886      0.168810      0.131193      0.020686      0.041373
MI2249_Macquarie         19.59      5.33    0.68585      0.077349      0.138244      0.040890      0.081780
Population              mean_N    mean_k    mean_He    p_sign_TPM    p_stdv_TPM    p_W_1t_TPM    p_W_2t_TPM
137716_South_Shetlands      19.79      6.28    0.73419      0.319751      0.222312      0.094721      0.189442
W9169_pup                19.79      6.08    0.71731      0.028597      0.031446      0.001956      0.003913
A1057_Bouvetoya          19.90      5.46    0.71081      0.013235      0.011621      0.000959      0.001917
CI22_Crozet              19.90      6.13    0.72147      0.194385      0.106500      0.045069      0.090139
MI1666_Macquarie         19.44      5.33    0.68763      0.463083      0.488517      0.164510      0.329021
Population              mean_N    mean_k    mean_He    p_sign_TPM    p_stdv_TPM    p_W_1t_TPM    p_W_2t_TPM
137723_South_Shetlands      19.79      6.44    0.72947      0.303343      0.276825      0.115100      0.230200
W9177_mum                19.74      6.26    0.72521      0.069254      0.310243      0.600744      0.809191
BI14_Bouvetoya           19.79      5.67    0.70577      0.234105      0.027882      0.010784      0.021568
CI32_Crozet              19.79      6.03    0.72700      0.013443      0.017840      0.001376      0.002752
MI2251_Macquarie         19.64      5.38    0.69441      0.364671      0.144156      0.049324      0.098649
Population              mean_N    mean_k    mean_He    p_sign_TPM    p_stdv_TPM    p_W_1t_TPM    p_W_2t_TPM
137692_South_Shetlands      19.85      6.31    0.73571      0.472582      0.462665      0.175083      0.350166
W9172_pup                19.90      5.97    0.72054      0.547532      0.292526      0.229779      0.459558
A1093_Bouvetoya          19.85      5.87    0.70703      0.451303      0.265853      0.167989      0.335977
CI30_Crozet              19.90      5.82    0.71905      0.055433      0.076666      0.020692      0.041384
MI2267_Macquarie         19.90      5.38    0.67901      0.464185      0.471791      0.343593      0.687187
Population              mean_N    mean_k    mean_He    p_sign_TPM    p_stdv_TPM    p_W_1t_TPM    p_W_2t_TPM
137706_South_Shetlands      19.95      6.18    0.72992      0.130805      0.139560      0.025416      0.050833
W6518/18                 19.90      6.26    0.74870      0.003627      0.002149      0.000528      0.001055
A1096_Bouvetoya          19.85      5.67    0.70925      0.309535      0.074185      0.036348      0.072695
CI32_Crozet              19.90      6.26    0.73601      0.109545      0.010559      0.001134      0.002269
MI2260_Macquarie         19.59      5.23    0.68622      0.172178      0.126699      0.049277      0.098554
Population              mean_N    mean_k    mean_He    p_sign_TPM    p_stdv_TPM    p_W_1t_TPM    p_W_2t_TPM
137700_South_Shetlands      19.69      6.15    0.71699      0.315065      0.491413      0.399256      0.798511
W6755                    19.64      5.97    0.71599      0.078928      0.021637      0.002998      0.005996
A1058_Bouvetoya          19.85      5.74    0.71871      0.056982      0.083602      0.052248      0.104496
MIAGM13141_Marion_island      19.90      6.33    0.70270      0.268557      0.466355      0.143890      0.287781
MI2261_Macquarie         19.74      5.51    0.69525      0.185903      0.103498      0.011668      0.023336
Population              mean_N    mean_k    mean_He    p_sign_TPM    p_stdv_TPM    p_W_1t_TPM    p_W_2t_TPM
137692_South_Shetlands      19.74      6.18    0.72361      0.139591      0.123356      0.014779      0.029559
SG20_South_Georgia       19.79      6.21    0.73830      0.185793      0.049286      0.009107      0.018213
A1084_Bouvetoya          19.85      5.87    0.70694      0.366500      0.133336      0.072192      0.144384
CI24_Crozet              19.85      5.79    0.70813      0.011769      0.040298      0.012162      0.024323
MI2252_Macquarie         19.79      5.26    0.68517      0.231762      0.069059      0.017202      0.034404
Population              mean_N    mean_k    mean_He    p_sign_TPM    p_stdv_TPM    p_W_1t_TPM    p_W_2t_TPM
137649_South_Shetlands      19.90      6.51    0.73290      0.323053      0.370901      0.326829      0.653658
W9163_mum                19.90      6.03    0.71232      0.367350      0.376019      0.282981      0.565961
A1046_Bouvetoya          19.85      5.56    0.69049      0.014348      0.026607      0.003689      0.007377
CI5_Crozet               19.64      6.03    0.72991      0.213876      0.024886      0.006046      0.012092
MI2269_Macquarie         19.74      5.46    0.70419      0.555145      0.261918      0.075056      0.150111
Population              mean_N    mean_k    mean_He    p_sign_TPM    p_stdv_TPM    p_W_1t_TPM    p_W_2t_TPM
137716_South_Shetlands      19.69      6.28    0.73559      0.281141      0.291434      0.102035      0.204070
W9132_mum                19.69      5.85    0.71748      0.564825      0.233999      0.238288      0.476577
A1013_Bouvetoya          19.74      5.82    0.71425      0.310294      0.239103      0.193615      0.387231
CI23_Crozet              20.00      6.23    0.72159      0.540002      0.388708      0.193615      0.387231
MI2250_Macquarie         19.64      5.36    0.69840      0.032133      0.001976      0.000292      0.000585
Population              mean_N    mean_k    mean_He    p_sign_TPM    p_stdv_TPM    p_W_1t_TPM    p_W_2t_TPM
137645_South_Shetlands      19.69      6.28    0.73339      0.322557      0.253411      0.141450      0.282901
W9173_pup                19.95      6.03    0.72078      0.011431      0.034611      0.002718      0.005436
A1053_Bouvetoya          19.85      5.92    0.71640      0.196873      0.046766      0.014901      0.029801
CI25_Crozet              19.79      6.10    0.69032      0.486139      0.191146      0.650691      0.709275
MI2260_Macquarie         19.64      5.21    0.68405      0.152278      0.200512      0.082835      0.165670
Population              mean_N    mean_k    mean_He    p_sign_TPM    p_stdv_TPM    p_W_1t_TPM    p_W_2t_TPM
137715_South_Shetlands      19.59      6.26    0.71608      0.532711      0.267833      0.115100      0.230200
W9163_pup                19.85      6.05    0.72458      0.145621      0.049038      0.007423      0.014845
BI23_Bouvetoya           19.90      5.90    0.71006      0.351789      0.125793      0.076320      0.152639
CI1_Crozet               19.95      6.18    0.71695      0.394046      0.047875      0.029365      0.058730
MI2267_Macquarie         19.69      5.44    0.69259      0.343479      0.390382      0.146689      0.293377
Population              mean_N    mean_k    mean_He    p_sign_TPM    p_stdv_TPM    p_W_1t_TPM    p_W_2t_TPM
137710_South_Shetlands      20.00      6.26    0.74157      0.433018      0.337471      0.138340      0.276680
W6701_pup                19.85      6.18    0.72933      0.309465      0.233998      0.046439      0.092879
BI14_Bouvetoya           19.90      5.79    0.71940      0.015525      0.012351      0.000583      0.001166
CI40_Crozet              20.00      6.00    0.72497      0.209452      0.098904      0.067364      0.134728
MI1620_Macquarie         19.69      5.51    0.69462      0.021824      0.020924      0.009049      0.018098
Population              mean_N    mean_k    mean_He    p_sign_TPM    p_stdv_TPM    p_W_1t_TPM    p_W_2t_TPM
137715_South_Shetlands      19.95      6.74    0.75081      0.428365      0.345261      0.242606      0.485211
W9133_pup                19.64      6.10    0.71895      0.054450      0.091208      0.018617      0.037235
A1096_Bouvetoya          19.69      5.67    0.69741      0.488680      0.313606      0.190280      0.380559
MIAGM13122_Marion_island      19.95      6.03    0.71585      0.127741      0.127701      0.097116      0.194231
MI2269_Macquarie         19.90      5.56    0.68851      0.291707      0.307147      0.132257      0.264514
Population              mean_N    mean_k    mean_He    p_sign_TPM    p_stdv_TPM    p_W_1t_TPM    p_W_2t_TPM
137707_South_Shetlands      19.90      6.54    0.74683      0.476912      0.354667      0.151057      0.302114
W6540/40                 19.74      6.21    0.71999      0.291155      0.410247      0.307796      0.615592
BI17_Bouvetoya           19.95      5.59    0.71618      0.004382      0.000620      0.000033      0.000065
CI32_Crozet              19.64      6.18    0.72693      0.159888      0.118029      0.026525      0.053049
MI1615_Macquarie         19.69      5.15    0.67725      0.405701      0.207871      0.085890      0.171780
Population              mean_N    mean_k    mean_He    p_sign_TPM    p_stdv_TPM    p_W_1t_TPM    p_W_2t_TPM
137657_South_Shetlands      19.85      6.08    0.71938      0.221235      0.165470      0.097075      0.194150
W9134_mum                19.74      6.05    0.72305      0.198723      0.245592      0.135276      0.270551
BI6_Bouvetoya            19.95      6.00    0.71907      0.293576      0.304392      0.154351      0.308703
CI24_Crozet              19.85      6.15    0.72458      0.499291      0.194042      0.127569      0.255139
MI1642_Macquarie         19.95      5.46    0.69218      0.385652      0.256137      0.174959      0.349918
Population              mean_N    mean_k    mean_He    p_sign_TPM    p_stdv_TPM    p_W_1t_TPM    p_W_2t_TPM
137706_South_Shetlands      19.90      6.46    0.73345      0.539727      0.219315      0.399256      0.798511
W9173_mum                19.69      6.15    0.71552      0.428009      0.209421      0.083383      0.166766
BI19_Bouvetoya           20.00      5.95    0.70297      0.119878      0.044122      0.011668      0.023336
MIAGM13139_Marion_island      19.74      6.08    0.72787      0.040091      0.074288      0.020686      0.041373
MI1638_Macquarie         19.79      5.36    0.67826      0.464323      0.416019      0.150850      0.301699
Population              mean_N    mean_k    mean_He    p_sign_TPM    p_stdv_TPM    p_W_1t_TPM    p_W_2t_TPM
137690_South_Shetlands      19.69      6.00    0.70901      0.214188      0.288009      0.163985      0.327971
W6537/37_FWB_pup         19.79      6.08    0.71673      0.310437      0.143970      0.042761      0.085522
A1029_Bouvetoya          19.74      6.26    0.73868      0.428829      0.102263      0.045069      0.090139
MIAGM13126_Marion_island      19.90      6.10    0.72522      0.560655      0.193729      0.115100      0.230200
MI2250_Macquarie         19.74      5.36    0.68135      0.450517      0.149877      0.034770      0.069541
Population              mean_N    mean_k    mean_He    p_sign_TPM    p_stdv_TPM    p_W_1t_TPM    p_W_2t_TPM
137689_South_Shetlands      19.79      5.97    0.71083      0.394403      0.316640      0.249904      0.499808
W6540/40                 19.79      5.95    0.71769      0.140336      0.044499      0.019229      0.038457
BI21_Bouvetoya           19.79      5.90    0.69743      0.373961      0.457182      0.297758      0.595515
MIAGM13142_Marion_island      19.85      6.15    0.72915      0.351288      0.206602      0.074235      0.148469
MI2248_Macquarie         19.59      5.46    0.68863      0.473155      0.162892      0.388632      0.777263
Population              mean_N    mean_k    mean_He    p_sign_TPM    p_stdv_TPM    p_W_1t_TPM    p_W_2t_TPM
137711_South_Shetlands      19.90      6.26    0.72578      0.325908      0.382506      0.255802      0.511604
W9173_mum                19.74      5.82    0.71374      0.470423      0.303764      0.186067      0.372133
A1087_Bouvetoya          19.69      5.56    0.69278      0.490268      0.346229      0.178715      0.357431
MIAGM13123_Marion_island      19.95      5.87    0.72232      0.279278      0.143380      0.041149      0.082299
MI2254_Macquarie         19.74      5.62    0.72221      0.257928      0.044528      0.011079      0.022158
Population              mean_N    mean_k    mean_He    p_sign_TPM    p_stdv_TPM    p_W_1t_TPM    p_W_2t_TPM
137697_South_Shetlands      20.00      6.33    0.73117      0.432311      0.369458      0.321856      0.643713
W9132_mum                19.69      5.85    0.70778      0.512847      0.234611      0.127569      0.255139
BI19_Bouvetoya           19.95      6.03    0.73088      0.010405      0.013562      0.000048      0.000097
CI29_Crozet              19.95      6.13    0.72966      0.032180      0.037608      0.004674      0.009348
MI2258_Macquarie         19.90      5.54    0.70325      0.057452      0.067129      0.016718      0.033436
Population              mean_N    mean_k    mean_He    p_sign_TPM    p_stdv_TPM    p_W_1t_TPM    p_W_2t_TPM
137703_South_Shetlands      19.49      6.46    0.72922      0.292846      0.133101      0.683085      0.643713
W9178_pup                19.54      6.10    0.72189      0.216989      0.107336      0.023876      0.047753
A1072_Bouvetoya          19.90      5.62    0.71082      0.044160      0.013893      0.003299      0.006598
CI38_Crozet              19.79      6.00    0.73048      0.177155      0.042699      0.012428      0.024856
MI2267_Macquarie         19.79      5.67    0.70548      0.366926      0.417395      0.273324      0.546649
Population              mean_N    mean_k    mean_He    p_sign_TPM    p_stdv_TPM    p_W_1t_TPM    p_W_2t_TPM
137607_South_Shetlands      19.90      6.46    0.74482      0.220832      0.168496      0.028090      0.056179
W9162_pup                19.85      6.26    0.73090      0.213822      0.306381      0.442410      0.884820
BI2_Bouvetoya            19.95      5.77    0.70849      0.349095      0.073195      0.031466      0.062932
MIAGM13144_Marion_island      19.59      5.97    0.72210      0.148825      0.161183      0.031466      0.062932
MI2254_Macquarie         19.79      5.67    0.70987      0.244362      0.228026      0.062607      0.125213
Population              mean_N    mean_k    mean_He    p_sign_TPM    p_stdv_TPM    p_W_1t_TPM    p_W_2t_TPM
137717_South_Shetlands      19.95      6.28    0.73158      0.298319      0.181188      0.115100      0.230200
W6547                    19.85      6.13    0.71975      0.212794      0.338127      0.085567      0.171134
BI2_Bouvetoya            19.90      5.82    0.69619      0.553509      0.250124      0.098462      0.196924
MIAGM13140_Marion_island      19.59      6.08    0.71350      0.500218      0.197334      0.133745      0.267489
MI1645_Macquarie         19.85      5.26    0.67630      0.541997      0.223549      0.106608      0.213216
Population              mean_N    mean_k    mean_He    p_sign_TPM    p_stdv_TPM    p_W_1t_TPM    p_W_2t_TPM
137709_South_Shetlands      20.00      6.10    0.73725      0.061602      0.040564      0.005554      0.011108
Y/B132/33                19.79      6.08    0.72708      0.134201      0.057292      0.032538      0.065076
A1096_Bouvetoya          19.85      5.79    0.71332      0.172007      0.131370      0.035220      0.070440
MIAGM13132_Marion_island      19.69      6.31    0.73748      0.204927      0.198498      0.112398      0.224797
MI2256_Macquarie         19.69      5.51    0.69386      0.553159      0.492534      0.249904      0.499808
Population              mean_N    mean_k    mean_He    p_sign_TPM    p_stdv_TPM    p_W_1t_TPM    p_W_2t_TPM
137672_South_Shetlands      19.69      6.13    0.73446      0.149817      0.038586      0.031466      0.062932
W2031/32_pup             19.79      6.03    0.73123      0.563744      0.178876      0.043731      0.087463
A1080_Bouvetoya          19.79      6.03    0.71197      0.212692      0.254199      0.192957      0.385915
CI32_Crozet              19.90      6.28    0.72837      0.336794      0.481920      0.147809      0.295618
MI2264_Macquarie         19.69      5.41    0.70001      0.122262      0.084873      0.061997      0.123994
Population              mean_N    mean_k    mean_He    p_sign_TPM    p_stdv_TPM    p_W_1t_TPM    p_W_2t_TPM
137715_South_Shetlands      19.85      6.10    0.71708      0.528929      0.456516      0.245348      0.490696
W9178_pup                19.85      5.90    0.70188      0.429193      0.408177      0.287955      0.575910
A1083_Bouvetoya          19.90      5.85    0.71335      0.060458      0.109681      0.038704      0.077408
MIAGM13144_Marion_island      19.85      5.97    0.70386      0.548766      0.305621      0.193615      0.387231
MI2249_Macquarie         19.49      5.36    0.69893      0.029869      0.030101      0.003123      0.006247
Population              mean_N    mean_k    mean_He    p_sign_TPM    p_stdv_TPM    p_W_1t_TPM    p_W_2t_TPM
137684_South_Shetlands      19.95      6.31    0.72929      0.146528      0.478402      0.182360      0.364720
W6536                    19.79      5.82    0.70687      0.459077      0.259258      0.135276      0.270551
A1073_Bouvetoya          20.00      5.92    0.72618      0.011096      0.001699      0.000154      0.000309
CI29_Crozet              19.64      6.15    0.73144      0.025056      0.017946      0.001447      0.002894
MI2246_Macquarie         19.85      5.51    0.70227      0.079489      0.217899      0.076320      0.152639
Population              mean_N    mean_k    mean_He    p_sign_TPM    p_stdv_TPM    p_W_1t_TPM    p_W_2t_TPM
137685_South_Shetlands      19.85      6.44    0.74417      0.166885      0.070245      0.046374      0.092749
W9170_mum                19.64      6.13    0.73364      0.021495      0.067722      0.005233      0.010465
A1041_Bouvetoya          19.85      5.85    0.70420      0.048841      0.149816      0.094587      0.189174
CI39_Crozet              19.95      6.00    0.71568      0.278503      0.140749      0.033639      0.067279
MI1586_Macquarie         19.69      5.64    0.69577      0.131790      0.228953      0.099609      0.199218
Population              mean_N    mean_k    mean_He    p_sign_TPM    p_stdv_TPM    p_W_1t_TPM    p_W_2t_TPM
137718_South_Shetlands      19.69      6.23    0.72917      0.263967      0.220697      0.153458      0.306917
W9169_mum                19.59      6.05    0.72933      0.172258      0.022447      0.003981      0.007961
A1091_Bouvetoya          19.95      5.64    0.71172      0.017194      0.002428      0.000363      0.000726
CI38_Crozet              19.95      5.95    0.72222      0.197390      0.207950      0.161078      0.322156
MI2258_Macquarie         19.74      5.67    0.70220      0.172374      0.176719      0.055226      0.110452
Population              mean_N    mean_k    mean_He    p_sign_TPM    p_stdv_TPM    p_W_1t_TPM    p_W_2t_TPM
137715_South_Shetlands      19.85      6.23    0.73030      0.072381      0.172396      0.016718      0.033436
W9136_pup                19.59      5.92    0.70867      0.118327      0.187025      0.065537      0.131075
BI1_Bouvetoya            20.00      5.59    0.69973      0.114117      0.010107      0.000635      0.001270
MIAGM13137_Marion_island      20.00      6.00    0.71781      0.145696      0.088206      0.023043      0.046087
MI2267_Macquarie         19.79      5.51    0.69999      0.363563      0.369780      0.174959      0.349918
Population              mean_N    mean_k    mean_He    p_sign_TPM    p_stdv_TPM    p_W_1t_TPM    p_W_2t_TPM
137687_South_Shetlands      19.79      6.13    0.72347      0.027715      0.090263      0.031509      0.063017
W9175_mum                19.64      6.13    0.73185      0.069906      0.154994      0.046439      0.092879
A1075_Bouvetoya          19.90      5.85    0.71821      0.378482      0.051971      0.022955      0.045909
MIAGM13142_Marion_island      19.85      6.18    0.71805      0.412253      0.488159      0.287955      0.575910
MI2252_Macquarie         19.90      5.26    0.70160      0.006457      0.007808      0.000550      0.001101
Population              mean_N    mean_k    mean_He    p_sign_TPM    p_stdv_TPM    p_W_1t_TPM    p_W_2t_TPM
137696_South_Shetlands      19.95      6.00    0.72314      0.116448      0.086432      0.019980      0.039961
W6551                    20.00      5.92    0.72105      0.112890      0.078635      0.030987      0.061974
A1084_Bouvetoya          19.79      5.92    0.71273      0.064487      0.028815      0.020686      0.041373
MIAGM13124_Marion_island      19.85      6.13    0.73654      0.328254      0.068252      0.008074      0.016147
MI2265_Macquarie         19.69      5.31    0.68647      0.039436      0.055872      0.031466      0.062932
Population              mean_N    mean_k    mean_He    p_sign_TPM    p_stdv_TPM    p_W_1t_TPM    p_W_2t_TPM
137719_South_Shetlands      19.90      6.46    0.72594      0.327761      0.432415      0.312005      0.624010
W6530/30_pup             19.79      6.13    0.72788      0.051938      0.280148      0.132257      0.264514
A1085_Bouvetoya          19.85      5.85    0.71029      0.041776      0.099815      0.042210      0.084421
CI5_Crozet               19.69      5.85    0.71544      0.040105      0.030057      0.000968      0.001936
MI2260_Macquarie         19.69      5.28    0.70607      0.027442      0.022214      0.009107      0.018213
Population              mean_N    mean_k    mean_He    p_sign_TPM    p_stdv_TPM    p_W_1t_TPM    p_W_2t_TPM
137705_South_Shetlands      20.00      6.41    0.74157      0.006610      0.009531      0.000066      0.000131
W9132_pup                19.49      6.21    0.72562      0.232924      0.241022      0.186376      0.372752
A1058_Bouvetoya          19.95      5.74    0.71553      0.033930      0.060340      0.055356      0.110712
CI21_Crozet              19.95      6.10    0.73469      0.130343      0.033916      0.004674      0.009348
MI2258_Macquarie         19.69      5.13    0.69958      0.001283      0.015962      0.000233      0.000466
Population              mean_N    mean_k    mean_He    p_sign_TPM    p_stdv_TPM    p_W_1t_TPM    p_W_2t_TPM
137723_South_Shetlands      20.00      6.38    0.72901      0.556196      0.440885      0.213269      0.426539
AGP11142                 19.85      5.95    0.71379      0.251870      0.340092      0.186376      0.372752
BI16_Bouvetoya           19.85      5.77    0.69940      0.492028      0.423315      0.328294      0.656587
CI34_Crozet              19.64      6.18    0.73077      0.408891      0.324947      0.205275      0.410550
MI2260_Macquarie         19.79      5.38    0.69892      0.112236      0.041990      0.011514      0.023028
Population              mean_N    mean_k    mean_He    p_sign_TPM    p_stdv_TPM    p_W_1t_TPM    p_W_2t_TPM
137706_South_Shetlands      19.95      6.10    0.72048      0.525795      0.221605      0.138340      0.276680
W6524/24                 19.79      5.95    0.71044      0.041856      0.169505      0.074235      0.148469
A1097_Bouvetoya          19.95      5.69    0.70736      0.024270      0.032313      0.004586      0.009172
CI30_Crozet              19.79      6.10    0.72771      0.056447      0.029956      0.006065      0.012131
MI1646_Macquarie         19.90      5.21    0.68792      0.298934      0.087638      0.099554      0.199107
Population              mean_N    mean_k    mean_He    p_sign_TPM    p_stdv_TPM    p_W_1t_TPM    p_W_2t_TPM
137722_South_Shetlands      19.90      6.23    0.73174      0.223812      0.142348      0.050746      0.101491
W9133_mum                19.69      5.95    0.72929      0.108005      0.092894      0.019289      0.038578
A1053_Bouvetoya          19.90      5.82    0.70149      0.121965      0.290979      0.447863      0.895725
CI31_Crozet              20.00      5.90    0.71660      0.225056      0.034020      0.004570      0.009139
MI2252_Macquarie         19.90      5.41    0.69657      0.090895      0.105976      0.034770      0.069541
Population              mean_N    mean_k    mean_He    p_sign_TPM    p_stdv_TPM    p_W_1t_TPM    p_W_2t_TPM
137699_South_Shetlands      19.90      5.87    0.72245      0.354913      0.037136      0.004570      0.009139
W6507                    19.64      5.79    0.73026      0.228303      0.073243      0.012428      0.024856
A1092_Bouvetoya          19.54      5.69    0.71401      0.346292      0.071558      0.030987      0.061974
CI24_Crozet              19.74      6.08    0.72512      0.108605      0.012098      0.000440      0.000881
MI2260_Macquarie         19.64      5.33    0.69033      0.425848      0.279702      0.117847      0.235693
Population              mean_N    mean_k    mean_He    p_sign_TPM    p_stdv_TPM    p_W_1t_TPM    p_W_2t_TPM
137700_South_Shetlands      19.79      6.21    0.73374      0.198620      0.383041      0.167989      0.335977
W9167_pup                19.85      6.10    0.71625      0.534772      0.411835      0.436968      0.873937
BI16_Bouvetoya           20.00      5.56    0.70121      0.398858      0.049461      0.011079      0.022158
CI40_Crozet              19.90      6.00    0.72222      0.533720      0.447353      0.393934      0.787868
MI1638_Macquarie         19.95      5.28    0.69919      0.097033      0.055390      0.015356      0.030713
Population              mean_N    mean_k    mean_He    p_sign_TPM    p_stdv_TPM    p_W_1t_TPM    p_W_2t_TPM
137716_South_Shetlands      20.00      6.26    0.72443      0.547060      0.310828      0.283250      0.566500
W9167_pup                19.79      6.03    0.73186      0.290264      0.090379      0.029030      0.058060
BI5_Bouvetoya            19.79      5.77    0.71460      0.043927      0.048424      0.014221      0.028441
MIAGM13124_Marion_island      20.00      5.82    0.72713      0.062942      0.022419      0.004674      0.009348
MI1646_Macquarie         19.64      5.21    0.68953      0.451094      0.111441      0.058604      0.117209
Population              mean_N    mean_k    mean_He    p_sign_TPM    p_stdv_TPM    p_W_1t_TPM    p_W_2t_TPM
137721_South_Shetlands      20.00      6.21    0.73711      0.431710      0.072327      0.014983      0.029967
Y/B142/43                19.69      6.13    0.71868      0.146071      0.222371      0.057339      0.114678
BI16_Bouvetoya           20.00      5.69    0.70999      0.509522      0.154338      0.089750      0.179501
MIAGM13138_Marion_island      19.79      5.90    0.70855      0.016411      0.075882      0.007745      0.015490
MI2269_Macquarie         19.95      5.49    0.69364      0.335420      0.428452      0.426121      0.852241
Population              mean_N    mean_k    mean_He    p_sign_TPM    p_stdv_TPM    p_W_1t_TPM    p_W_2t_TPM
137714_South_Shetlands      19.85      6.23    0.71420      0.555517      0.246826      0.475250      0.950500
W6516/16_pup             19.95      6.21    0.72998      0.071400      0.068441      0.017202      0.034404
A1082_Bouvetoya          19.79      5.82    0.71060      0.255553      0.121105      0.033639      0.067279
CI39_Crozet              19.90      5.90    0.72282      0.238845      0.076236      0.035932      0.071863
MI2265_Macquarie         19.90      5.26    0.68858      0.192024      0.144805      0.065537      0.131075
Population              mean_N    mean_k    mean_He    p_sign_TPM    p_stdv_TPM    p_W_1t_TPM    p_W_2t_TPM
137703_South_Shetlands      19.69      6.00    0.74038      0.132701      0.085639      0.029995      0.059991
W9178_pup                19.85      5.95    0.71589      0.120583      0.104454      0.043731      0.087463
BI16_Bouvetoya           19.79      6.15    0.72861      0.420224      0.155740      0.049277      0.098554
CI25_Crozet              19.85      6.28    0.73178      0.372872      0.124351      0.031466      0.062932
MI2258_Macquarie         19.79      5.21    0.68774      0.199844      0.220799      0.094721      0.189442
Population              mean_N    mean_k    mean_He    p_sign_TPM    p_stdv_TPM    p_W_1t_TPM    p_W_2t_TPM
137700_South_Shetlands      19.85      6.31    0.72980      0.307563      0.273893      0.157692      0.315383
W9138_mum                19.69      6.10    0.73378      0.050999      0.040712      0.001486      0.002971
A1062_Bouvetoya          19.74      5.64    0.70297      0.536354      0.154865      0.071132      0.142264
CI38_Crozet              20.00      5.97    0.71822      0.112209      0.053804      0.028090      0.056179
MI2258_Macquarie         19.90      5.51    0.70576      0.005468      0.010495      0.000916      0.001833
Population              mean_N    mean_k    mean_He    p_sign_TPM    p_stdv_TPM    p_W_1t_TPM    p_W_2t_TPM
137696_South_Shetlands      19.90      6.08    0.72356      0.419467      0.355197      0.209250      0.418500
SG28_South_Georgia       19.85      6.21    0.73313      0.011000      0.091132      0.014440      0.028879
A1055_Bouvetoya          19.90      5.92    0.71311      0.016468      0.019180      0.004082      0.008164
CI31_Crozet              19.90      5.67    0.71788      0.007159      0.006745      0.000386      0.000771
MI2270_Macquarie         19.90      5.15    0.68096      0.360810      0.190568      0.127569      0.255139
Population              mean_N    mean_k    mean_He    p_sign_TPM    p_stdv_TPM    p_W_1t_TPM    p_W_2t_TPM
137717_South_Shetlands      19.90      6.38    0.73584      0.461304      0.340742      0.321856      0.643713
W6514/14                 19.59      5.87    0.70815      0.496775      0.398987      0.443015      0.886029
A1086_Bouvetoya          19.95      6.05    0.71916      0.276525      0.372464      0.201344      0.402688
CI34_Crozet              19.85      6.38    0.73986      0.456105      0.331416      0.189818      0.379637
MI2261_Macquarie         19.95      5.59    0.69415      0.229464      0.316765      0.136906      0.273813
Population              mean_N    mean_k    mean_He    p_sign_TPM    p_stdv_TPM    p_W_1t_TPM    p_W_2t_TPM
137710_South_Shetlands      19.74      6.28    0.74202      0.011961      0.046554      0.010250      0.020501
W6552                    19.85      6.03    0.72586      0.028119      0.152336      0.026283      0.052567
BI18_Bouvetoya           19.74      5.72    0.72486      0.002832      0.003008      0.000081      0.000162
CI23_Crozet              19.64      5.77    0.70949      0.470803      0.461695      0.174959      0.349918
MI2261_Macquarie         19.85      5.38    0.70252      0.120979      0.123959      0.030987      0.061974
Population              mean_N    mean_k    mean_He    p_sign_TPM    p_stdv_TPM    p_W_1t_TPM    p_W_2t_TPM
137720_South_Shetlands      19.95      6.15    0.71825      0.426646      0.281727      0.164510      0.329021
W6540/40_pup             19.85      5.92    0.70864      0.320005      0.439378      0.415327      0.830654
BI25_Bouvetoya           19.90      5.97    0.71973      0.035817      0.048936      0.012428      0.024856
CI32_Crozet              19.95      6.00    0.71946      0.059913      0.072006      0.025416      0.050833
MI1645_Macquarie         19.79      5.28    0.68397      0.533124      0.259552      0.158024      0.316048
Population              mean_N    mean_k    mean_He    p_sign_TPM    p_stdv_TPM    p_W_1t_TPM    p_W_2t_TPM
137723_South_Shetlands      19.74      5.97    0.72457      0.004690      0.017234      0.001243      0.002485
W6525/25_pup             19.95      6.23    0.72117      0.566112      0.275745      0.161078      0.322156
BI25_Bouvetoya           19.95      5.85    0.70252      0.172336      0.233462      0.136906      0.273813
CI40_Crozet              19.79      5.92    0.71976      0.449045      0.210929      0.138340      0.276680
MI1680_Macquarie         19.74      5.36    0.69383      0.096270      0.045137      0.010658      0.021316
Population              mean_N    mean_k    mean_He    p_sign_TPM    p_stdv_TPM    p_W_1t_TPM    p_W_2t_TPM
137694_South_Shetlands      19.95      5.92    0.69924      0.272874      0.240743      0.147343      0.294686
W6535                    19.64      6.18    0.72767      0.427888      0.418647      0.341925      0.683851
BI7_Bouvetoya            19.74      5.87    0.72254      0.119120      0.031407      0.007442      0.014884
MIAGM13139_Marion_island      19.90      6.03    0.71709      0.347540      0.201079      0.107493      0.214987
MI2267_Macquarie         19.85      5.49    0.67817      0.478889      0.200543      0.282981      0.565961
Population              mean_N    mean_k    mean_He    p_sign_TPM    p_stdv_TPM    p_W_1t_TPM    p_W_2t_TPM
137687_South_Shetlands      19.95      6.21    0.74084      0.036787      0.052232      0.006575      0.013149
W6540/40_pup             19.95      6.15    0.71538      0.395670      0.201365      0.112398      0.224797
BI14_Bouvetoya           19.90      5.79    0.69786      0.519276      0.450670      0.426089      0.852178
CI21_Crozet              19.90      5.82    0.73049      0.026650      0.026789      0.000445      0.000891
MI2259_Macquarie         19.59      5.38    0.71602      0.036016      0.006908      0.000590      0.001179
Population              mean_N    mean_k    mean_He    p_sign_TPM    p_stdv_TPM    p_W_1t_TPM    p_W_2t_TPM
137722_South_Shetlands      19.79      6.21    0.72456      0.533346      0.374636      0.193615      0.387231
W6551                    19.85      5.79    0.70545      0.153217      0.225297      0.060811      0.121623
BI3_Bouvetoya            19.79      5.77    0.71680      0.036872      0.101154      0.052248      0.104496
MIAGM13122_Marion_island      19.69      6.00    0.71937      0.515500      0.333897      0.167594      0.335188
MI2267_Macquarie         19.85      5.64    0.72103      0.118301      0.094045      0.021425      0.042850
Population              mean_N    mean_k    mean_He    p_sign_TPM    p_stdv_TPM    p_W_1t_TPM    p_W_2t_TPM
137712_South_Shetlands      19.64      6.38    0.72722      0.429738      0.359476      0.164510      0.329021
Y/B144/45                19.85      6.10    0.72474      0.395246      0.125597      0.021449      0.042898
A1096_Bouvetoya          19.85      6.05    0.71688      0.563244      0.113596      0.056962      0.113925
MIAGM13105_Marion_island      19.85      6.03    0.73251      0.046065      0.039935      0.040890      0.081780
MI2254_Macquarie         19.64      5.64    0.69143      0.272991      0.281697      0.169188      0.338376
Population              mean_N    mean_k    mean_He    p_sign_TPM    p_stdv_TPM    p_W_1t_TPM    p_W_2t_TPM
137710_South_Shetlands      19.90      6.08    0.72297      0.395630      0.256148      0.099609      0.199218
Y/B144/45                19.79      6.21    0.72624      0.298228      0.480280      0.321856      0.643713
A1090_Bouvetoya          19.79      5.85    0.70665      0.567745      0.272609      0.217332      0.434664
MIAGM13140_Marion_island      19.85      5.72    0.71703      0.136805      0.016806      0.001337      0.002675
MI2255_Macquarie         19.64      5.31    0.67554      0.216704      0.138411      0.024822      0.049644
Population              mean_N    mean_k    mean_He    p_sign_TPM    p_stdv_TPM    p_W_1t_TPM    p_W_2t_TPM
137703_South_Shetlands      19.85      6.26    0.73839      0.123238      0.180757      0.037504      0.075008
W9172_mum                19.69      6.13    0.74544      0.131818      0.041425      0.014440      0.028879
A1091_Bouvetoya          19.90      5.69    0.70563      0.033267      0.012196      0.000342      0.000683
MIAGM13132_Marion_island      19.90      6.21    0.73470      0.111004      0.053071      0.013402      0.026804
MI2267_Macquarie         19.74      5.41    0.69130      0.470782      0.279175      0.127569      0.255139
Population              mean_N    mean_k    mean_He    p_sign_TPM    p_stdv_TPM    p_W_1t_TPM    p_W_2t_TPM
137712_South_Shetlands      19.74      6.03    0.70796      0.513183      0.376405      0.240836      0.481672
W9133_pup                19.54      5.95    0.71744      0.225496      0.107936      0.033639      0.067279
A1065_Bouvetoya          19.85      5.87    0.71586      0.085058      0.145765      0.062607      0.125213
CI31_Crozet              19.79      5.95    0.73528      0.067042      0.011986      0.001766      0.003531
MI1667_Macquarie         19.95      5.56    0.70542      0.189159      0.170520      0.039904      0.079809
Population              mean_N    mean_k    mean_He    p_sign_TPM    p_stdv_TPM    p_W_1t_TPM    p_W_2t_TPM
137719_South_Shetlands      19.74      6.31    0.72163      0.518739      0.396333      0.225587      0.451174
W9170_pup                19.90      6.21    0.73308      0.533767      0.166810      0.104560      0.209119
BI8_Bouvetoya            19.95      5.59    0.70088      0.028101      0.011368      0.005532      0.011064
MIAGM13123_Marion_island      20.00      6.10    0.71565      0.170195      0.080908      0.026372      0.052745
MI2270_Macquarie         19.90      5.18    0.66927      0.278984      0.262903      0.217332      0.434664
Population              mean_N    mean_k    mean_He    p_sign_TPM    p_stdv_TPM    p_W_1t_TPM    p_W_2t_TPM
137679_South_Shetlands      19.74      6.13    0.73133      0.462999      0.277807      0.189818      0.379637
W6517/17                 19.74      6.26    0.73802      0.066226      0.127645      0.067364      0.134728
BI6_Bouvetoya            19.90      5.74    0.71971      0.415539      0.080472      0.047842      0.095683
MIAGM13125_Marion_island      19.85      6.26    0.72756      0.425388      0.426928      0.513756      0.983491
MI2262_Macquarie         19.59      5.49    0.70313      0.290490      0.265554      0.102035      0.204070
Population              mean_N    mean_k    mean_He    p_sign_TPM    p_stdv_TPM    p_W_1t_TPM    p_W_2t_TPM
137712_South_Shetlands      19.69      6.33    0.72407      0.380463      0.276088      0.150049      0.300097
W9168_pup                19.79      6.03    0.71814      0.018595      0.064148      0.002468      0.004935
A1043_Bouvetoya          19.95      5.92    0.71108      0.323674      0.051482      0.011668      0.023336
CI25_Crozet              19.64      6.31    0.72182      0.504968      0.304643      0.130632      0.261265
MI2269_Macquarie         19.64      5.08    0.67190      0.399926      0.267131      0.218952      0.437905
Population              mean_N    mean_k    mean_He    p_sign_TPM    p_stdv_TPM    p_W_1t_TPM    p_W_2t_TPM
137718_South_Shetlands      19.74      6.21    0.72844      0.199181      0.140951      0.029030      0.058060
W6518/18_pup             19.79      6.05    0.73357      0.493182      0.078683      0.032538      0.065076
A1060_Bouvetoya          19.90      5.97    0.72476      0.105764      0.121482      0.063749      0.127497
MIAGM13117_Marion_island      19.90      5.97    0.71064      0.554927      0.081334      0.028338      0.056677
MI2253_Macquarie         19.85      5.56    0.70499      0.491977      0.133898      0.037124      0.074247
Population              mean_N    mean_k    mean_He    p_sign_TPM    p_stdv_TPM    p_W_1t_TPM    p_W_2t_TPM
137718_South_Shetlands      19.59      6.46    0.74825      0.128330      0.163054      0.045069      0.090139
W9136_pup                19.64      6.23    0.73600      0.301082      0.234590      0.043731      0.087463
A1048_Bouvetoya          19.74      5.59    0.70812      0.002694      0.017407      0.001827      0.003653
CI5_Crozet               19.49      5.72    0.71634      0.033794      0.012019      0.005003      0.010006
MI2255_Macquarie         19.85      5.36    0.69346      0.427477      0.190196      0.059056      0.118111
Population              mean_N    mean_k    mean_He    p_sign_TPM    p_stdv_TPM    p_W_1t_TPM    p_W_2t_TPM
137676_South_Shetlands      19.74      6.10    0.73578      0.119819      0.077226      0.041149      0.082299
W9164_mum                19.85      6.03    0.73565      0.451249      0.312930      0.161078      0.322156
A1064_Bouvetoya          19.90      5.85    0.70424      0.199736      0.135252      0.092369      0.184738
CI24_Crozet              19.79      6.00    0.71497      0.169033      0.193113      0.074235      0.148469
MI2261_Macquarie         19.85      5.51    0.68635      0.420051      0.263006      0.453325      0.906650
Population              mean_N    mean_k    mean_He    p_sign_TPM    p_stdv_TPM    p_W_1t_TPM    p_W_2t_TPM
137722_South_Shetlands      19.85      6.21    0.73554      0.230390      0.243600      0.061997      0.123994
W9177_pup                19.64      5.90    0.71977      0.082727      0.005591      0.000264      0.000529
BI8_Bouvetoya            19.90      5.64    0.71439      0.000710      0.000852      0.000004      0.000007
CI30_Crozet              19.90      6.10    0.72880      0.206841      0.095024      0.014983      0.029967
MI2246_Macquarie         19.64      5.51    0.69720      0.082650      0.130175      0.054021      0.108042
Population              mean_N    mean_k    mean_He    p_sign_TPM    p_stdv_TPM    p_W_1t_TPM    p_W_2t_TPM
137698_South_Shetlands      19.90      6.23    0.72165      0.334202      0.197883      0.573879      0.863076
W6522/22                 19.79      6.13    0.72876      0.142553      0.131750      0.058604      0.117209
A1093_Bouvetoya          19.95      5.82    0.69901      0.430836      0.417846      0.260456      0.520913
CI40_Crozet              20.00      6.21    0.73617      0.243307      0.035075      0.001922      0.003844
MI2255_Macquarie         19.74      5.62    0.69537      0.399932      0.371776      0.259146      0.518291
Population              mean_N    mean_k    mean_He    p_sign_TPM    p_stdv_TPM    p_W_1t_TPM    p_W_2t_TPM
137684_South_Shetlands      19.90      6.13    0.70788      0.431318      0.267808      0.480745      0.961490
W9137_pup                19.79      6.08    0.72039      0.004100      0.009985      0.001200      0.002399
BI25_Bouvetoya           19.85      5.59    0.68484      0.183501      0.200876      0.115217      0.230435
MIAGM13068_Marion_island      20.00      6.05    0.71984      0.024086      0.074389      0.007596      0.015193
MI2250_Macquarie         19.79      5.44    0.69909      0.230906      0.054232      0.014779      0.029559
Population              mean_N    mean_k    mean_He    p_sign_TPM    p_stdv_TPM    p_W_1t_TPM    p_W_2t_TPM
137686_South_Shetlands      19.95      6.51    0.74719      0.535556      0.216579      0.092146      0.184292
W6755                    19.95      5.87    0.71378      0.263048      0.193687      0.115100      0.230200
A1069_Bouvetoya          20.00      5.92    0.70148      0.419229      0.209759      0.101126      0.202253
MIAGM13130_Marion_island      19.79      6.18    0.74104      0.058733      0.012883      0.004882      0.009763
MI2246_Macquarie         19.64      5.49    0.70175      0.280443      0.113060      0.047842      0.095683
Population              mean_N    mean_k    mean_He    p_sign_TPM    p_stdv_TPM    p_W_1t_TPM    p_W_2t_TPM
137721_South_Shetlands      20.00      6.10    0.71120      0.230907      0.417297      0.153458      0.306917
W9138_mum                19.59      5.97    0.70378      0.540123      0.216407      0.076709      0.153418
A1100_Bouvetoya          19.69      5.87    0.71917      0.314223      0.119244      0.060283      0.120565
CI34_Crozet              19.85      5.90    0.72087      0.094808      0.033879      0.016567      0.033135
MI2251_Macquarie         19.23      5.59    0.69975      0.460986      0.296407      0.269355      0.538709
Population              mean_N    mean_k    mean_He    p_sign_TPM    p_stdv_TPM    p_W_1t_TPM    p_W_2t_TPM
137694_South_Shetlands      20.00      6.36    0.73900      0.312500      0.174190      0.092369      0.184738
W6532/32                 19.74      6.00    0.70998      0.280446      0.365014      0.194232      0.388464
BI7_Bouvetoya            19.85      5.67    0.71373      0.432600      0.229100      0.161078      0.322156
CI22_Crozet              19.95      6.05    0.71733      0.479914      0.131795      0.085095      0.170191
MI1613_Macquarie         19.64      5.41    0.69763      0.345081      0.122378      0.038347      0.076694
Population              mean_N    mean_k    mean_He    p_sign_TPM    p_stdv_TPM    p_W_1t_TPM    p_W_2t_TPM
137690_South_Shetlands      19.64      6.28    0.73585      0.543195      0.235381      0.120638      0.241276
SG5_South_Georgia        19.95      5.95    0.69886      0.240332      0.235668      0.171252      0.342503
A1051_Bouvetoya          20.00      5.56    0.70081      0.196434      0.031099      0.007939      0.015879
MIAGM13117_Marion_island      20.00      6.15    0.73698      0.066954      0.111610      0.058604      0.117209
MI1609_Macquarie         19.79      5.44    0.68702      0.266130      0.096772      0.023633      0.047266
Population              mean_N    mean_k    mean_He    p_sign_TPM    p_stdv_TPM    p_W_1t_TPM    p_W_2t_TPM
137710_South_Shetlands      19.85      6.15    0.71940      0.196931      0.454598      0.447863      0.895725
W9138_pup                19.64      6.03    0.72569      0.234880      0.369155      0.273949      0.547898
A1089_Bouvetoya          19.64      5.82    0.71667      0.017849      0.081384      0.010356      0.020712
CI31_Crozet              19.90      6.08    0.72645      0.141742      0.062103      0.014221      0.028441
MI2270_Macquarie         19.90      5.44    0.69094      0.436548      0.340466      0.157692      0.315383
Population              mean_N    mean_k    mean_He    p_sign_TPM    p_stdv_TPM    p_W_1t_TPM    p_W_2t_TPM
137694_South_Shetlands      19.95      6.23    0.73127      0.390039      0.357170      0.153458      0.306917
W9161_mum                19.79      6.03    0.72483      0.336499      0.152280      0.023043      0.046087
BI22_Bouvetoya           19.90      5.82    0.70129      0.525134      0.335330      0.326829      0.653658
CI38_Crozet              19.85      6.08    0.72563      0.143835      0.018161      0.002998      0.005996
MI2264_Macquarie         19.90      5.85    0.71375      0.553673      0.376371      0.229779      0.459558
Population              mean_N    mean_k    mean_He    p_sign_TPM    p_stdv_TPM    p_W_1t_TPM    p_W_2t_TPM
137665_South_Shetlands      19.90      6.05    0.72044      0.467315      0.247801      0.150049      0.300097
W9170_pup                19.85      6.23    0.74110      0.427845      0.053968      0.020692      0.041384
A1087_Bouvetoya          19.64      5.74    0.72318      0.122664      0.074275      0.035220      0.070440
CI34_Crozet              19.79      5.79    0.72284      0.146123      0.056318      0.009543      0.019087
MI2252_Macquarie         19.79      5.36    0.67760      0.395059      0.458605      0.126357      0.252714
Population              mean_N    mean_k    mean_He    p_sign_TPM    p_stdv_TPM    p_W_1t_TPM    p_W_2t_TPM
137721_South_Shetlands      19.85      6.38    0.73838      0.417240      0.344371      0.189818      0.379637
W6186/T3_pup             19.59      5.85    0.71796      0.078619      0.116032      0.027459      0.054917
BI14_Bouvetoya           19.85      6.00    0.71989      0.532253      0.209261      0.115807      0.231613
CI32_Crozet              19.79      5.97    0.71638      0.415997      0.495676      0.297472      0.594945
MI2256_Macquarie         19.59      5.56    0.70041      0.223971      0.193936      0.027459      0.054917
Population              mean_N    mean_k    mean_He    p_sign_TPM    p_stdv_TPM    p_W_1t_TPM    p_W_2t_TPM
137720_South_Shetlands      19.74      6.31    0.73961      0.015651      0.114161      0.007752      0.015505
W6524/24_pup             19.64      6.15    0.72442      0.473536      0.312566      0.182360      0.364720
BI18_Bouvetoya           19.90      5.77    0.71296      0.294810      0.070474      0.014315      0.028630
CI40_Crozet              19.74      6.10    0.73049      0.180879      0.054097      0.013402      0.026804
MI2262_Macquarie         19.90      5.67    0.71104      0.041861      0.082604      0.046374      0.092749
Population              mean_N    mean_k    mean_He    p_sign_TPM    p_stdv_TPM    p_W_1t_TPM    p_W_2t_TPM
137720_South_Shetlands      19.90      6.28    0.74142      0.071390      0.035778      0.002250      0.004500
W9178_pup                19.79      6.15    0.72822      0.152430      0.058195      0.023043      0.046087
A1092_Bouvetoya          19.74      5.72    0.71392      0.567973      0.218356      0.165413      0.330826
MIAGM13120_Marion_island      19.95      5.77    0.72496      0.020679      0.006895      0.004570      0.009139
MI2260_Macquarie         19.90      5.10    0.68505      0.040643      0.040378      0.010356      0.020712
Population              mean_N    mean_k    mean_He    p_sign_TPM    p_stdv_TPM    p_W_1t_TPM    p_W_2t_TPM
137722_South_Shetlands      19.79      6.28    0.73579      0.323868      0.212751      0.071132      0.142264
W6755                    19.69      5.92    0.72069      0.316241      0.191398      0.069229      0.138457
A1054_Bouvetoya          19.74      5.64    0.71418      0.104145      0.005128      0.000109      0.000218
CI25_Crozet              19.95      6.03    0.71958      0.423317      0.338345      0.213269      0.426539
MI2255_Macquarie         19.85      5.31    0.67676      0.284770      0.481984      0.234013      0.468025
Population              mean_N    mean_k    mean_He    p_sign_TPM    p_stdv_TPM    p_W_1t_TPM    p_W_2t_TPM
137711_South_Shetlands      19.95      6.31    0.75056      0.316497      0.145282      0.032005      0.064009
W9177_mum                19.79      6.08    0.72061      0.003342      0.067426      0.008665      0.017331
BI5_Bouvetoya            19.85      5.69    0.71225      0.012881      0.026542      0.006046      0.012092
MIAGM13134_Marion_island      19.74      6.05    0.70635      0.430034      0.227905      0.158024      0.316048
MI2261_Macquarie         19.85      5.51    0.69995      0.411780      0.157193      0.090060      0.180119
Population              mean_N    mean_k    mean_He    p_sign_TPM    p_stdv_TPM    p_W_1t_TPM    p_W_2t_TPM
137712_South_Shetlands      19.74      6.18    0.73928      0.437816      0.137531      0.036348      0.072695
W9178_pup                19.90      5.77    0.72004      0.076920      0.014645      0.003459      0.006918
BI21_Bouvetoya           19.90      5.79    0.69957      0.343042      0.476317      0.420717      0.841433
CI20_Crozet              19.85      6.03    0.72603      0.104592      0.115600      0.060283      0.120565
MI2265_Macquarie         19.69      5.31    0.68369      0.323950      0.320102      0.104818      0.209636
Population              mean_N    mean_k    mean_He    p_sign_TPM    p_stdv_TPM    p_W_1t_TPM    p_W_2t_TPM
137714_South_Shetlands      19.85      6.41    0.73494      0.291458      0.394976      0.197457      0.394915
W9163_pup                19.95      6.10    0.72567      0.343651      0.387174      0.104560      0.209119
BI7_Bouvetoya            19.85      5.82    0.69473      0.156150      0.185590      0.089750      0.179501
MIAGM13060_Marion_island      20.00      6.05    0.74912      0.003473      0.000855      0.000007      0.000013
MI2262_Macquarie         19.69      5.44    0.70526      0.243289      0.185521      0.046374      0.092749
Population              mean_N    mean_k    mean_He    p_sign_TPM    p_stdv_TPM    p_W_1t_TPM    p_W_2t_TPM
137709_South_Shetlands      19.64      6.23    0.73475      0.065087      0.134777      0.055356      0.110712
Y/B142/43                19.85      5.97    0.72777      0.356723      0.069241      0.014221      0.028441
A1056_Bouvetoya          19.85      5.28    0.68412      0.476385      0.105798      0.040890      0.081780
CI40_Crozet              19.95      5.95    0.71159      0.096990      0.106644      0.029365      0.058730
MI1665_Macquarie         19.64      5.67    0.69894      0.502607      0.259426      0.115807      0.231613
Population              mean_N    mean_k    mean_He    p_sign_TPM    p_stdv_TPM    p_W_1t_TPM    p_W_2t_TPM
137723_South_Shetlands      19.90      6.13    0.71690      0.447931      0.152740      0.032538      0.065076
W6526/26_pup             20.00      6.33    0.71984      0.117773      0.166450      0.056963      0.113925
A1072_Bouvetoya          19.90      5.46    0.70520      0.005107      0.003975      0.000490      0.000979
CI22_Crozet              20.00      6.10    0.73927      0.002467      0.020216      0.002044      0.004087
MI2261_Macquarie         19.85      5.31    0.68460      0.540896      0.488209      0.175083      0.350166
Population              mean_N    mean_k    mean_He    p_sign_TPM    p_stdv_TPM    p_W_1t_TPM    p_W_2t_TPM
137720_South_Shetlands      19.74      6.08    0.73189      0.113619      0.146906      0.053785      0.107569
W6520/20                 19.79      6.05    0.72621      0.113227      0.311304      0.151057      0.302114
A1092_Bouvetoya          19.85      5.69    0.71332      0.115171      0.054977      0.009049      0.018098
CI5_Crozet               19.85      6.15    0.72866      0.191176      0.171249      0.069229      0.138457
MI2256_Macquarie         19.90      5.46    0.69098      0.214697      0.274076      0.160427      0.320853
Population              mean_N    mean_k    mean_He    p_sign_TPM    p_stdv_TPM    p_W_1t_TPM    p_W_2t_TPM
137712_South_Shetlands      19.79      6.08    0.71128      0.545449      0.438454      0.186067      0.372133
W6542/42_pup             19.85      6.18    0.72564      0.202421      0.253221      0.161078      0.322156
BI22_Bouvetoya           19.90      6.05    0.72925      0.039461      0.022714      0.004570      0.009139
CI29_Crozet              19.74      5.85    0.70987      0.077482      0.089159      0.052419      0.104837
MI1666_Macquarie         19.85      5.49    0.70223      0.528398      0.306687      0.097116      0.194231
Population              mean_N    mean_k    mean_He    p_sign_TPM    p_stdv_TPM    p_W_1t_TPM    p_W_2t_TPM
137720_South_Shetlands      19.69      6.36    0.73220      0.348655      0.480513      0.268557      0.537113
W9174_mum                19.69      5.97    0.72487      0.115857      0.034049      0.009475      0.018950
BI5_Bouvetoya            19.90      5.85    0.70216      0.305725      0.346236      0.541204      0.928548
CI27_Crozet              19.79      5.82    0.71160      0.039418      0.028978      0.002426      0.004852
MI1669_Macquarie         19.95      5.38    0.69742      0.473405      0.120612      0.036348      0.072695
Population              mean_N    mean_k    mean_He    p_sign_TPM    p_stdv_TPM    p_W_1t_TPM    p_W_2t_TPM
137717_South_Shetlands      19.79      6.10    0.71637      0.044315      0.127422      0.008785      0.017571
Y/B134/35                19.64      6.03    0.73793      0.061510      0.024831      0.004674      0.009348
BI19_Bouvetoya           19.90      6.00    0.71696      0.077854      0.019644      0.001268      0.002536
CI5_Crozet               19.74      6.03    0.72314      0.481252      0.085415      0.030987      0.061974
MI1680_Macquarie         19.79      5.49    0.70389      0.084964      0.124410      0.040890      0.081780
Population              mean_N    mean_k    mean_He    p_sign_TPM    p_stdv_TPM    p_W_1t_TPM    p_W_2t_TPM
137663_South_Shetlands      19.69      6.23    0.73095      0.314466      0.272294      0.052248      0.104496
SG28_South_Georgia       19.85      5.97    0.70710      0.362108      0.329147      0.107493      0.214987
A1042_Bouvetoya          19.95      5.69    0.70625      0.010055      0.044174      0.003783      0.007567
CI40_Crozet              19.85      6.21    0.71797      0.397726      0.257897      0.210522      0.421045
MI2265_Macquarie         19.79      5.44    0.69518      0.404894      0.195566      0.064332      0.128663
Population              mean_N    mean_k    mean_He    p_sign_TPM    p_stdv_TPM    p_W_1t_TPM    p_W_2t_TPM
137716_South_Shetlands      19.90      6.10    0.72188      0.185867      0.153346      0.031466      0.062932
W9177_pup                19.69      6.18    0.72783      0.180524      0.155511      0.065537      0.131075
BI18_Bouvetoya           19.85      6.00    0.74240      0.202109      0.024237      0.011079      0.022158
CI25_Crozet              19.85      6.23    0.71860      0.397535      0.103918      0.637559      0.735266
MI2270_Macquarie         19.69      5.51    0.70586      0.016652      0.030143      0.004474      0.008947
Population              mean_N    mean_k    mean_He    p_sign_TPM    p_stdv_TPM    p_W_1t_TPM    p_W_2t_TPM
137704_South_Shetlands      19.74      6.36    0.73695      0.434214      0.390175      0.056962      0.113925
W6547                    19.95      5.82    0.70096      0.337886      0.288408      0.050853      0.101706
A1063_Bouvetoya          19.38      5.79    0.70407      0.158284      0.266571      0.124555      0.249111
MIAGM13132_Marion_island      19.90      6.08    0.73042      0.352808      0.238561      0.099554      0.199107
MI2258_Macquarie         19.79      5.26    0.67852      0.174571      0.323619      0.158024      0.316048
Population              mean_N    mean_k    mean_He    p_sign_TPM    p_stdv_TPM    p_W_1t_TPM    p_W_2t_TPM
137723_South_Shetlands      19.90      6.08    0.73211      0.426652      0.356534      0.097116      0.194231
W9177_mum                19.79      6.33    0.72165      0.543919      0.414985      0.186376      0.372752
A1096_Bouvetoya          19.90      5.82    0.72267      0.110399      0.015901      0.005040      0.010080
CI39_Crozet              19.90      5.82    0.70560      0.023774      0.044342      0.009447      0.018894
MI2261_Macquarie         19.79      5.33    0.68766      0.141448      0.231708      0.059056      0.118111
Population              mean_N    mean_k    mean_He    p_sign_TPM    p_stdv_TPM    p_W_1t_TPM    p_W_2t_TPM
137721_South_Shetlands      19.95      6.23    0.73033      0.216849      0.238206      0.115100      0.230200
W6517/17                 19.85      5.77    0.71785      0.103262      0.035605      0.002474      0.004949
A1095_Bouvetoya          19.95      5.74    0.69472      0.379231      0.093135      0.042761      0.085522
MIAGM13130_Marion_island      20.00      6.13    0.72901      0.081881      0.068215      0.012649      0.025299
MI1620_Macquarie         19.74      5.26    0.68262      0.149433      0.027578      0.006523      0.013047
Population              mean_N    mean_k    mean_He    p_sign_TPM    p_stdv_TPM    p_W_1t_TPM    p_W_2t_TPM
137719_South_Shetlands      19.90      6.36    0.72033      0.318738      0.273385      0.213269      0.426539
W9168_pup                19.85      6.00    0.71719      0.114287      0.096867      0.013913      0.027825
A1043_Bouvetoya          19.95      5.79    0.70960      0.446835      0.211343      0.123475      0.246950
CI20_Crozet              19.85      5.79    0.71860      0.065295      0.062466      0.023752      0.047505
MI1646_Macquarie         19.69      5.33    0.67677      0.234852      0.196427      0.092146      0.184292
Population              mean_N    mean_k    mean_He    p_sign_TPM    p_stdv_TPM    p_W_1t_TPM    p_W_2t_TPM
137682_South_Shetlands      19.64      6.28    0.73526      0.340503      0.353113      0.186067      0.372133
W9161_pup                19.85      5.90    0.73023      0.392964      0.141749      0.037504      0.075008
BI22_Bouvetoya           19.74      6.31    0.73224      0.297446      0.206015      0.112398      0.224797
CI34_Crozet              19.85      6.00    0.72021      0.340010      0.348099      0.242606      0.485211
MI1468_Macquarie         19.79      5.38    0.69079      0.299553      0.203288      0.107128      0.214257
Population              mean_N    mean_k    mean_He    p_sign_TPM    p_stdv_TPM    p_W_1t_TPM    p_W_2t_TPM
137716_South_Shetlands      19.69      6.28    0.72881      0.464286      0.234313      0.072192      0.144384
W9176_pup                19.69      6.18    0.73208      0.034114      0.028592      0.005322      0.010643
A1094_Bouvetoya          19.90      5.79    0.71676      0.075850      0.080991      0.018532      0.037064
CI34_Crozet              19.90      6.10    0.72452      0.196638      0.184220      0.056962      0.113925
MI2270_Macquarie         19.95      5.54    0.68276      0.515024      0.109493      0.070317      0.140633
Population              mean_N    mean_k    mean_He    p_sign_TPM    p_stdv_TPM    p_W_1t_TPM    p_W_2t_TPM
137689_South_Shetlands      19.64      6.18    0.74461      0.503921      0.322395      0.126357      0.252714
Y/B142/43                19.74      5.77    0.71873      0.041452      0.004981      0.000284      0.000568
BI22_Bouvetoya           19.74      5.54    0.71480      0.113098      0.048488      0.015544      0.031088
CI24_Crozet              19.85      5.95    0.71661      0.391351      0.261357      0.190280      0.380559
MI2259_Macquarie         19.85      5.54    0.69784      0.136023      0.193524      0.064442      0.128884
Population              mean_N    mean_k    mean_He    p_sign_TPM    p_stdv_TPM    p_W_1t_TPM    p_W_2t_TPM
137719_South_Shetlands      19.85      6.00    0.72527      0.185848      0.148608      0.008074      0.016147
W9134_mum                19.74      6.00    0.72117      0.493401      0.120283      0.078448      0.156895
A1055_Bouvetoya          19.95      5.97    0.70762      0.436307      0.263344      0.197457      0.394915
CI29_Crozet              19.95      6.00    0.72385      0.124418      0.047780      0.017965      0.035930
MI1666_Macquarie         19.95      5.46    0.68907      0.215912      0.197931      0.146689      0.293377
Population              mean_N    mean_k    mean_He    p_sign_TPM    p_stdv_TPM    p_W_1t_TPM    p_W_2t_TPM
137718_South_Shetlands      19.95      6.26    0.72745      0.305705      0.306710      0.213269      0.426539
W6537                    19.79      6.15    0.72638      0.023793      0.055855      0.004570      0.009139
2249_Bouvetoya           19.85      5.51    0.69672      0.041886      0.014257      0.001922      0.003844
CI39_Crozet              19.59      6.28    0.73258      0.241519      0.048474      0.006812      0.013624
MI2262_Macquarie         19.79      5.33    0.67764      0.364394      0.361621      0.404596      0.809191
Population              mean_N    mean_k    mean_He    p_sign_TPM    p_stdv_TPM    p_W_1t_TPM    p_W_2t_TPM
137688_South_Shetlands      20.00      5.97    0.72159      0.035013      0.053164      0.008406      0.016812
W6527/27                 19.64      6.15    0.73324      0.171507      0.138327      0.019946      0.039893
A1060_Bouvetoya          19.95      5.77    0.69844      0.446685      0.250955      0.074532      0.149064
CI34_Crozet              19.90      5.85    0.71831      0.230735      0.089821      0.039602      0.079205
MI2256_Macquarie         19.90      5.62    0.70996      0.167721      0.207511      0.035220      0.070440
Population              mean_N    mean_k    mean_He    p_sign_TPM    p_stdv_TPM    p_W_1t_TPM    p_W_2t_TPM
137703_South_Shetlands      19.74      6.21    0.73897      0.193047      0.051619      0.008406      0.016812
W6558                    20.00      6.18    0.71134      0.249368      0.399396      0.282981      0.565961
BI22_Bouvetoya           19.95      5.90    0.70326      0.342529      0.157057      0.055661      0.111322
CI29_Crozet              19.85      6.08    0.72299      0.420533      0.160038      0.067364      0.134728
MI2259_Macquarie         20.00      5.44    0.68502      0.533328      0.352074      0.174959      0.349918
Population              mean_N    mean_k    mean_He    p_sign_TPM    p_stdv_TPM    p_W_1t_TPM    p_W_2t_TPM
137707_South_Shetlands      19.74      6.21    0.73327      0.218353      0.485038      0.147809      0.295618
W6701_pup                19.90      5.97    0.72906      0.007577      0.001628      0.000057      0.000114
BI6_Bouvetoya            19.90      5.44    0.71975      0.012545      0.005047      0.003270      0.006540
MIAGM13131_Marion_island      19.85      6.26    0.72866      0.415744      0.146828      0.052248      0.104496
MI1680_Macquarie         19.95      5.08    0.67375      0.459082      0.302770      0.238288      0.476577
Population              mean_N    mean_k    mean_He    p_sign_TPM    p_stdv_TPM    p_W_1t_TPM    p_W_2t_TPM
137718_South_Shetlands      20.00      6.38    0.73482      0.037869      0.094038      0.019289      0.038578
W9138_pup                19.74      6.13    0.72052      0.303362      0.399359      0.205275      0.410550
A1077_Bouvetoya          19.79      5.56    0.70481      0.004917      0.020696      0.000264      0.000529
CI28_Crozet              19.95      6.03    0.70964      0.412720      0.378192      0.249904      0.499808
MI2252_Macquarie         19.69      5.49    0.70141      0.529509      0.255853      0.099609      0.199218
Population              mean_N    mean_k    mean_He    p_sign_TPM    p_stdv_TPM    p_W_1t_TPM    p_W_2t_TPM
137719_South_Shetlands      19.95      6.26    0.72996      0.439596      0.373186      0.167989      0.335977
W6542/42_pup             19.74      6.00    0.71269      0.252529      0.127254      0.014221      0.028441
BI22_Bouvetoya           19.90      5.77    0.70962      0.276335      0.191741      0.092369      0.184738
MIAGM13122_Marion_island      19.95      6.05    0.72717      0.110857      0.033360      0.005322      0.010643
MI1680_Macquarie         19.74      5.15    0.66760      0.273746      0.170592      0.076709      0.153418
Population              mean_N    mean_k    mean_He    p_sign_TPM    p_stdv_TPM    p_W_1t_TPM    p_W_2t_TPM
137643_South_Shetlands      20.00      6.33    0.72996      0.002755      0.096946      0.008426      0.016852
W9165_mum                19.95      6.00    0.71701      0.109207      0.214002      0.027174      0.054348
BI23_Bouvetoya           19.74      5.69    0.71313      0.281583      0.083294      0.060283      0.120565
CI5_Crozet               19.69      5.95    0.72628      0.000029      0.001766      0.000122      0.000245
MI2256_Macquarie         19.90      5.28    0.67745      0.433784      0.489645      0.227569      0.455138
Population              mean_N    mean_k    mean_He    p_sign_TPM    p_stdv_TPM    p_W_1t_TPM    p_W_2t_TPM
137723_South_Shetlands      19.79      6.46    0.74347      0.445309      0.233473      0.056962      0.113925
W9162_pup                19.54      5.92    0.71234      0.553321      0.191624      0.085890      0.171780
A1098_Bouvetoya          19.85      6.00    0.71430      0.198624      0.210522      0.117847      0.235693
CI38_Crozet              20.00      6.10    0.72753      0.187479      0.207623      0.047842      0.095683
MI1669_Macquarie         19.90      5.33    0.69559      0.557440      0.397877      0.182360      0.364720
Population              mean_N    mean_k    mean_He    p_sign_TPM    p_stdv_TPM    p_W_1t_TPM    p_W_2t_TPM
137695_South_Shetlands      19.90      6.51    0.73976      0.555415      0.358425      0.409953      0.819906
W9136_pup                19.95      6.28    0.73964      0.196772      0.162863      0.079138      0.158277
A1094_Bouvetoya          19.95      5.92    0.69766      0.526553      0.251920      0.528564      0.954284
MIAGM13144_Marion_island      19.59      6.36    0.72775      0.529968      0.365049      0.352130      0.704261
MI1662_Macquarie         19.38      5.38    0.69661      0.153086      0.135962      0.017857      0.035713
Population              mean_N    mean_k    mean_He    p_sign_TPM    p_stdv_TPM    p_W_1t_TPM    p_W_2t_TPM
137719_South_Shetlands      19.74      6.15    0.71778      0.544710      0.475083      0.388632      0.777263
W6531/31_pup             19.64      6.31    0.75646      0.015174      0.026914      0.000375      0.000749
BI21_Bouvetoya           19.85      5.67    0.69948      0.239317      0.105381      0.043564      0.087128
CI5_Crozet               19.79      5.92    0.71528      0.042279      0.044026      0.004570      0.009139
MI2265_Macquarie         19.69      5.41    0.69155      0.361819      0.171743      0.110216      0.220433
Population              mean_N    mean_k    mean_He    p_sign_TPM    p_stdv_TPM    p_W_1t_TPM    p_W_2t_TPM
137693_South_Shetlands      19.90      6.26    0.72280      0.538942      0.134466      0.393934      0.787868
W9176_pup                19.59      6.21    0.73527      0.122801      0.160929      0.102035      0.204070
A1010_Bouvetoya          19.85      5.74    0.69843      0.279068      0.323001      0.117847      0.235693
MIAGM13138_Marion_island      20.00      6.13    0.70526      0.315387      0.377663      0.273324      0.546649
MI2264_Macquarie         19.54      5.21    0.69248      0.231924      0.060792      0.014440      0.028879
Population              mean_N    mean_k    mean_He    p_sign_TPM    p_stdv_TPM    p_W_1t_TPM    p_W_2t_TPM
137694_South_Shetlands      19.74      5.79    0.71360      0.017474      0.045181      0.011227      0.022454
W9169_pup                20.00      6.03    0.72443      0.151362      0.238702      0.030422      0.060845
2249_Bouvetoya           19.90      5.74    0.70923      0.458566      0.286147      0.157692      0.315383
MIAGM13143_Marion_island      19.95      6.23    0.71729      0.145371      0.187815      0.082835      0.165670
MI2248_Macquarie         19.74      5.41    0.69226      0.361997      0.487177      0.282981      0.565961
Population              mean_N    mean_k    mean_He    p_sign_TPM    p_stdv_TPM    p_W_1t_TPM    p_W_2t_TPM
137708_South_Shetlands      19.59      5.92    0.71373      0.309651      0.441409      0.453325      0.906650
W9175_pup                19.90      5.64    0.71803      0.046951      0.009474      0.003746      0.007492
A1070_Bouvetoya          19.79      5.49    0.69097      0.185332      0.107040      0.038704      0.077408
CI40_Crozet              19.74      5.92    0.73077      0.022778      0.032897      0.002998      0.005996
MI1613_Macquarie         19.79      5.56    0.70925      0.120308      0.156410      0.053785      0.107569
Population              mean_N    mean_k    mean_He    p_sign_TPM    p_stdv_TPM    p_W_1t_TPM    p_W_2t_TPM
137722_South_Shetlands      19.79      6.28    0.72142      0.474982      0.423591      0.246964      0.493928
Y/B142/43                19.79      6.13    0.74192      0.011643      0.024019      0.001599      0.003198
A1081_Bouvetoya          19.95      5.62    0.69126      0.413553      0.151699      0.074532      0.149064
MIAGM13130_Marion_island      19.90      6.26    0.73633      0.011399      0.016749      0.002594      0.005187
MI2267_Macquarie         19.64      5.67    0.71658      0.406928      0.389453      0.186067      0.372133
Population              mean_N    mean_k    mean_He    p_sign_TPM    p_stdv_TPM    p_W_1t_TPM    p_W_2t_TPM
137675_South_Shetlands      19.95      5.97    0.71785      0.466515      0.279757      0.175083      0.350166
W6756                    19.74      6.00    0.72133      0.034919      0.154987      0.010784      0.021568
A1082_Bouvetoya          19.54      5.67    0.71902      0.315308      0.258035      0.154351      0.308703
CI23_Crozet              19.85      5.90    0.71772      0.027584      0.207128      0.085567      0.171134
MI2267_Macquarie         19.54      5.44    0.70796      0.062015      0.044253      0.029030      0.058060
Population              mean_N    mean_k    mean_He    p_sign_TPM    p_stdv_TPM    p_W_1t_TPM    p_W_2t_TPM
137714_South_Shetlands      19.49      5.90    0.72688      0.288952      0.140157      0.079138      0.158277
Y/B132/33                19.95      5.90    0.71291      0.292654      0.330395      0.045069      0.090139
BI7_Bouvetoya            19.95      5.74    0.71450      0.001358      0.010619      0.000154      0.000309
CI34_Crozet              19.90      6.03    0.72387      0.189012      0.127543      0.075056      0.150111
MI1642_Macquarie         19.64      5.31    0.67384      0.107255      0.389550      0.161078      0.322156
Population              mean_N    mean_k    mean_He    p_sign_TPM    p_stdv_TPM    p_W_1t_TPM    p_W_2t_TPM
137702_South_Shetlands      19.85      6.31    0.73989      0.310152      0.422220      0.341925      0.683851
W6525/25                 19.64      6.00    0.72253      0.151000      0.112447      0.015952      0.031905
A1084_Bouvetoya          19.79      5.82    0.69505      0.192477      0.099919      0.037422      0.074843
CI31_Crozet              19.69      6.05    0.74248      0.012042      0.010061      0.000206      0.000413
MI1582_Macquarie         19.74      5.28    0.67598      0.192291      0.163326      0.042761      0.085522
Population              mean_N    mean_k    mean_He    p_sign_TPM    p_stdv_TPM    p_W_1t_TPM    p_W_2t_TPM
137711_South_Shetlands      20.00      6.21    0.73657      0.282431      0.176797      0.034121      0.068242
ATF39                    19.79      6.08    0.72703      0.158493      0.183783      0.019946      0.039893
A1057_Bouvetoya          20.00      5.74    0.71457      0.029097      0.013947      0.002062      0.004124
MIAGM13143_Marion_island      19.64      5.82    0.72265      0.188304      0.102833      0.012907      0.025814
MI1666_Macquarie         19.90      5.56    0.69340      0.170330      0.187894      0.050259      0.100519
Population              mean_N    mean_k    mean_He    p_sign_TPM    p_stdv_TPM    p_W_1t_TPM    p_W_2t_TPM
137685_South_Shetlands      19.79      6.51    0.74461      0.119809      0.302593      0.081240      0.162480
W9164_mum                19.79      5.69    0.72736      0.000681      0.002048      0.000221      0.000442
A1098_Bouvetoya          19.90      5.62    0.68928      0.413050      0.173477      0.095848      0.191696
CI34_Crozet              19.95      5.95    0.71065      0.187434      0.039967      0.006948      0.013897
MI2260_Macquarie         19.79      5.13    0.66586      0.218456      0.078137      0.074235      0.148469
Population              mean_N    mean_k    mean_He    p_sign_TPM    p_stdv_TPM    p_W_1t_TPM    p_W_2t_TPM
137714_South_Shetlands      19.79      6.15    0.73839      0.201876      0.069500      0.008750      0.017501
AGP14148                 19.79      5.90    0.71414      0.098070      0.156982      0.025616      0.051233
BI23_Bouvetoya           19.64      5.64    0.69821      0.189980      0.086597      0.012162      0.024323
MIAGM13126_Marion_island      19.95      6.13    0.73219      0.117370      0.082812      0.007596      0.015193
MI2249_Macquarie         19.79      5.18    0.67102      0.430954      0.345518      0.287868      0.575736
Population              mean_N    mean_k    mean_He    p_sign_TPM    p_stdv_TPM    p_W_1t_TPM    p_W_2t_TPM
137702_South_Shetlands      19.69      6.31    0.74357      0.424480      0.068689      0.029030      0.058060
W9137_pup                19.59      6.00    0.71402      0.438435      0.366696      0.229779      0.459558
A1092_Bouvetoya          19.33      5.64    0.71545      0.108323      0.040529      0.017332      0.034665
MIAGM13128_Marion_island      20.00      6.13    0.71930      0.369886      0.127871      0.089750      0.179501
MI1675_Macquarie         19.69      5.46    0.68937      0.345027      0.225513      0.080619      0.161239
Population              mean_N    mean_k    mean_He    p_sign_TPM    p_stdv_TPM    p_W_1t_TPM    p_W_2t_TPM
137683_South_Shetlands      20.00      6.54    0.74265      0.201331      0.329190      0.197457      0.394915
W6551                    19.85      6.08    0.72035      0.426375      0.345708      0.175083      0.350166
A1043_Bouvetoya          20.00      5.77    0.72092      0.008542      0.001981      0.000267      0.000534
CI39_Crozet              19.95      6.05    0.69866      0.516513      0.419156      0.398188      0.796376
MI2269_Macquarie         19.64      5.28    0.69323      0.566106      0.128640      0.037504      0.075008
Population              mean_N    mean_k    mean_He    p_sign_TPM    p_stdv_TPM    p_W_1t_TPM    p_W_2t_TPM
137723_South_Shetlands      19.64      6.44    0.73545      0.385250      0.436316      0.255802      0.511604
W6756                    19.69      6.00    0.71178      0.549706      0.452675      0.218611      0.437222
A1098_Bouvetoya          19.90      5.85    0.69937      0.332338      0.172581      0.112987      0.225975
CI40_Crozet              19.64      6.08    0.72450      0.007087      0.051655      0.007423      0.014845
MI2265_Macquarie         19.74      5.18    0.67681      0.135711      0.153213      0.060811      0.121623
Population              mean_N    mean_k    mean_He    p_sign_TPM    p_stdv_TPM    p_W_1t_TPM    p_W_2t_TPM
137722_South_Shetlands      19.85      6.23    0.73394      0.067243      0.094233      0.058604      0.117209
W6541/41_pup             19.85      6.10    0.73835      0.444814      0.128816      0.023752      0.047505
A1089_Bouvetoya          19.79      6.21    0.72337      0.356962      0.077448      0.005978      0.011955
MIAGM13123_Marion_island      19.79      6.21    0.72976      0.120177      0.061256      0.028090      0.056179
MI1632_Macquarie         19.69      5.33    0.68392      0.540914      0.327787      0.255802      0.511604
Population              mean_N    mean_k    mean_He    p_sign_TPM    p_stdv_TPM    p_W_1t_TPM    p_W_2t_TPM
137722_South_Shetlands      19.90      6.26    0.73175      0.188474      0.477877      0.475250      0.950500
Y/B142/43                19.79      6.15    0.73547      0.179439      0.082000      0.003145      0.006291
2260_Bouvetoya           20.00      5.62    0.70823      0.153861      0.128592      0.008079      0.016159
MIAGM13120_Marion_island      19.95      6.13    0.71412      0.338825      0.208053      0.068234      0.136468
MI2254_Macquarie         19.64      5.13    0.67429      0.426039      0.372767      0.273949      0.547898
Population              mean_N    mean_k    mean_He    p_sign_TPM    p_stdv_TPM    p_W_1t_TPM    p_W_2t_TPM
137678_South_Shetlands      19.85      6.41    0.73144      0.279232      0.388035      0.535726      0.939518
W9171_mum                19.69      5.77    0.71982      0.252510      0.058113      0.033639      0.067279
BI2_Bouvetoya            19.79      5.82    0.70445      0.323793      0.105366      0.029407      0.058814
CI29_Crozet              19.85      6.15    0.72128      0.205696      0.201066      0.083383      0.166766
MI1666_Macquarie         19.85      5.33    0.68969      0.140385      0.163849      0.038347      0.076694
Population              mean_N    mean_k    mean_He    p_sign_TPM    p_stdv_TPM    p_W_1t_TPM    p_W_2t_TPM
137718_South_Shetlands      19.85      6.44    0.72792      0.433212      0.265536      0.092369      0.184738
W6522/22                 19.74      5.90    0.70681      0.231401      0.182831      0.094587      0.189174
BI25_Bouvetoya           19.90      6.00    0.70985      0.303756      0.394954      0.102035      0.204070
CI31_Crozet              19.95      6.38    0.73976      0.296955      0.065371      0.011964      0.023927
MI2269_Macquarie         19.74      5.59    0.69754      0.102419      0.078962      0.015544      0.031088
Population              mean_N    mean_k    mean_He    p_sign_TPM    p_stdv_TPM    p_W_1t_TPM    p_W_2t_TPM
137707_South_Shetlands      19.54      6.18    0.72315      0.274711      0.361228      0.118674      0.237349
W6532/32                 19.90      5.90    0.70746      0.345710      0.361830      0.209250      0.418500
BI12_Bouvetoya           19.85      5.95    0.72565      0.552397      0.215244      0.089750      0.179501
CI38_Crozet              20.00      6.03    0.71350      0.164133      0.181900      0.083383      0.166766
MI1688_Macquarie         19.69      5.41    0.69512      0.328272      0.245314      0.229779      0.459558
Population              mean_N    mean_k    mean_He    p_sign_TPM    p_stdv_TPM    p_W_1t_TPM    p_W_2t_TPM
137723_South_Shetlands      19.90      6.03    0.72620      0.418055      0.257363      0.073074      0.146148
W9168_pup                19.74      5.82    0.70607      0.418075      0.362517      0.213269      0.426539
A1092_Bouvetoya          19.74      5.46    0.70302      0.001127      0.003641      0.000076      0.000152
MIAGM13115_Marion_island      19.90      5.92    0.73006      0.042319      0.013031      0.000867      0.001734
MI2260_Macquarie         19.95      5.54    0.69915      0.057897      0.107445      0.022773      0.045547
Population              mean_N    mean_k    mean_He    p_sign_TPM    p_stdv_TPM    p_W_1t_TPM    p_W_2t_TPM
137719_South_Shetlands      19.49      6.08    0.71047      0.228054      0.087082      0.040890      0.081780
W6538                    19.69      6.00    0.72004      0.064957      0.163801      0.022179      0.044358
A1055_Bouvetoya          19.79      5.69    0.70308      0.413020      0.151848      0.097116      0.194231
CI25_Crozet              19.90      6.46    0.73320      0.449057      0.251273      0.079138      0.158277
MI2261_Macquarie         20.00      5.44    0.67382      0.468204      0.334942      0.420717      0.841433
Population              mean_N    mean_k    mean_He    p_sign_TPM    p_stdv_TPM    p_W_1t_TPM    p_W_2t_TPM
137719_South_Shetlands      19.74      6.28    0.73023      0.332870      0.220266      0.094721      0.189442
W9133_pup                19.74      6.03    0.72828      0.095947      0.102233      0.003626      0.007252
A1098_Bouvetoya          19.79      6.05    0.72207      0.110358      0.061113      0.020347      0.040694
CI21_Crozet              19.85      6.08    0.74412      0.205901      0.173913      0.071132      0.142264
MI1623_Macquarie         19.79      5.38    0.69741      0.114495      0.117474      0.046439      0.092879
Population              mean_N    mean_k    mean_He    p_sign_TPM    p_stdv_TPM    p_W_1t_TPM    p_W_2t_TPM
137711_South_Shetlands      19.85      6.41    0.74580      0.446008      0.247409      0.132257      0.264514
W6754                    20.00      5.79    0.72443      0.016579      0.024672      0.001010      0.002021
A1100_Bouvetoya          19.74      5.67    0.69739      0.277833      0.173099      0.038689      0.077379
CI29_Crozet              20.00      6.18    0.73644      0.541648      0.187059      0.053785      0.107569
MI2253_Macquarie         19.95      5.41    0.67343      0.395543      0.285148      0.333501      0.667002
Population              mean_N    mean_k    mean_He    p_sign_TPM    p_stdv_TPM    p_W_1t_TPM    p_W_2t_TPM
137718_South_Shetlands      19.69      6.38    0.74829      0.322545      0.102446      0.026283      0.052567
W9168_mum                19.85      5.64    0.71283      0.254011      0.023137      0.002022      0.004043
A1087_Bouvetoya          19.74      5.79    0.71484      0.261968      0.049824      0.013680      0.027359
CI25_Crozet              19.95      6.10    0.71608      0.172199      0.222482      0.154351      0.308703
MI2255_Macquarie         19.74      5.36    0.70810      0.004227      0.004454      0.000279      0.000559
Population              mean_N    mean_k    mean_He    p_sign_TPM    p_stdv_TPM    p_W_1t_TPM    p_W_2t_TPM
137707_South_Shetlands      19.79      6.03    0.72583      0.410739      0.239301      0.151057      0.302114
W9163_pup                19.90      5.69    0.70641      0.220981      0.066137      0.028419      0.056839
A1059_Bouvetoya          19.79      5.67    0.70903      0.079288      0.058382      0.016567      0.033135
MIAGM13132_Marion_island      19.90      6.03    0.72572      0.359694      0.183333      0.020686      0.041373
MI2256_Macquarie         19.64      5.28    0.67861      0.524018      0.430810      0.295574      0.591149
Population              mean_N    mean_k    mean_He    p_sign_TPM    p_stdv_TPM    p_W_1t_TPM    p_W_2t_TPM
137707_South_Shetlands      19.85      6.13    0.72869      0.052602      0.051480      0.002592      0.005184
W9178_pup                19.69      5.87    0.71293      0.261835      0.442558      0.167594      0.335188
BI17_Bouvetoya           19.74      5.72    0.70673      0.015215      0.022309      0.003299      0.006598
CI32_Crozet              19.69      5.85    0.71348      0.144384      0.081192      0.033639      0.067279
MI2265_Macquarie         19.79      5.23    0.67552      0.122807      0.048242      0.017415      0.034831
Population              mean_N    mean_k    mean_He    p_sign_TPM    p_stdv_TPM    p_W_1t_TPM    p_W_2t_TPM
137709_South_Shetlands      19.95      6.23    0.73512      0.196204      0.036063      0.013402      0.026804
W9138_pup                19.59      6.41    0.75184      0.336994      0.097768      0.045069      0.090139
BI3_Bouvetoya            19.95      5.72    0.71665      0.137645      0.013906      0.010784      0.021568
CI22_Crozet              19.85      6.03    0.71993      0.400206      0.350188      0.307127      0.614255
MI1519_Macquarie         19.49      5.38    0.68907      0.472472      0.126169      0.064442      0.128884
Population              mean_N    mean_k    mean_He    p_sign_TPM    p_stdv_TPM    p_W_1t_TPM    p_W_2t_TPM
137721_South_Shetlands      19.79      6.13    0.72827      0.315434      0.189439      0.032005      0.064009
W6701_pup                19.69      6.08    0.71982      0.160789      0.153356      0.027459      0.054917
A1094_Bouvetoya          19.74      5.59    0.69659      0.362390      0.413594      0.273324      0.546649
CI24_Crozet              19.79      6.03    0.72557      0.098166      0.197023      0.061997      0.123994
MI1662_Macquarie         19.95      5.49    0.68816      0.173374      0.177859      0.030422      0.060843
Population              mean_N    mean_k    mean_He    p_sign_TPM    p_stdv_TPM    p_W_1t_TPM    p_W_2t_TPM
137711_South_Shetlands      19.95      6.44    0.74008      0.067990      0.254503      0.050746      0.101491
W9166_pup                19.79      6.15    0.72647      0.240620      0.142239      0.127569      0.255139
BI23_Bouvetoya           19.95      5.72    0.70628      0.286187      0.237295      0.138340      0.276680
MIAGM13122_Marion_island      19.79      6.21    0.71963      0.134546      0.132249      0.006065      0.012131
MI2260_Macquarie         19.95      5.08    0.67421      0.146927      0.164678      0.040890      0.081780
Population              mean_N    mean_k    mean_He    p_sign_TPM    p_stdv_TPM    p_W_1t_TPM    p_W_2t_TPM
137720_South_Shetlands      19.69      6.13    0.71899      0.428281      0.473168      0.167989      0.335977
W6513/13_pup             19.85      6.10    0.72052      0.536479      0.199845      0.074235      0.148469
A1092_Bouvetoya          19.69      5.74    0.71547      0.109148      0.244765      0.099554      0.199107
MIAGM13111_Marion_island      19.95      6.18    0.72165      0.380777      0.167927      0.082835      0.165670
MI2259_Macquarie         19.85      5.59    0.68679      0.352747      0.487128      0.336864      0.673729
Population              mean_N    mean_k    mean_He    p_sign_TPM    p_stdv_TPM    p_W_1t_TPM    p_W_2t_TPM
137688_South_Shetlands      20.00      6.44    0.73752      0.198411      0.240340      0.094721      0.189442
W9162_pup                19.85      6.23    0.72417      0.308763      0.038381      0.002670      0.005340
BI14_Bouvetoya           19.85      5.85    0.69429      0.253610      0.282619      0.218611      0.437222
MIAGM13140_Marion_island      19.85      6.26    0.72156      0.486889      0.210101      0.115807      0.231613
MI1638_Macquarie         19.49      5.08    0.67317      0.104817      0.087119      0.053530      0.107060
Population              mean_N    mean_k    mean_He    p_sign_TPM    p_stdv_TPM    p_W_1t_TPM    p_W_2t_TPM
137721_South_Shetlands      19.64      6.26    0.73289      0.291653      0.075683      0.013402      0.026804
W6512/12                 19.79      5.97    0.71064      0.441756      0.427933      0.497248      0.994497
BI7_Bouvetoya            19.90      5.85    0.71905      0.044846      0.029684      0.001648      0.003296
MIAGM13108_Marion_island      19.95      6.18    0.73596      0.200426      0.272838      0.129284      0.258568
MI2251_Macquarie         19.69      5.00    0.68144      0.017851      0.025089      0.002592      0.005184
Population              mean_N    mean_k    mean_He    p_sign_TPM    p_stdv_TPM    p_W_1t_TPM    p_W_2t_TPM
137723_South_Shetlands      19.85      6.00    0.73803      0.193323      0.074921      0.026283      0.052567
Y/B134/35                19.90      5.79    0.72069      0.270955      0.137494      0.055661      0.111322
A1099_Bouvetoya          19.90      5.90    0.71974      0.076185      0.099630      0.028419      0.056839
CI25_Crozet              19.69      6.03    0.71285      0.195342      0.157187      0.178699      0.357397
MI1680_Macquarie         19.64      5.26    0.68810      0.338919      0.153906      0.068234      0.136468
