Population              mean_N    mean_k    mean_He    p_sign_TPM    p_stdv_TPM    p_W_1t_TPM    p_W_2t_TPM
137683_South_Shetlands      19.95      6.51    0.74452      0.451552      0.455190      0.112398      0.224797
W6540/40                 19.69      5.79    0.70612      0.132395      0.097553      0.009943      0.019885
A1100_Bouvetoya          19.95      6.08    0.72055      0.548877      0.223239      0.123475      0.246950
CI38_Crozet              19.79      5.95    0.72320      0.007331      0.009002      0.000968      0.001936
MI2250_Macquarie         19.74      5.36    0.68579      0.303828      0.254159      0.175083      0.350166
Population              mean_N    mean_k    mean_He    p_sign_TPM    p_stdv_TPM    p_W_1t_TPM    p_W_2t_TPM
137717_South_Shetlands      19.85      6.18    0.72835      0.529978      0.180538      0.117847      0.235693
W9136_mum                19.74      5.95    0.72371      0.309296      0.223640      0.099609      0.199218
BI25_Bouvetoya           19.69      5.97    0.71616      0.122714      0.271030      0.138340      0.276680
MIAGM13141_Marion_island      19.85      5.72    0.72218      0.058672      0.009786      0.001854      0.003708
MI2265_Macquarie         19.90      5.18    0.66906      0.312781      0.406274      0.232123      0.464246
Population              mean_N    mean_k    mean_He    p_sign_TPM    p_stdv_TPM    p_W_1t_TPM    p_W_2t_TPM
137687_South_Shetlands      19.85      6.03    0.72516      0.004705      0.003954      0.000028      0.000056
Y/B144/45                19.74      6.13    0.72660      0.439098      0.449697      0.352130      0.704261
A1099_Bouvetoya          19.90      5.79    0.69967      0.455825      0.425372      0.378088      0.756177
MIAGM13136_Marion_island      19.85      6.08    0.72668      0.553145      0.290631      0.123475      0.246950
MI2258_Macquarie         19.69      5.00    0.66994      0.093820      0.109898      0.019587      0.039175
Population              mean_N    mean_k    mean_He    p_sign_TPM    p_stdv_TPM    p_W_1t_TPM    p_W_2t_TPM
137717_South_Shetlands      19.79      6.33    0.73237      0.317076      0.444492      0.388632      0.777263
W9170_mum                19.79      6.18    0.72481      0.431540      0.136886      0.147809      0.295618
A1082_Bouvetoya          19.90      5.85    0.71723      0.567899      0.336958      0.197457      0.394915
CI38_Crozet              19.90      6.18    0.72577      0.464033      0.239052      0.157692      0.315383
MI2258_Macquarie         19.95      5.36    0.69460      0.089868      0.075574      0.047832      0.095663
Population              mean_N    mean_k    mean_He    p_sign_TPM    p_stdv_TPM    p_W_1t_TPM    p_W_2t_TPM
137718_South_Shetlands      19.90      6.23    0.72337      0.294880      0.453028      0.426121      0.852241
W9133_mum                19.90      5.97    0.72742      0.083320      0.020086      0.003981      0.007961
A1073_Bouvetoya          19.90      5.64    0.71122      0.076251      0.012459      0.002468      0.004935
CI34_Crozet              19.95      6.13    0.73506      0.193016      0.158579      0.058604      0.117209
MI1675_Macquarie         19.79      5.74    0.70254      0.342241      0.381668      0.246076      0.492152
Population              mean_N    mean_k    mean_He    p_sign_TPM    p_stdv_TPM    p_W_1t_TPM    p_W_2t_TPM
137658_South_Shetlands      19.79      6.03    0.72510      0.216447      0.399015      0.138340      0.276680
W16                      19.79      6.18    0.72685      0.432206      0.423464      0.221438      0.442876
BI24_Bouvetoya           19.64      5.87    0.71054      0.392227      0.252566      0.151057      0.302114
CI39_Crozet              19.79      6.03    0.72791      0.285792      0.097115      0.038689      0.077379
MI2264_Macquarie         19.85      5.59    0.68766      0.104711      0.316906      0.075056      0.150111
Population              mean_N    mean_k    mean_He    p_sign_TPM    p_stdv_TPM    p_W_1t_TPM    p_W_2t_TPM
137703_South_Shetlands      19.74      6.26    0.73971      0.564760      0.428255      0.123475      0.246950
W6515/15                 19.69      6.05    0.71243      0.507514      0.387954      0.269355      0.538709
BI5_Bouvetoya            19.74      5.46    0.70580      0.050278      0.008969      0.001202      0.002405
MIAGM13119_Marion_island      19.85      6.18    0.74051      0.033082      0.017250      0.000206      0.000413
MI2269_Macquarie         19.59      5.87    0.72488      0.364552      0.043884      0.020686      0.041373
Population              mean_N    mean_k    mean_He    p_sign_TPM    p_stdv_TPM    p_W_1t_TPM    p_W_2t_TPM
137683_South_Shetlands      19.90      6.54    0.73682      0.178905      0.356231      0.469759      0.939518
W6552                    19.69      5.92    0.71407      0.237999      0.126327      0.049324      0.098649
A1055_Bouvetoya          19.69      5.79    0.69391      0.516250      0.280988      0.115807      0.231613
MIAGM13142_Marion_island      19.95      6.26    0.71591      0.484015      0.382585      0.167594      0.335188
MI2262_Macquarie         19.79      5.33    0.68878      0.122571      0.201154      0.138340      0.276680
Population              mean_N    mean_k    mean_He    p_sign_TPM    p_stdv_TPM    p_W_1t_TPM    p_W_2t_TPM
137722_South_Shetlands      19.85      6.31    0.72685      0.133429      0.259041      0.642727      0.724881
W9164_mum                19.59      5.72    0.70279      0.056471      0.020423      0.002954      0.005908
A1094_Bouvetoya          19.95      5.77    0.69256      0.138989      0.086408      0.041274      0.082547
MIAGM13139_Marion_island      19.95      5.95    0.71133      0.513108      0.224759      0.133745      0.267489
MI2261_Macquarie         19.85      5.36    0.69900      0.201624      0.093728      0.052248      0.104496
Population              mean_N    mean_k    mean_He    p_sign_TPM    p_stdv_TPM    p_W_1t_TPM    p_W_2t_TPM
137653_South_Shetlands      19.95      6.36    0.72363      0.458433      0.377344      0.426121      0.852241
W6516/16_pup             19.59      5.85    0.70257      0.446343      0.272375      0.508255      0.994497
A1097_Bouvetoya          19.59      5.46    0.70796      0.159524      0.013650      0.002722      0.005443
CI34_Crozet              19.85      5.90    0.72118      0.074178      0.073095      0.003270      0.006540
MI1688_Macquarie         19.59      5.31    0.68966      0.425062      0.327719      0.154351      0.308703
Population              mean_N    mean_k    mean_He    p_sign_TPM    p_stdv_TPM    p_W_1t_TPM    p_W_2t_TPM
137658_South_Shetlands      19.79      6.38    0.74133      0.215280      0.297910      0.225587      0.451174
W6552                    19.74      6.08    0.71932      0.538620      0.294331      0.097116      0.194231
A1055_Bouvetoya          19.79      5.79    0.71042      0.146021      0.081756      0.020686      0.041373
CI39_Crozet              19.90      5.90    0.72637      0.058538      0.026849      0.008079      0.016159
MI2261_Macquarie         19.59      5.59    0.69171      0.231896      0.471380      0.259146      0.518291
Population              mean_N    mean_k    mean_He    p_sign_TPM    p_stdv_TPM    p_W_1t_TPM    p_W_2t_TPM
137707_South_Shetlands      19.85      6.31    0.72281      0.032869      0.391810      0.552137      0.906650
SG19_South_Georgia       19.85      6.18    0.72130      0.147234      0.314476      0.197457      0.394915
A1057_Bouvetoya          19.90      5.87    0.71967      0.003796      0.006918      0.000232      0.000463
CI27_Crozet              19.64      6.28    0.72266      0.215519      0.387792      0.524750      0.961490
MI2253_Macquarie         19.54      5.49    0.68882      0.069014      0.154720      0.062607      0.125213
Population              mean_N    mean_k    mean_He    p_sign_TPM    p_stdv_TPM    p_W_1t_TPM    p_W_2t_TPM
137707_South_Shetlands      19.79      5.92    0.71780      0.372744      0.224804      0.130632      0.261265
W6530/30_pup             20.00      6.05    0.73320      0.018052      0.007680      0.000461      0.000923
A1052_Bouvetoya          20.00      5.69    0.70688      0.147629      0.050898      0.052419      0.104837
CI40_Crozet              19.85      6.03    0.73505      0.189028      0.022279      0.003581      0.007162
MI2249_Macquarie         19.95      5.79    0.71814      0.011388      0.095401      0.003270      0.006540
Population              mean_N    mean_k    mean_He    p_sign_TPM    p_stdv_TPM    p_W_1t_TPM    p_W_2t_TPM
137718_South_Shetlands      19.79      6.18    0.73900      0.300518      0.260868      0.090060      0.180119
W9133_mum                19.69      6.15    0.73429      0.079128      0.064023      0.003800      0.007599
A1098_Bouvetoya          19.85      5.82    0.70213      0.335455      0.143172      0.087400      0.174800
MIAGM13141_Marion_island      19.85      6.31    0.72731      0.434139      0.457582      0.409953      0.819906
MI2252_Macquarie         19.85      5.38    0.69687      0.370537      0.090093      0.015356      0.030713
Population              mean_N    mean_k    mean_He    p_sign_TPM    p_stdv_TPM    p_W_1t_TPM    p_W_2t_TPM
137704_South_Shetlands      19.49      6.15    0.74349      0.144624      0.070530      0.009158      0.018315
Y/B132/33                19.69      6.00    0.72910      0.125124      0.079033      0.036348      0.072695
A1030_Bouvetoya          19.74      5.54    0.70549      0.009577      0.016865      0.001667      0.003334
CI29_Crozet              19.69      6.21    0.72945      0.434454      0.380746      0.102035      0.204070
MI2267_Macquarie         19.79      5.56    0.69292      0.192842      0.447722      0.157692      0.315383
Population              mean_N    mean_k    mean_He    p_sign_TPM    p_stdv_TPM    p_W_1t_TPM    p_W_2t_TPM
137714_South_Shetlands      19.64      5.87    0.72684      0.325703      0.261959      0.117847      0.235693
W9135_pup                19.59      6.05    0.72342      0.421138      0.365200      0.141450      0.282901
A1100_Bouvetoya          20.00      5.87    0.72011      0.045885      0.159747      0.023043      0.046087
MIAGM13111_Marion_island      19.90      5.82    0.73350      0.009541      0.009930      0.000221      0.000442
MI1688_Macquarie         19.79      5.46    0.68372      0.404619      0.151213      0.093325      0.186649
Population              mean_N    mean_k    mean_He    p_sign_TPM    p_stdv_TPM    p_W_1t_TPM    p_W_2t_TPM
137697_South_Shetlands      19.85      6.33    0.72033      0.324803      0.454601      0.383349      0.766699
SG10_South_Georgia       19.85      5.92    0.73305      0.299162      0.047360      0.019980      0.039961
BI25_Bouvetoya           19.95      5.87    0.71878      0.332139      0.025181      0.009543      0.019087
CI20_Crozet              19.74      5.87    0.72936      0.080599      0.004639      0.000820      0.001640
MI1680_Macquarie         19.85      5.54    0.70811      0.052016      0.032126      0.020347      0.040694
Population              mean_N    mean_k    mean_He    p_sign_TPM    p_stdv_TPM    p_W_1t_TPM    p_W_2t_TPM
137706_South_Shetlands      19.95      6.36    0.72060      0.558326      0.162169      0.409953      0.819906
Y/B144/45                19.59      6.18    0.72425      0.548550      0.215249      0.102190      0.204380
A1072_Bouvetoya          19.79      5.49    0.69912      0.138841      0.100898      0.057339      0.114678
MIAGM13142_Marion_island      20.00      6.08    0.73711      0.142718      0.030431      0.001121      0.002242
MI1609_Macquarie         19.59      5.38    0.68111      0.447254      0.458069      0.273949      0.547898
Population              mean_N    mean_k    mean_He    p_sign_TPM    p_stdv_TPM    p_W_1t_TPM    p_W_2t_TPM
137721_South_Shetlands      19.95      6.26    0.74202      0.455467      0.451283      0.255802      0.511604
W9169_pup                19.64      6.18    0.71788      0.396955      0.183775      0.103842      0.207683
BI1_Bouvetoya            20.00      5.95    0.72078      0.013735      0.059086      0.012907      0.025814
CI20_Crozet              19.90      6.10    0.71858      0.267640      0.066800      0.021449      0.042898
MI1620_Macquarie         19.90      5.33    0.69637      0.218488      0.063400      0.012159      0.024319
Population              mean_N    mean_k    mean_He    p_sign_TPM    p_stdv_TPM    p_W_1t_TPM    p_W_2t_TPM
137709_South_Shetlands      19.85      6.26    0.74059      0.110318      0.027390      0.010658      0.021316
W9136_pup                19.59      6.10    0.72551      0.068560      0.025974      0.000435      0.000870
BI7_Bouvetoya            19.69      5.59    0.69057      0.516793      0.325494      0.260280      0.520561
CI27_Crozet              19.74      6.28    0.73438      0.151099      0.125642      0.002998      0.005996
MI1654_Macquarie         19.85      5.28    0.68200      0.547036      0.165931      0.129284      0.258568
Population              mean_N    mean_k    mean_He    p_sign_TPM    p_stdv_TPM    p_W_1t_TPM    p_W_2t_TPM
137720_South_Shetlands      19.59      6.41    0.73738      0.327202      0.333366      0.307127      0.614255
Y/B142/43                19.54      6.00    0.72025      0.104423      0.044828      0.021131      0.042262
2219_Bouvetoya           19.85      5.92    0.72481      0.402732      0.072685      0.013680      0.027359
MIAGM13133_Marion_island      19.85      6.03    0.73833      0.425725      0.092275      0.036348      0.072695
MI2255_Macquarie         19.79      5.13    0.68961      0.072615      0.041456      0.009943      0.019885
Population              mean_N    mean_k    mean_He    p_sign_TPM    p_stdv_TPM    p_W_1t_TPM    p_W_2t_TPM
137708_South_Shetlands      19.74      6.15    0.71812      0.280790      0.406022      0.154351      0.308703
W6516/16                 19.85      6.00    0.72558      0.227338      0.114116      0.040890      0.081780
A1005_Bouvetoya          19.79      5.74    0.69943      0.438278      0.352953      0.066318      0.132635
CI29_Crozet              19.90      6.10    0.71105      0.472638      0.208064      0.193615      0.387231
MI2261_Macquarie         19.54      5.13    0.66745      0.413165      0.482372      0.236726      0.473451
Population              mean_N    mean_k    mean_He    p_sign_TPM    p_stdv_TPM    p_W_1t_TPM    p_W_2t_TPM
137705_South_Shetlands      19.85      5.97    0.71639      0.411348      0.178651      0.053785      0.107569
W6540/40_pup             19.95      6.03    0.73251      0.036732      0.037505      0.002983      0.005966
A1096_Bouvetoya          19.85      5.85    0.73190      0.014971      0.007343      0.000959      0.001917
CI27_Crozet              19.74      6.36    0.72347      0.145491      0.411013      0.336864      0.673729
MI2262_Macquarie         19.79      5.82    0.72726      0.135115      0.045378      0.015952      0.031905
Population              mean_N    mean_k    mean_He    p_sign_TPM    p_stdv_TPM    p_W_1t_TPM    p_W_2t_TPM
137721_South_Shetlands      20.00      5.87    0.71080      0.283134      0.094230      0.027174      0.054348
W6547                    19.85      6.00    0.71044      0.508293      0.257463      0.151057      0.302114
A1087_Bouvetoya          19.85      5.64    0.71154      0.422976      0.133192      0.069229      0.138457
CI32_Crozet              19.79      5.79    0.71931      0.021899      0.054149      0.004365      0.008731
MI1606_Macquarie         19.90      5.31    0.69560      0.165852      0.095659      0.027174      0.054348
Population              mean_N    mean_k    mean_He    p_sign_TPM    p_stdv_TPM    p_W_1t_TPM    p_W_2t_TPM
137720_South_Shetlands      19.79      6.15    0.73801      0.036734      0.017367      0.001308      0.002615
AGP96081                 19.95      6.15    0.70833      0.398096      0.418390      0.160427      0.320853
A1044_Bouvetoya          19.74      6.18    0.71560      0.244700      0.483544      0.392663      0.785327
CI23_Crozet              19.85      6.00    0.72726      0.045909      0.009937      0.000435      0.000870
MI2248_Macquarie         19.90      5.62    0.69464      0.410605      0.299880      0.357273      0.714546
Population              mean_N    mean_k    mean_He    p_sign_TPM    p_stdv_TPM    p_W_1t_TPM    p_W_2t_TPM
137715_South_Shetlands      19.85      6.46    0.74332      0.112618      0.054963      0.012428      0.024856
ATP46                    19.69      6.21    0.73026      0.472894      0.224909      0.167989      0.335977
A1040_Bouvetoya          19.85      5.85    0.71382      0.068465      0.261234      0.129284      0.258568
MIAGM13140_Marion_island      19.74      5.95    0.72878      0.379774      0.202186      0.064442      0.128884
MI1669_Macquarie         19.79      5.15    0.66234      0.537260      0.165517      0.508255      0.994497
Population              mean_N    mean_k    mean_He    p_sign_TPM    p_stdv_TPM    p_W_1t_TPM    p_W_2t_TPM
137708_South_Shetlands      19.79      6.28    0.73179      0.541677      0.229470      0.409953      0.819906
W15                      19.90      6.15    0.71712      0.102261      0.098277      0.012428      0.024856
A1100_Bouvetoya          19.85      5.92    0.71894      0.359620      0.252030      0.124555      0.249111
CI28_Crozet              19.74      6.03    0.71304      0.479551      0.178999      0.077077      0.154154
MI2262_Macquarie         19.59      5.51    0.70040      0.375976      0.246750      0.115807      0.231613
Population              mean_N    mean_k    mean_He    p_sign_TPM    p_stdv_TPM    p_W_1t_TPM    p_W_2t_TPM
137716_South_Shetlands      19.79      6.31    0.73296      0.204742      0.434195      0.302283      0.604566
W9168_mum                19.85      5.97    0.72568      0.254275      0.133956      0.044952      0.089904
BI23_Bouvetoya           19.79      5.97    0.71242      0.346388      0.069008      0.038347      0.076694
CI5_Crozet               19.85      6.13    0.72168      0.126367      0.060809      0.021425      0.042850
MI2265_Macquarie         19.64      5.13    0.68215      0.111914      0.075658      0.019289      0.038578
Population              mean_N    mean_k    mean_He    p_sign_TPM    p_stdv_TPM    p_W_1t_TPM    p_W_2t_TPM
137718_South_Shetlands      19.95      6.21    0.71369      0.088636      0.463178      0.443015      0.886029
W6518/18_pup             19.85      6.10    0.73277      0.223031      0.092762      0.060283      0.120565
BI6_Bouvetoya            19.95      5.74    0.69502      0.337004      0.150327      0.049324      0.098649
CI20_Crozet              19.59      5.87    0.71296      0.475421      0.071551      0.026525      0.053049
MI2262_Macquarie         19.54      5.59    0.70302      0.196932      0.167970      0.126357      0.252714
Population              mean_N    mean_k    mean_He    p_sign_TPM    p_stdv_TPM    p_W_1t_TPM    p_W_2t_TPM
137686_South_Shetlands      20.00      6.49    0.74399      0.144547      0.491924      0.234013      0.468025
SG28_South_Georgia       19.85      5.97    0.72949      0.132121      0.012469      0.000867      0.001734
BI6_Bouvetoya            20.00      5.85    0.72132      0.020995      0.041259      0.012159      0.024319
MIAGM13137_Marion_island      19.79      5.95    0.71292      0.217152      0.163223      0.074235      0.148469
MI2251_Macquarie         19.64      5.36    0.69475      0.229313      0.087489      0.020686      0.041373
Population              mean_N    mean_k    mean_He    p_sign_TPM    p_stdv_TPM    p_W_1t_TPM    p_W_2t_TPM
137687_South_Shetlands      19.69      6.46    0.74646      0.429812      0.196165      0.050746      0.101491
Y/B142/43                19.74      6.21    0.69278      0.515735      0.088935      0.789478      0.429428
A1079_Bouvetoya          19.90      5.56    0.70710      0.392930      0.104463      0.021449      0.042898
MIAGM13135_Marion_island      19.95      6.18    0.71133      0.274400      0.487653      0.349309      0.698618
MI2259_Macquarie         19.54      5.36    0.69114      0.306825      0.194908      0.133745      0.267489
Population              mean_N    mean_k    mean_He    p_sign_TPM    p_stdv_TPM    p_W_1t_TPM    p_W_2t_TPM
137692_South_Shetlands      19.90      6.36    0.73618      0.437261      0.467185      0.251363      0.502726
W9177_pup                19.79      5.79    0.71646      0.072834      0.098563      0.035220      0.070440
A1011_Bouvetoya          19.95      5.69    0.71260      0.081787      0.021959      0.005003      0.010006
CI30_Crozet              19.74      5.85    0.71663      0.118709      0.068455      0.023752      0.047505
MI1663_Macquarie         19.90      5.28    0.68605      0.220492      0.294084      0.082835      0.165670
Population              mean_N    mean_k    mean_He    p_sign_TPM    p_stdv_TPM    p_W_1t_TPM    p_W_2t_TPM
137708_South_Shetlands      20.00      6.33    0.74089      0.060531      0.112759      0.022955      0.045909
W9176_pup                19.79      6.00    0.72510      0.151313      0.041868      0.026525      0.053049
BI5_Bouvetoya            19.69      5.95    0.72377      0.436360      0.129255      0.151057      0.302114
MIAGM13132_Marion_island      19.85      6.36    0.73374      0.163265      0.498680      0.426089      0.852178
MI1669_Macquarie         19.90      5.13    0.70002      0.029801      0.010092      0.001447      0.002894
Population              mean_N    mean_k    mean_He    p_sign_TPM    p_stdv_TPM    p_W_1t_TPM    p_W_2t_TPM
137718_South_Shetlands      19.95      6.31    0.73399      0.458094      0.279295      0.197457      0.394915
W6756                    19.90      6.00    0.71362      0.079452      0.044836      0.009158      0.018315
A1018_Bouvetoya          19.95      5.67    0.69560      0.435706      0.297079      0.214207      0.428414
CI21_Crozet              19.95      6.36    0.74103      0.210896      0.032856      0.003581      0.007162
MI2269_Macquarie         19.85      5.49    0.69182      0.299173      0.396956      0.269355      0.538709
Population              mean_N    mean_k    mean_He    p_sign_TPM    p_stdv_TPM    p_W_1t_TPM    p_W_2t_TPM
137702_South_Shetlands      19.74      5.92    0.72166      0.404967      0.090646      0.045069      0.090139
W9167_pup                19.79      6.13    0.73069      0.005841      0.047826      0.001181      0.002361
A1079_Bouvetoya          19.69      5.90    0.71623      0.192513      0.255280      0.102035      0.204070
MIAGM13140_Marion_island      19.74      6.18    0.72434      0.033294      0.248828      0.017332      0.034665
MI2246_Macquarie         19.38      5.33    0.69895      0.057653      0.046846      0.023752      0.047505
Population              mean_N    mean_k    mean_He    p_sign_TPM    p_stdv_TPM    p_W_1t_TPM    p_W_2t_TPM
137697_South_Shetlands      19.90      6.26    0.74016      0.548540      0.107052      0.013402      0.026804
W9133_pup                19.85      6.31    0.72634      0.119037      0.368943      0.151057      0.302114
A1049_Bouvetoya          19.74      5.69    0.70953      0.087280      0.036901      0.002998      0.005996
CI34_Crozet              20.00      5.90    0.71606      0.384346      0.283055      0.089750      0.179501
MI2265_Macquarie         19.79      5.36    0.70175      0.434637      0.408083      0.264798      0.529596
Population              mean_N    mean_k    mean_He    p_sign_TPM    p_stdv_TPM    p_W_1t_TPM    p_W_2t_TPM
137711_South_Shetlands      20.00      6.18    0.72024      0.349867      0.114470      0.025616      0.051233
Y/B132/33                19.59      5.90    0.72615      0.252948      0.148745      0.057339      0.114678
A1074_Bouvetoya          19.79      5.92    0.72012      0.025635      0.062215      0.005281      0.010562
CI38_Crozet              19.95      6.08    0.72319      0.182675      0.071495      0.037504      0.075008
MI2252_Macquarie         20.00      5.85    0.70324      0.422124      0.319100      0.378088      0.756177
Population              mean_N    mean_k    mean_He    p_sign_TPM    p_stdv_TPM    p_W_1t_TPM    p_W_2t_TPM
137718_South_Shetlands      19.79      6.33    0.73322      0.145352      0.188143      0.081240      0.162480
W9164_mum                19.64      5.90    0.72836      0.080901      0.057356      0.025616      0.051233
BI23_Bouvetoya           19.74      5.46    0.68132      0.065677      0.130752      0.038347      0.076694
CI29_Crozet              20.00      6.10    0.72227      0.263900      0.144230      0.049324      0.098649
MI2262_Macquarie         19.95      5.33    0.68533      0.516829      0.172709      0.112987      0.225975
Population              mean_N    mean_k    mean_He    p_sign_TPM    p_stdv_TPM    p_W_1t_TPM    p_W_2t_TPM
137721_South_Shetlands      19.95      6.08    0.72068      0.231742      0.025833      0.017202      0.034404
W9161_pup                19.74      6.00    0.71995      0.080052      0.070593      0.016567      0.033135
BI22_Bouvetoya           20.00      5.72    0.70742      0.264460      0.194311      0.171252      0.342503
MIAGM13137_Marion_island      19.85      6.18    0.72792      0.261392      0.127458      0.052419      0.104837
MI1613_Macquarie         19.64      5.51    0.68727      0.294172      0.184501      0.085890      0.171780
Population              mean_N    mean_k    mean_He    p_sign_TPM    p_stdv_TPM    p_W_1t_TPM    p_W_2t_TPM
137682_South_Shetlands      19.95      6.31    0.73409      0.169007      0.104824      0.046439      0.092879
W9133_mum                19.90      6.05    0.72045      0.065109      0.074334      0.006853      0.013707
A1075_Bouvetoya          19.90      5.90    0.71608      0.117568      0.096583      0.017965      0.035930
CI21_Crozet              19.74      6.03    0.72781      0.197508      0.105963      0.042425      0.084850
MI2254_Macquarie         19.54      5.46    0.69387      0.455584      0.225533      0.121590      0.243181
Population              mean_N    mean_k    mean_He    p_sign_TPM    p_stdv_TPM    p_W_1t_TPM    p_W_2t_TPM
137680_South_Shetlands      19.95      6.49    0.73495      0.422087      0.415797      0.357273      0.714546
W6558                    19.90      6.13    0.71547      0.076483      0.199354      0.642727      0.724881
A1066_Bouvetoya          19.90      5.85    0.70355      0.240501      0.092927      0.038500      0.077001
CI5_Crozet               19.85      6.00    0.72176      0.028174      0.054591      0.008406      0.016812
MI2269_Macquarie         19.85      5.23    0.69103      0.379329      0.073874      0.029030      0.058060
Population              mean_N    mean_k    mean_He    p_sign_TPM    p_stdv_TPM    p_W_1t_TPM    p_W_2t_TPM
137711_South_Shetlands      19.69      6.31    0.74696      0.129143      0.104210      0.020692      0.041384
W6701/01                 19.90      6.08    0.72064      0.046882      0.035653      0.001735      0.003471
A1052_Bouvetoya          19.79      5.77    0.70682      0.533791      0.055250      0.017448      0.034896
MIAGM13126_Marion_island      19.74      6.05    0.73440      0.533601      0.039660      0.011079      0.022158
MI2256_Macquarie         19.85      5.28    0.67897      0.092331      0.188819      0.050259      0.100519
Population              mean_N    mean_k    mean_He    p_sign_TPM    p_stdv_TPM    p_W_1t_TPM    p_W_2t_TPM
137717_South_Shetlands      19.90      6.28    0.73278      0.220818      0.370139      0.099554      0.199107
W6551                    19.64      6.18    0.72205      0.370487      0.105265      0.042210      0.084421
A1097_Bouvetoya          19.95      5.79    0.69791      0.318701      0.125381      0.056963      0.113925
CI31_Crozet              20.00      6.15    0.71471      0.449111      0.418405      0.264798      0.529596
MI1621_Macquarie         19.74      5.23    0.68478      0.222488      0.077021      0.028419      0.056839
Population              mean_N    mean_k    mean_He    p_sign_TPM    p_stdv_TPM    p_W_1t_TPM    p_W_2t_TPM
137715_South_Shetlands      19.90      6.44    0.73571      0.289611      0.409812      0.141450      0.282901
W9138_mum                19.54      5.85    0.71952      0.166542      0.175678      0.054021      0.108042
A1059_Bouvetoya          19.90      5.82    0.71478      0.103903      0.010949      0.000440      0.000881
CI29_Crozet              19.95      5.90    0.71914      0.040947      0.034137      0.017202      0.034404
MI1688_Macquarie         19.64      5.44    0.70077      0.018035      0.027697      0.003459      0.006918
Population              mean_N    mean_k    mean_He    p_sign_TPM    p_stdv_TPM    p_W_1t_TPM    p_W_2t_TPM
137702_South_Shetlands      19.59      6.13    0.72726      0.221014      0.466159      0.217332      0.434664
W6552                    19.69      6.23    0.72520      0.433518      0.217789      0.090060      0.180119
BI5_Bouvetoya            19.95      5.46    0.69108      0.214871      0.130597      0.044202      0.088404
CI5_Crozet               19.69      6.03    0.73391      0.117231      0.062301      0.033049      0.066098
MI2269_Macquarie         19.74      5.03    0.67072      0.536231      0.378653      0.138340      0.276680
Population              mean_N    mean_k    mean_He    p_sign_TPM    p_stdv_TPM    p_W_1t_TPM    p_W_2t_TPM
137717_South_Shetlands      20.00      6.00    0.69973      0.151002      0.246092      0.652986      0.704261
W9174_mum                19.54      5.82    0.70358      0.482429      0.291045      0.165413      0.330826
A1071_Bouvetoya          19.85      5.90    0.71828      0.541825      0.132351      0.060283      0.120565
CI40_Crozet              19.85      6.00    0.73353      0.111945      0.018354      0.006046      0.012092
MI2260_Macquarie         19.69      5.36    0.69386      0.072147      0.090636      0.030422      0.060845
Population              mean_N    mean_k    mean_He    p_sign_TPM    p_stdv_TPM    p_W_1t_TPM    p_W_2t_TPM
137693_South_Shetlands      20.00      6.36    0.72335      0.508036      0.237302      0.178715      0.357431
W6541/41_pup             19.85      6.00    0.73216      0.114661      0.011949      0.000421      0.000841
2222_Bouvetoya           19.85      5.74    0.70521      0.062588      0.107953      0.031509      0.063017
CI40_Crozet              19.90      5.97    0.73062      0.301568      0.090793      0.025416      0.050833
MI2260_Macquarie         19.85      5.28    0.68920      0.544418      0.277451      0.126357      0.252714
Population              mean_N    mean_k    mean_He    p_sign_TPM    p_stdv_TPM    p_W_1t_TPM    p_W_2t_TPM
137717_South_Shetlands      19.90      6.15    0.71595      0.425909      0.490401      0.189818      0.379637
W9173_pup                19.95      6.10    0.72220      0.353542      0.134815      0.049324      0.098649
BI19_Bouvetoya           19.85      5.87    0.71701      0.051583      0.109223      0.041149      0.082299
CI31_Crozet              19.95      5.87    0.72790      0.081307      0.005356      0.000114      0.000229
MI2259_Macquarie         19.85      5.28    0.68449      0.160663      0.286565      0.140118      0.280235
Population              mean_N    mean_k    mean_He    p_sign_TPM    p_stdv_TPM    p_W_1t_TPM    p_W_2t_TPM
137718_South_Shetlands      20.00      6.10    0.73347      0.021108      0.150944      0.010784      0.021568
W9137_pup                19.95      6.03    0.72688      0.000608      0.004846      0.000023      0.000046
A1091_Bouvetoya          19.95      5.62    0.70378      0.177743      0.046730      0.018138      0.036277
MIAGM13130_Marion_island      20.00      5.92    0.71984      0.308798      0.133384      0.071132      0.142264
MI1675_Macquarie         19.49      5.54    0.67366      0.209459      0.032107      0.753924      0.501646
Population              mean_N    mean_k    mean_He    p_sign_TPM    p_stdv_TPM    p_W_1t_TPM    p_W_2t_TPM
137668_South_Shetlands      19.90      6.49    0.74652      0.206870      0.347864      0.087792      0.175584
W9168_pup                19.64      5.92    0.72051      0.445555      0.439248      0.197457      0.394915
A1085_Bouvetoya          19.90      5.95    0.72135      0.256898      0.042145      0.009158      0.018315
CI22_Crozet              20.00      6.10    0.72078      0.233261      0.064089      0.033639      0.067279
MI2260_Macquarie         19.79      5.56    0.69470      0.264728      0.161613      0.029407      0.058814
Population              mean_N    mean_k    mean_He    p_sign_TPM    p_stdv_TPM    p_W_1t_TPM    p_W_2t_TPM
137715_South_Shetlands      19.90      5.97    0.69570      0.144672      0.460424      0.409953      0.819906
Y/B134/35                19.85      6.23    0.74253      0.320553      0.125303      0.037504      0.075008
BI8_Bouvetoya            19.85      5.62    0.70457      0.038153      0.046847      0.008785      0.017571
MIAGM13117_Marion_island      20.00      5.77    0.70904      0.312201      0.312953      0.141450      0.282901
MI1613_Macquarie         19.79      5.26    0.67744      0.242142      0.371042      0.101506      0.203011
Population              mean_N    mean_k    mean_He    p_sign_TPM    p_stdv_TPM    p_W_1t_TPM    p_W_2t_TPM
137697_South_Shetlands      19.85      6.08    0.72321      0.442809      0.378555      0.404596      0.809191
W9170_mum                19.79      6.13    0.72457      0.155955      0.359931      0.160427      0.320853
A1058_Bouvetoya          20.00      5.92    0.72105      0.067780      0.048512      0.017965      0.035930
CI27_Crozet              19.64      6.10    0.73185      0.311314      0.227092      0.092369      0.184738
MI2253_Macquarie         19.85      5.44    0.67974      0.419509      0.342210      0.245348      0.490696
Population              mean_N    mean_k    mean_He    p_sign_TPM    p_stdv_TPM    p_W_1t_TPM    p_W_2t_TPM
137714_South_Shetlands      19.90      6.08    0.71080      0.564854      0.324149      0.156918      0.313835
Y/B134/35                19.85      6.31    0.74250      0.023585      0.025852      0.000435      0.000870
BI2_Bouvetoya            19.79      5.82    0.70346      0.364520      0.368623      0.240836      0.481672
CI32_Crozet              19.90      6.05    0.73027      0.128578      0.226722      0.015544      0.031088
MI2264_Macquarie         19.79      5.33    0.66676      0.412407      0.468721      0.197104      0.394207
Population              mean_N    mean_k    mean_He    p_sign_TPM    p_stdv_TPM    p_W_1t_TPM    p_W_2t_TPM
137715_South_Shetlands      19.59      6.21    0.73926      0.310285      0.055755      0.010250      0.020501
W6558                    19.64      6.00    0.71801      0.499414      0.224702      0.193615      0.387231
BI7_Bouvetoya            19.79      5.56    0.70240      0.108629      0.007223      0.001013      0.002026
CI29_Crozet              19.54      6.00    0.72683      0.133355      0.403065      0.535726      0.939518
MI2251_Macquarie         19.49      5.21    0.68939      0.114600      0.061918      0.039904      0.079809
Population              mean_N    mean_k    mean_He    p_sign_TPM    p_stdv_TPM    p_W_1t_TPM    p_W_2t_TPM
137710_South_Shetlands      19.79      6.54    0.74601      0.295008      0.233975      0.157692      0.315383
W9136_mum                19.85      6.03    0.71989      0.354720      0.085521      0.028419      0.056839
A1096_Bouvetoya          19.90      5.85    0.72641      0.222076      0.072507      0.031466      0.062932
CI5_Crozet               19.69      6.13    0.72157      0.460115      0.163179      0.094721      0.189442
MI2253_Macquarie         19.90      5.67    0.68773      0.246251      0.307519      0.606066      0.798511
Population              mean_N    mean_k    mean_He    p_sign_TPM    p_stdv_TPM    p_W_1t_TPM    p_W_2t_TPM
137720_South_Shetlands      19.95      6.28    0.73771      0.067277      0.107571      0.039904      0.079809
W6536                    19.74      6.10    0.72694      0.425538      0.389315      0.132257      0.264514
A1068_Bouvetoya          19.64      5.67    0.71659      0.015218      0.062183      0.005322      0.010643
CI28_Crozet              19.85      6.00    0.72367      0.362829      0.045736      0.014221      0.028441
MI2265_Macquarie         19.69      5.51    0.69451      0.477936      0.238694      0.057339      0.114678
Population              mean_N    mean_k    mean_He    p_sign_TPM    p_stdv_TPM    p_W_1t_TPM    p_W_2t_TPM
137718_South_Shetlands      19.85      6.23    0.73143      0.407010      0.359144      0.238288      0.476577
W9132_mum                19.74      5.92    0.72177      0.033434      0.046264      0.004570      0.009139
BI17_Bouvetoya           19.79      5.64    0.70823      0.239948      0.107195      0.078448      0.156895
CI38_Crozet              19.69      6.41    0.73317      0.430255      0.421531      0.193615      0.387231
MI2254_Macquarie         19.90      5.21    0.68423      0.073436      0.073960      0.008785      0.017571
Population              mean_N    mean_k    mean_He    p_sign_TPM    p_stdv_TPM    p_W_1t_TPM    p_W_2t_TPM
137708_South_Shetlands      19.85      6.44    0.73173      0.337757      0.320499      0.316915      0.633830
W9134_mum                19.69      5.79    0.71737      0.293851      0.456304      0.242606      0.485211
BI8_Bouvetoya            19.95      5.51    0.69558      0.266566      0.082844      0.031466      0.062932
CI5_Crozet               19.59      6.28    0.73329      0.179047      0.063578      0.038689      0.077379
MI2270_Macquarie         19.90      5.51    0.69109      0.471568      0.485209      0.087400      0.174800
Population              mean_N    mean_k    mean_He    p_sign_TPM    p_stdv_TPM    p_W_1t_TPM    p_W_2t_TPM
137717_South_Shetlands      19.90      6.15    0.73613      0.301329      0.070886      0.026283      0.052567
ATP34                    19.64      5.85    0.71330      0.335129      0.053743      0.012162      0.024323
BI12_Bouvetoya           20.00      5.69    0.72200      0.043376      0.008390      0.000550      0.001101
MIAGM13138_Marion_island      20.00      5.90    0.71660      0.026440      0.202595      0.017965      0.035930
MI2262_Macquarie         19.95      5.56    0.70100      0.119243      0.310158      0.164510      0.329021
Population              mean_N    mean_k    mean_He    p_sign_TPM    p_stdv_TPM    p_W_1t_TPM    p_W_2t_TPM
137696_South_Shetlands      19.85      6.28    0.73274      0.104390      0.123487      0.024573      0.049146
W9164_pup                19.69      5.90    0.71911      0.297436      0.201462      0.141450      0.282901
BI10_Bouvetoya           19.85      5.51    0.70278      0.111377      0.026315      0.013749      0.027497
CI28_Crozet              19.59      6.21    0.73416      0.422490      0.055209      0.021425      0.042850
MI2260_Macquarie         19.90      5.26    0.67701      0.243362      0.376347      0.178715      0.357431
