Population              mean_N    mean_k    mean_He    p_sign_TPM    p_stdv_TPM    p_W_1t_TPM    p_W_2t_TPM
137706_South_Shetlands      19.74      6.36    0.72764      0.320946      0.265685      0.321856      0.643713
W9174_mum                19.74      5.95    0.72493      0.002247      0.028166      0.000171      0.000341
A1094_Bouvetoya          19.95      5.44    0.69605      0.091231      0.086989      0.012159      0.024319
MIAGM13126_Marion_island      20.00      5.95    0.72969      0.074848      0.008969      0.003299      0.006598
MI1650_Macquarie         19.79      5.36    0.66598      0.291062      0.399786      0.415327      0.830654
Population              mean_N    mean_k    mean_He    p_sign_TPM    p_stdv_TPM    p_W_1t_TPM    p_W_2t_TPM
137708_South_Shetlands      19.85      6.15    0.70814      0.512736      0.225219      0.546675      0.917591
W9168_pup                19.64      6.21    0.72532      0.259074      0.179602      0.049324      0.098649
A1097_Bouvetoya          19.95      5.59    0.68476      0.098487      0.051338      0.013151      0.026301
MIAGM13136_Marion_island      19.90      5.82    0.71801      0.040527      0.011296      0.002349      0.004697
MI2265_Macquarie         20.00      5.54    0.69501      0.162622      0.139399      0.073074      0.146148
Population              mean_N    mean_k    mean_He    p_sign_TPM    p_stdv_TPM    p_W_1t_TPM    p_W_2t_TPM
137719_South_Shetlands      19.90      6.28    0.73476      0.005615      0.033249      0.004674      0.009348
W6535                    19.85      5.92    0.72947      0.006395      0.008220      0.000333      0.000667
A1077_Bouvetoya          19.90      5.72    0.71081      0.026026      0.013528      0.000530      0.001059
MIAGM13137_Marion_island      19.95      5.90    0.71823      0.334867      0.055711      0.011227      0.022454
MI1623_Macquarie         19.64      5.05    0.67322      0.007456      0.184709      0.017448      0.034896
Population              mean_N    mean_k    mean_He    p_sign_TPM    p_stdv_TPM    p_W_1t_TPM    p_W_2t_TPM
137705_South_Shetlands      19.90      6.23    0.72054      0.301059      0.481291      0.316915      0.633830
W9167_mum                19.74      6.15    0.73008      0.538602      0.073827      0.039602      0.079205
BI7_Bouvetoya            19.90      5.74    0.71659      0.485492      0.084099      0.040890      0.081780
CI27_Crozet              19.69      6.15    0.72280      0.508412      0.266954      0.121590      0.243181
MI2255_Macquarie         19.90      5.64    0.70079      0.386851      0.441529      0.312869      0.625738
Population              mean_N    mean_k    mean_He    p_sign_TPM    p_stdv_TPM    p_W_1t_TPM    p_W_2t_TPM
137722_South_Shetlands      19.85      6.33    0.74007      0.410662      0.343196      0.388632      0.777263
W6531/31                 19.64      5.64    0.71201      0.024409      0.002692      0.000070      0.000141
A1099_Bouvetoya          19.85      5.72    0.71804      0.052613      0.022103      0.001410      0.002819
CI31_Crozet              19.95      6.00    0.71703      0.466411      0.158903      0.089750      0.179501
MI2270_Macquarie         19.74      5.15    0.68310      0.554707      0.207889      0.124555      0.249111
Population              mean_N    mean_k    mean_He    p_sign_TPM    p_stdv_TPM    p_W_1t_TPM    p_W_2t_TPM
137714_South_Shetlands      19.90      6.26    0.75517      0.131075      0.039657      0.011964      0.023927
W6552                    19.90      6.05    0.73174      0.454123      0.156283      0.046439      0.092879
BI12_Bouvetoya           19.74      5.54    0.68360      0.477822      0.448658      0.409296      0.818591
CI28_Crozet              19.54      6.13    0.72360      0.170290      0.047727      0.021131      0.042262
MI2260_Macquarie         19.79      5.23    0.68468      0.038002      0.019669      0.005233      0.010465
Population              mean_N    mean_k    mean_He    p_sign_TPM    p_stdv_TPM    p_W_1t_TPM    p_W_2t_TPM
137721_South_Shetlands      19.69      6.31    0.73527      0.518797      0.393538      0.255802      0.511604
W9171_mum                19.85      5.90    0.72267      0.055439      0.059465      0.010250      0.020501
BI5_Bouvetoya            19.85      5.82    0.71331      0.387113      0.083449      0.011514      0.023028
CI39_Crozet              19.79      5.69    0.70938      0.284338      0.111200      0.056962      0.113925
MI2252_Macquarie         19.85      5.49    0.70450      0.110524      0.255553      0.060283      0.120565
Population              mean_N    mean_k    mean_He    p_sign_TPM    p_stdv_TPM    p_W_1t_TPM    p_W_2t_TPM
137703_South_Shetlands      19.28      6.36    0.74951      0.100409      0.114315      0.029995      0.059991
W6754                    19.90      5.97    0.72202      0.189345      0.144958      0.075056      0.150111
BI17_Bouvetoya           19.95      6.00    0.71376      0.193077      0.179279      0.138340      0.276680
CI31_Crozet              19.85      5.77    0.71564      0.121888      0.155048      0.020692      0.041384
MI2267_Macquarie         19.74      5.62    0.70538      0.289554      0.208694      0.147809      0.295618
Population              mean_N    mean_k    mean_He    p_sign_TPM    p_stdv_TPM    p_W_1t_TPM    p_W_2t_TPM
137712_South_Shetlands      19.59      6.08    0.72719      0.449847      0.223471      0.081240      0.162480
W9168_pup                19.79      5.95    0.71983      0.111507      0.204009      0.087792      0.175584
BI8_Bouvetoya            19.74      5.85    0.71932      0.204189      0.042395      0.017857      0.035713
CI32_Crozet              19.74      6.28    0.73781      0.319238      0.064179      0.029030      0.058060
MI2260_Macquarie         19.85      5.13    0.65957      0.424751      0.397782      0.381678      0.763357
Population              mean_N    mean_k    mean_He    p_sign_TPM    p_stdv_TPM    p_W_1t_TPM    p_W_2t_TPM
137660_South_Shetlands      19.95      6.28    0.73382      0.524958      0.489812      0.331832      0.663664
W6511/11_pup             19.64      6.10    0.71912      0.182788      0.116142      0.014315      0.028630
A1065_Bouvetoya          20.00      5.69    0.71269      0.043048      0.006489      0.001827      0.003653
CI21_Crozet              19.95      6.18    0.72203      0.167979      0.165954      0.028419      0.056839
MI2267_Macquarie         19.44      5.36    0.70457      0.042078      0.028725      0.012649      0.025299
Population              mean_N    mean_k    mean_He    p_sign_TPM    p_stdv_TPM    p_W_1t_TPM    p_W_2t_TPM
137709_South_Shetlands      19.74      5.97    0.72184      0.565711      0.188986      0.092369      0.184738
W6542/42_pup             19.95      5.95    0.71105      0.316398      0.395598      0.141450      0.282901
2272_Bouvetoya           19.95      5.67    0.71193      0.133114      0.081577      0.037124      0.074247
MIAGM13124_Marion_island      19.85      6.21    0.73137      0.430643      0.148774      0.045069      0.090139
MI1663_Macquarie         19.69      5.51    0.69060      0.139992      0.423774      0.447863      0.895725
Population              mean_N    mean_k    mean_He    p_sign_TPM    p_stdv_TPM    p_W_1t_TPM    p_W_2t_TPM
137709_South_Shetlands      19.95      6.21    0.72336      0.567146      0.356413      0.099554      0.199107
W6186/T3_pup             19.69      6.03    0.71149      0.532602      0.118936      0.050259      0.100519
A1034_Bouvetoya          19.90      5.92    0.71552      0.359738      0.042829      0.017857      0.035713
CI21_Crozet              19.85      6.15    0.73646      0.070065      0.032980      0.003270      0.006540
MI2261_Macquarie         19.85      5.67    0.69086      0.520138      0.354321      0.076709      0.153418
Population              mean_N    mean_k    mean_He    p_sign_TPM    p_stdv_TPM    p_W_1t_TPM    p_W_2t_TPM
137711_South_Shetlands      19.49      6.41    0.73599      0.422636      0.210272      0.056962      0.113925
W6536                    19.85      6.00    0.74362      0.006505      0.020008      0.000862      0.001725
2271_Bouvetoya           19.95      5.54    0.71259      0.002934      0.001966      0.000122      0.000245
CI20_Crozet              19.85      5.95    0.72284      0.526301      0.133057      0.075056      0.150111
MI2260_Macquarie         19.85      5.49    0.70104      0.043105      0.131443      0.024734      0.049468
Population              mean_N    mean_k    mean_He    p_sign_TPM    p_stdv_TPM    p_W_1t_TPM    p_W_2t_TPM
137716_South_Shetlands      19.64      6.31    0.71767      0.214699      0.417760      0.297472      0.594945
W6537                    19.95      5.77    0.71851      0.015476      0.047666      0.008785      0.017571
A1016_Bouvetoya          19.95      5.97    0.71146      0.138568      0.139593      0.059056      0.118111
CI30_Crozet              19.95      6.15    0.71423      0.217613      0.475293      0.331832      0.663664
MI2262_Macquarie         19.85      5.10    0.67781      0.294662      0.259224      0.087792      0.175584
Population              mean_N    mean_k    mean_He    p_sign_TPM    p_stdv_TPM    p_W_1t_TPM    p_W_2t_TPM
137716_South_Shetlands      19.64      6.13    0.73967      0.221894      0.108633      0.038689      0.077379
W9164_mum                19.90      5.79    0.71226      0.294878      0.263485      0.104560      0.209119
A1082_Bouvetoya          19.64      5.90    0.71159      0.143267      0.359038      0.052419      0.104837
CI5_Crozet               19.85      6.08    0.72843      0.019270      0.020501      0.001139      0.002279
MI2251_Macquarie         19.90      5.41    0.68852      0.154786      0.146703      0.066318      0.132635
Population              mean_N    mean_k    mean_He    p_sign_TPM    p_stdv_TPM    p_W_1t_TPM    p_W_2t_TPM
137692_South_Shetlands      19.90      6.56    0.74488      0.449614      0.399119      0.193615      0.387231
W6516/16_pup             19.85      6.03    0.72284      0.531032      0.065545      0.015544      0.031088
BI18_Bouvetoya           19.95      5.64    0.70811      0.014747      0.003733      0.002299      0.004598
MIAGM13140_Marion_island      19.79      6.15    0.72996      0.271544      0.203424      0.075056      0.150111
MI2262_Macquarie         19.74      5.67    0.70935      0.526725      0.426401      0.193615      0.387231
Population              mean_N    mean_k    mean_He    p_sign_TPM    p_stdv_TPM    p_W_1t_TPM    p_W_2t_TPM
137716_South_Shetlands      19.85      6.54    0.74256      0.545085      0.300772      0.161078      0.322156
W9163_mum                19.64      5.85    0.69561      0.252051      0.274166      0.629214      0.752440
A1090_Bouvetoya          19.85      5.59    0.70534      0.040150      0.019241      0.004169      0.008338
MIAGM13123_Marion_island      19.85      6.10    0.73463      0.313461      0.206134      0.090060      0.180119
MI2252_Macquarie         19.54      5.18    0.68878      0.217687      0.113095      0.034770      0.069541
Population              mean_N    mean_k    mean_He    p_sign_TPM    p_stdv_TPM    p_W_1t_TPM    p_W_2t_TPM
137715_South_Shetlands      19.79      6.21    0.73600      0.024696      0.107972      0.023752      0.047505
W9175_pup                19.85      5.97    0.71771      0.014004      0.035584      0.001410      0.002819
A1075_Bouvetoya          19.69      6.21    0.73627      0.043716      0.030231      0.000968      0.001936
MIAGM13142_Marion_island      19.90      5.97    0.72843      0.062667      0.023102      0.002983      0.005966
MI1666_Macquarie         19.38      5.31    0.68299      0.276854      0.235035      0.157692      0.315383
Population              mean_N    mean_k    mean_He    p_sign_TPM    p_stdv_TPM    p_W_1t_TPM    p_W_2t_TPM
137684_South_Shetlands      19.79      6.26    0.72251      0.146858      0.486564      0.102190      0.204380
W6701_pup                19.74      6.15    0.72289      0.416905      0.457473      0.229779      0.459558
BI10_Bouvetoya           19.90      6.00    0.72841      0.067210      0.039710      0.016718      0.033436
CI31_Crozet              19.59      6.08    0.73013      0.159046      0.205090      0.062607      0.125213
MI2252_Macquarie         19.95      5.54    0.69585      0.079764      0.099996      0.062607      0.125213
Population              mean_N    mean_k    mean_He    p_sign_TPM    p_stdv_TPM    p_W_1t_TPM    p_W_2t_TPM
137715_South_Shetlands      19.79      6.36    0.74060      0.101498      0.095373      0.029030      0.058060
W5737/38_FWB_pup         19.85      6.13    0.73698      0.027339      0.024748      0.001121      0.002242
BI2_Bouvetoya            19.69      5.54    0.70440      0.119442      0.036777      0.004808      0.009616
MIAGM13140_Marion_island      19.79      5.92    0.72719      0.397032      0.218943      0.049277      0.098554
MI2261_Macquarie         19.79      5.36    0.69586      0.072719      0.138516      0.015356      0.030713
Population              mean_N    mean_k    mean_He    p_sign_TPM    p_stdv_TPM    p_W_1t_TPM    p_W_2t_TPM
137712_South_Shetlands      19.64      6.44    0.74004      0.210649      0.302011      0.046439      0.092879
W9135_mum                19.85      6.31    0.73495      0.453147      0.147935      0.112987      0.225975
A1086_Bouvetoya          19.90      5.72    0.70124      0.066762      0.146714      0.010356      0.020712
CI24_Crozet              19.69      5.72    0.71619      0.108123      0.047717      0.006305      0.012611
MI2260_Macquarie         19.79      5.51    0.69204      0.466123      0.350673      0.205275      0.410550
Population              mean_N    mean_k    mean_He    p_sign_TPM    p_stdv_TPM    p_W_1t_TPM    p_W_2t_TPM
137720_South_Shetlands      19.85      6.23    0.72768      0.535526      0.479964      0.225587      0.451174
W9169_mum                19.95      6.08    0.71744      0.220258      0.467178      0.519255      0.972488
BI23_Bouvetoya           20.00      5.85    0.71916      0.501286      0.179356      0.107493      0.214987
CI39_Crozet              19.90      5.92    0.70437      0.365630      0.291601      0.186376      0.372752
MI2270_Macquarie         19.44      5.56    0.70141      0.294376      0.283539      0.176899      0.353798
Population              mean_N    mean_k    mean_He    p_sign_TPM    p_stdv_TPM    p_W_1t_TPM    p_W_2t_TPM
137719_South_Shetlands      20.00      6.31    0.73252      0.138746      0.351117      0.092369      0.184738
W9134_mum                19.90      5.85    0.70658      0.418281      0.139386      0.037422      0.074843
A1066_Bouvetoya          19.95      6.03    0.73120      0.060868      0.060517      0.003422      0.006844
CI1_Crozet               19.90      6.05    0.71938      0.434507      0.063718      0.021449      0.042898
MI2267_Macquarie         19.79      5.49    0.70317      0.251032      0.106091      0.102190      0.204380
Population              mean_N    mean_k    mean_He    p_sign_TPM    p_stdv_TPM    p_W_1t_TPM    p_W_2t_TPM
137702_South_Shetlands      19.69      5.92    0.72018      0.235306      0.167210      0.033049      0.066098
W6539                    19.90      5.85    0.71367      0.127699      0.320964      0.081240      0.162480
A1008_Bouvetoya          19.90      5.44    0.71029      0.018672      0.005119      0.000171      0.000341
CI22_Crozet              19.79      6.13    0.72526      0.510451      0.340775      0.140118      0.280235
MI1082_Macquarie         19.18      5.13    0.70542      0.026216      0.012450      0.017332      0.034665
Population              mean_N    mean_k    mean_He    p_sign_TPM    p_stdv_TPM    p_W_1t_TPM    p_W_2t_TPM
137716_South_Shetlands      19.95      6.18    0.72352      0.418561      0.371914      0.426121      0.852241
W9164_pup                19.90      6.05    0.72337      0.046379      0.295865      0.034770      0.069541
2234_Bouvetoya           19.85      5.69    0.70712      0.195969      0.105104      0.048683      0.097367
CI20_Crozet              19.85      5.97    0.73204      0.061514      0.035634      0.003746      0.007492
MI2260_Macquarie         19.54      5.46    0.69706      0.161194      0.126956      0.036173      0.072347
Population              mean_N    mean_k    mean_He    p_sign_TPM    p_stdv_TPM    p_W_1t_TPM    p_W_2t_TPM
137696_South_Shetlands      19.69      6.26    0.72743      0.130174      0.484277      0.357273      0.714546
W6504                    19.85      5.90    0.71414      0.046082      0.073605      0.015952      0.031905
BI21_Bouvetoya           19.90      5.74    0.69887      0.242046      0.258445      0.082835      0.165670
CI32_Crozet              19.85      6.18    0.72758      0.294845      0.138808      0.060283      0.120565
MI2264_Macquarie         20.00      5.51    0.68057      0.450269      0.343788      0.098462      0.196924
Population              mean_N    mean_k    mean_He    p_sign_TPM    p_stdv_TPM    p_W_1t_TPM    p_W_2t_TPM
137718_South_Shetlands      19.69      6.36    0.73366      0.567493      0.205966      0.442410      0.884820
W9171_mum                19.85      6.28    0.73637      0.168305      0.114014      0.027459      0.054917
A1100_Bouvetoya          19.85      5.92    0.72536      0.158326      0.033078      0.005978      0.011955
CI40_Crozet              19.85      6.10    0.73153      0.440791      0.060320      0.014983      0.029967
MI1667_Macquarie         19.74      5.51    0.70118      0.393582      0.352865      0.132257      0.264514
Population              mean_N    mean_k    mean_He    p_sign_TPM    p_stdv_TPM    p_W_1t_TPM    p_W_2t_TPM
137722_South_Shetlands      19.64      6.08    0.72912      0.075178      0.106062      0.014440      0.028879
W9164_pup                19.95      6.05    0.72462      0.069880      0.134846      0.043731      0.087463
A1092_Bouvetoya          19.69      5.62    0.70970      0.079254      0.032991      0.024734      0.049468
CI1_Crozet               19.79      6.08    0.74369      0.012678      0.003059      0.000125      0.000250
MI1606_Macquarie         19.95      5.31    0.68243      0.225205      0.305633      0.110216      0.220433
Population              mean_N    mean_k    mean_He    p_sign_TPM    p_stdv_TPM    p_W_1t_TPM    p_W_2t_TPM
137690_South_Shetlands      19.69      6.00    0.73061      0.411893      0.184063      0.049277      0.098554
W9177_mum                19.54      6.10    0.72463      0.116725      0.035626      0.004168      0.008336
BI21_Bouvetoya           19.90      5.56    0.72229      0.071525      0.003153      0.001181      0.002361
MIAGM13143_Marion_island      19.85      5.97    0.71742      0.080172      0.019343      0.003459      0.006918
MI2264_Macquarie         19.64      5.41    0.69263      0.259896      0.385827      0.240836      0.481672
Population              mean_N    mean_k    mean_He    p_sign_TPM    p_stdv_TPM    p_W_1t_TPM    p_W_2t_TPM
137708_South_Shetlands      19.95      6.49    0.73109      0.278163      0.048622      0.579283      0.852241
W6552                    20.00      6.15    0.73077      0.318456      0.196696      0.044952      0.089904
A1037_Bouvetoya          20.00      5.79    0.71835      0.358452      0.472862      0.130632      0.261265
MIAGM13063_Marion_island      19.79      6.13    0.72972      0.025217      0.033286      0.013913      0.027825
MI2246_Macquarie         19.85      5.41    0.69795      0.011895      0.204106      0.028090      0.056179
Population              mean_N    mean_k    mean_He    p_sign_TPM    p_stdv_TPM    p_W_1t_TPM    p_W_2t_TPM
137712_South_Shetlands      19.64      6.05    0.72249      0.065645      0.327170      0.094721      0.189442
W6513/13                 19.85      6.05    0.71795      0.531408      0.383423      0.246964      0.493928
A1040_Bouvetoya          19.79      5.41    0.69707      0.054171      0.036670      0.023752      0.047505
MIAGM13122_Marion_island      20.00      6.00    0.72011      0.156101      0.350281      0.039602      0.079205
MI1609_Macquarie         19.64      5.51    0.69956      0.513827      0.049183      0.021131      0.042262
Population              mean_N    mean_k    mean_He    p_sign_TPM    p_stdv_TPM    p_W_1t_TPM    p_W_2t_TPM
137709_South_Shetlands      20.00      6.28    0.73104      0.038787      0.021026      0.001854      0.003708
W6538/38_FWB_pup         19.90      5.82    0.69957      0.193692      0.232834      0.120638      0.241276
BI18_Bouvetoya           19.90      5.77    0.70844      0.447870      0.097270      0.045647      0.091294
CI25_Crozet              19.64      6.15    0.73445      0.036850      0.003158      0.000114      0.000229
MI2253_Macquarie         19.79      5.54    0.68549      0.347899      0.401550      0.169188      0.338376
Population              mean_N    mean_k    mean_He    p_sign_TPM    p_stdv_TPM    p_W_1t_TPM    p_W_2t_TPM
137704_South_Shetlands      19.49      5.95    0.71836      0.268033      0.402860      0.246964      0.493928
W6536                    19.74      6.05    0.71045      0.217543      0.099355      0.033639      0.067279
BI5_Bouvetoya            19.95      5.59    0.70113      0.454141      0.292109      0.182360      0.364720
MIAGM13142_Marion_island      20.00      6.28    0.72969      0.297984      0.152282      0.094721      0.189442
MI1685_Macquarie         19.90      5.46    0.68776      0.227808      0.162233      0.072192      0.144384
Population              mean_N    mean_k    mean_He    p_sign_TPM    p_stdv_TPM    p_W_1t_TPM    p_W_2t_TPM
137722_South_Shetlands      20.00      5.87    0.71673      0.122937      0.112011      0.036348      0.072695
W6520/20                 19.79      5.85    0.72647      0.201839      0.079989      0.029995      0.059991
A1100_Bouvetoya          19.79      5.90    0.72972      0.007392      0.004411      0.001565      0.003130
CI20_Crozet              19.79      6.05    0.72247      0.083254      0.078965      0.017857      0.035713
MI2267_Macquarie         19.54      5.56    0.69882      0.549992      0.302473      0.165413      0.330826
Population              mean_N    mean_k    mean_He    p_sign_TPM    p_stdv_TPM    p_W_1t_TPM    p_W_2t_TPM
137715_South_Shetlands      19.69      5.85    0.70327      0.347519      0.434667      0.229779      0.459558
W6530/30                 19.90      6.21    0.72289      0.422587      0.299377      0.217332      0.434664
A1055_Bouvetoya          19.79      5.87    0.70909      0.229472      0.079730      0.009543      0.019087
CI25_Crozet              19.90      6.08    0.72679      0.158096      0.079943      0.019946      0.039893
MI2267_Macquarie         19.69      5.59    0.70003      0.438443      0.430521      0.312005      0.624010
Population              mean_N    mean_k    mean_He    p_sign_TPM    p_stdv_TPM    p_W_1t_TPM    p_W_2t_TPM
137708_South_Shetlands      19.74      6.36    0.72946      0.347084      0.480148      0.144607      0.289213
ATF08                    19.95      6.10    0.70969      0.129711      0.223883      0.143378      0.286757
A1083_Bouvetoya          19.85      5.95    0.72348      0.027557      0.005397      0.001341      0.002681
CI34_Crozet              20.00      6.13    0.72915      0.062497      0.073621      0.016718      0.033436
MI2255_Macquarie         19.90      5.10    0.67675      0.333051      0.209606      0.046374      0.092749
Population              mean_N    mean_k    mean_He    p_sign_TPM    p_stdv_TPM    p_W_1t_TPM    p_W_2t_TPM
137687_South_Shetlands      19.74      6.49    0.73555      0.527792      0.351373      0.326829      0.653658
W6547                    19.54      5.95    0.72605      0.001621      0.003174      0.000023      0.000046
A1084_Bouvetoya          19.90      5.74    0.69753      0.473160      0.141449      0.070192      0.140385
MIAGM13108_Marion_island      20.00      6.21    0.72227      0.555474      0.449051      0.225587      0.451174
MI2249_Macquarie         19.79      5.72    0.70466      0.040529      0.340825      0.059056      0.118111
Population              mean_N    mean_k    mean_He    p_sign_TPM    p_stdv_TPM    p_W_1t_TPM    p_W_2t_TPM
137689_South_Shetlands      19.79      6.28    0.73097      0.369877      0.125595      0.021449      0.042898
W5509/10                 19.64      5.74    0.70441      0.427848      0.106842      0.048898      0.097796
A1067_Bouvetoya          19.95      6.03    0.71171      0.402845      0.450352      0.367633      0.735266
CI23_Crozet              19.90      6.05    0.71646      0.101232      0.046315      0.010288      0.020576
MI1638_Macquarie         19.74      5.41    0.69173      0.229367      0.306849      0.085095      0.170191
Population              mean_N    mean_k    mean_He    p_sign_TPM    p_stdv_TPM    p_W_1t_TPM    p_W_2t_TPM
137674_South_Shetlands      19.90      6.23    0.72873      0.541048      0.334073      0.144607      0.289213
W9172_mum                19.79      6.38    0.73798      0.272163      0.145649      0.012159      0.024319
A1049_Bouvetoya          19.90      5.82    0.71102      0.221182      0.164593      0.050746      0.101491
MIAGM13108_Marion_island      20.00      6.15    0.72159      0.061084      0.079178      0.026283      0.052567
MI1669_Macquarie         19.74      5.23    0.68640      0.186342      0.324068      0.092369      0.184738
Population              mean_N    mean_k    mean_He    p_sign_TPM    p_stdv_TPM    p_W_1t_TPM    p_W_2t_TPM
137723_South_Shetlands      19.79      6.00    0.72458      0.421043      0.319163      0.129284      0.258568
W9168_mum                19.79      5.77    0.71916      0.324040      0.366412      0.092369      0.184738
A1032_Bouvetoya          19.74      5.59    0.70692      0.260952      0.148094      0.046439      0.092879
CI23_Crozet              19.95      6.08    0.71457      0.555613      0.291055      0.205275      0.410550
MI2253_Macquarie         19.85      5.46    0.67684      0.232674      0.363599      0.312869      0.625738
Population              mean_N    mean_k    mean_He    p_sign_TPM    p_stdv_TPM    p_W_1t_TPM    p_W_2t_TPM
137717_South_Shetlands      19.95      5.95    0.71570      0.064922      0.244626      0.071132      0.142264
W9171_mum                19.74      6.36    0.72491      0.328502      0.289288      0.426121      0.852241
A1057_Bouvetoya          19.90      5.87    0.71329      0.058202      0.220974      0.015506      0.031013
CI40_Crozet              19.59      6.13    0.73077      0.179407      0.085625      0.006853      0.013707
MI2264_Macquarie         19.90      5.64    0.70926      0.164715      0.190367      0.018617      0.037235
Population              mean_N    mean_k    mean_He    p_sign_TPM    p_stdv_TPM    p_W_1t_TPM    p_W_2t_TPM
137709_South_Shetlands      19.69      6.05    0.71932      0.017836      0.033176      0.002126      0.004252
W9169_pup                19.79      6.23    0.73573      0.195414      0.179664      0.067364      0.134728
BI24_Bouvetoya           19.69      6.08    0.72239      0.123677      0.314065      0.112398      0.224797
MIAGM13138_Marion_island      20.00      6.13    0.71323      0.381449      0.492312      0.249904      0.499808
MI2260_Macquarie         19.79      5.38    0.69272      0.409071      0.359097      0.083383      0.166766
Population              mean_N    mean_k    mean_He    p_sign_TPM    p_stdv_TPM    p_W_1t_TPM    p_W_2t_TPM
137704_South_Shetlands      19.79      6.10    0.72243      0.143938      0.123922      0.008079      0.016159
ATF45                    19.90      6.13    0.71656      0.428528      0.411850      0.331832      0.663664
BI16_Bouvetoya           19.90      5.67    0.71525      0.049824      0.057131      0.007745      0.015490
CI38_Crozet              20.00      6.21    0.72362      0.562893      0.301691      0.147809      0.295618
MI2265_Macquarie         19.79      5.38    0.69970      0.080515      0.206415      0.039602      0.079205
Population              mean_N    mean_k    mean_He    p_sign_TPM    p_stdv_TPM    p_W_1t_TPM    p_W_2t_TPM
137672_South_Shetlands      19.90      6.21    0.73668      0.058769      0.010991      0.007442      0.014884
W6506                    19.74      6.13    0.72532      0.198845      0.406275      0.331832      0.663664
A1038_Bouvetoya          19.95      5.77    0.69759      0.488615      0.483980      0.312869      0.625738
CI31_Crozet              19.95      5.87    0.72460      0.017822      0.017465      0.000733      0.001466
MI1529_Macquarie         19.69      5.26    0.69155      0.334216      0.102651      0.029407      0.058814
Population              mean_N    mean_k    mean_He    p_sign_TPM    p_stdv_TPM    p_W_1t_TPM    p_W_2t_TPM
137650_South_Shetlands      19.95      6.03    0.72429      0.529566      0.499791      0.193615      0.387231
W9164_pup                19.69      5.92    0.72927      0.110114      0.040144      0.007752      0.015505
A1093_Bouvetoya          19.74      5.69    0.72074      0.064598      0.016610      0.001947      0.003894
CI31_Crozet              19.85      6.10    0.73574      0.019986      0.012326      0.000618      0.001236
MI1664_Macquarie         19.90      5.46    0.69905      0.416811      0.431221      0.442410      0.884820
Population              mean_N    mean_k    mean_He    p_sign_TPM    p_stdv_TPM    p_W_1t_TPM    p_W_2t_TPM
137704_South_Shetlands      19.74      6.08    0.72937      0.331764      0.264432      0.102035      0.204070
W9161_pup                19.90      6.03    0.72868      0.242202      0.043756      0.006812      0.013624
BI23_Bouvetoya           19.85      5.87    0.70795      0.198967      0.253634      0.130615      0.261230
CI32_Crozet              19.90      5.92    0.72254      0.031271      0.102712      0.022955      0.045909
MI2251_Macquarie         19.59      5.26    0.68964      0.204031      0.008515      0.004169      0.008338
Population              mean_N    mean_k    mean_He    p_sign_TPM    p_stdv_TPM    p_W_1t_TPM    p_W_2t_TPM
137719_South_Shetlands      19.85      6.00    0.72343      0.300611      0.062537      0.022179      0.044358
W6538/38_FWB_pup         19.74      5.67    0.71836      0.017948      0.012067      0.003981      0.007961
A1032_Bouvetoya          19.95      5.85    0.69930      0.129241      0.304644      0.094587      0.189174
CI39_Crozet              19.54      6.08    0.70936      0.407257      0.221340      0.107128      0.214257
MI2253_Macquarie         19.79      5.54    0.68009      0.138626      0.122462      0.712045      0.585392
Population              mean_N    mean_k    mean_He    p_sign_TPM    p_stdv_TPM    p_W_1t_TPM    p_W_2t_TPM
137714_South_Shetlands      20.00      6.10    0.72767      0.553403      0.236213      0.186067      0.372133
W6542/42                 19.59      5.87    0.72277      0.562890      0.112356      0.045069      0.090139
BI25_Bouvetoya           20.00      5.72    0.71093      0.148832      0.022955      0.012159      0.024319
MIAGM13134_Marion_island      19.95      6.13    0.72053      0.127800      0.034818      0.009158      0.018315
MI2270_Macquarie         19.79      5.72    0.70108      0.221562      0.234033      0.133745      0.267489
Population              mean_N    mean_k    mean_He    p_sign_TPM    p_stdv_TPM    p_W_1t_TPM    p_W_2t_TPM
137681_South_Shetlands      19.85      6.23    0.72730      0.068003      0.356545      0.033049      0.066098
W9173_pup                19.90      6.05    0.71706      0.138505      0.151004      0.087400      0.174800
A1090_Bouvetoya          19.74      5.79    0.70565      0.532867      0.197597      0.144607      0.289213
MIAGM13138_Marion_island      20.00      6.08    0.73050      0.192912      0.014144      0.009475      0.018950
MI2258_Macquarie         19.90      5.51    0.68863      0.096142      0.133937      0.013201      0.026403
Population              mean_N    mean_k    mean_He    p_sign_TPM    p_stdv_TPM    p_W_1t_TPM    p_W_2t_TPM
137674_South_Shetlands      19.95      6.49    0.73367      0.383994      0.253986      0.092146      0.184292
W6512/12_pup             19.85      6.08    0.71469      0.546249      0.496129      0.341925      0.683851
A1054_Bouvetoya          19.85      5.54    0.69886      0.043885      0.130118      0.017857      0.035713
CI5_Crozet               19.85      6.28    0.73451      0.177839      0.259765      0.043731      0.087463
MI2252_Macquarie         19.74      5.72    0.69214      0.275425      0.191640      0.205552      0.411105
Population              mean_N    mean_k    mean_He    p_sign_TPM    p_stdv_TPM    p_W_1t_TPM    p_W_2t_TPM
137718_South_Shetlands      19.79      6.38    0.74300      0.320954      0.487834      0.234013      0.468025
ATP20                    19.85      5.90    0.70906      0.296756      0.214888      0.075056      0.150111
BI1_Bouvetoya            19.74      5.97    0.71803      0.276473      0.268070      0.223238      0.446475
MIAGM13137_Marion_island      20.00      6.23    0.72389      0.447021      0.395696      0.264798      0.529596
MI1680_Macquarie         19.54      5.33    0.70812      0.040331      0.003693      0.000733      0.001466
Population              mean_N    mean_k    mean_He    p_sign_TPM    p_stdv_TPM    p_W_1t_TPM    p_W_2t_TPM
137717_South_Shetlands      19.79      6.10    0.72378      0.439342      0.400915      0.090060      0.180119
W9173_pup                19.95      6.05    0.73878      0.016446      0.039136      0.001308      0.002615
A1079_Bouvetoya          19.90      5.74    0.72473      0.287107      0.035864      0.004882      0.009763
CI40_Crozet              19.95      6.18    0.72752      0.323795      0.146004      0.104560      0.209119
MI1675_Macquarie         19.69      5.82    0.70933      0.035605      0.058959      0.033639      0.067279
Population              mean_N    mean_k    mean_He    p_sign_TPM    p_stdv_TPM    p_W_1t_TPM    p_W_2t_TPM
137668_South_Shetlands      19.64      6.08    0.71950      0.415040      0.493451      0.209250      0.418500
W6754                    19.79      5.85    0.72611      0.010867      0.014830      0.001376      0.002752
A1091_Bouvetoya          19.95      5.67    0.71215      0.182918      0.029473      0.011192      0.022383
MIAGM13139_Marion_island      19.95      5.92    0.71585      0.351154      0.014904      0.001560      0.003120
MI2264_Macquarie         19.90      5.33    0.67860      0.381578      0.375511      0.471436      0.942872
Population              mean_N    mean_k    mean_He    p_sign_TPM    p_stdv_TPM    p_W_1t_TPM    p_W_2t_TPM
137722_South_Shetlands      19.74      6.28    0.73076      0.319635      0.201042      0.065537      0.131075
W9167_mum                19.85      6.18    0.71279      0.357776      0.392155      0.378088      0.756177
BI7_Bouvetoya            19.90      5.67    0.70556      0.310008      0.094954      0.062425      0.124850
CI40_Crozet              20.00      5.87    0.71984      0.058073      0.019912      0.009856      0.019713
MI1688_Macquarie         19.59      5.46    0.70361      0.078848      0.118869      0.052419      0.104837
Population              mean_N    mean_k    mean_He    p_sign_TPM    p_stdv_TPM    p_W_1t_TPM    p_W_2t_TPM
137679_South_Shetlands      19.95      6.21    0.72382      0.512974      0.283850      0.121590      0.243181
W6539                    19.90      6.03    0.71458      0.547303      0.357483      0.269355      0.538709
A1062_Bouvetoya          19.95      6.00    0.72192      0.178738      0.246554      0.083383      0.166766
CI38_Crozet              19.90      6.23    0.72145      0.148284      0.101467      0.043564      0.087128
MI2269_Macquarie         19.64      5.72    0.69854      0.358550      0.488384      0.393934      0.787868
Population              mean_N    mean_k    mean_He    p_sign_TPM    p_stdv_TPM    p_W_1t_TPM    p_W_2t_TPM
137722_South_Shetlands      19.85      6.38    0.73860      0.115155      0.063436      0.019980      0.039961
W9134_mum                19.85      6.10    0.71895      0.174269      0.241685      0.064442      0.128884
A1029_Bouvetoya          19.90      5.74    0.70641      0.119115      0.040127      0.007939      0.015879
CI39_Crozet              19.79      6.26    0.72271      0.268732      0.330614      0.068234      0.136468
MI2264_Macquarie         19.79      5.33    0.67335      0.527933      0.334317      0.280265      0.560531
Population              mean_N    mean_k    mean_He    p_sign_TPM    p_stdv_TPM    p_W_1t_TPM    p_W_2t_TPM
137712_South_Shetlands      19.74      6.46    0.73517      0.088545      0.251005      0.018617      0.037235
W9161_pup                19.74      6.08    0.71528      0.469580      0.286268      0.153458      0.306917
BI8_Bouvetoya            19.85      5.51    0.69511      0.158980      0.061514      0.008785      0.017571
CI34_Crozet              19.74      6.18    0.73958      0.032047      0.049716      0.011079      0.022158
MI2249_Macquarie         19.64      5.18    0.69055      0.271385      0.039266      0.013913      0.027825
Population              mean_N    mean_k    mean_He    p_sign_TPM    p_stdv_TPM    p_W_1t_TPM    p_W_2t_TPM
137708_South_Shetlands      19.95      6.44    0.74406      0.131658      0.147032      0.052248      0.104496
W9166_pup                19.69      6.08    0.73164      0.095148      0.021260      0.008785      0.017571
A1061_Bouvetoya          19.90      5.95    0.72223      0.209364      0.178530      0.090060      0.180119
CI38_Crozet              19.95      6.13    0.72707      0.123605      0.143958      0.039904      0.079809
MI2249_Macquarie         19.64      5.41    0.68921      0.178054      0.056126      0.037422      0.074843
Population              mean_N    mean_k    mean_He    p_sign_TPM    p_stdv_TPM    p_W_1t_TPM    p_W_2t_TPM
137712_South_Shetlands      19.74      6.26    0.74004      0.317518      0.167735      0.075056      0.150111
W6510/10_pup             19.74      6.21    0.73715      0.221733      0.050123      0.022179      0.044358
A1097_Bouvetoya          20.00      5.79    0.70391      0.442568      0.278745      0.205552      0.411105
MIAGM13114_Marion_island      20.00      6.23    0.72281      0.400457      0.294667      0.104560      0.209119
MI2256_Macquarie         19.90      5.28    0.69040      0.109867      0.087872      0.071132      0.142264
Population              mean_N    mean_k    mean_He    p_sign_TPM    p_stdv_TPM    p_W_1t_TPM    p_W_2t_TPM
137721_South_Shetlands      19.95      6.03    0.72860      0.313355      0.072876      0.011964      0.023927
W6523/23                 19.95      5.97    0.71907      0.249454      0.227555      0.062607      0.125213
A1081_Bouvetoya          19.85      5.90    0.71991      0.006887      0.016642      0.001922      0.003844
CI25_Crozet              19.90      6.03    0.72509      0.491939      0.159962      0.064442      0.128884
MI2264_Macquarie         19.95      5.46    0.69305      0.189244      0.408011      0.189818      0.379637
Population              mean_N    mean_k    mean_He    p_sign_TPM    p_stdv_TPM    p_W_1t_TPM    p_W_2t_TPM
137723_South_Shetlands      19.90      6.44    0.74981      0.001378      0.011421      0.000499      0.000997
W6546                    19.79      5.95    0.72624      0.143799      0.018429      0.000820      0.001640
BI6_Bouvetoya            19.85      5.74    0.70477      0.110179      0.138248      0.055356      0.110712
CI29_Crozet              19.74      6.15    0.72876      0.147700      0.039567      0.006245      0.012491
MI2270_Macquarie         19.85      5.36    0.70173      0.017125      0.015532      0.007423      0.014845
Population              mean_N    mean_k    mean_He    p_sign_TPM    p_stdv_TPM    p_W_1t_TPM    p_W_2t_TPM
137712_South_Shetlands      19.59      5.97    0.73435      0.012026      0.015878      0.006305      0.012611
W9170_mum                19.90      6.08    0.74182      0.220540      0.036295      0.009475      0.018950
A1098_Bouvetoya          19.74      5.85    0.72490      0.016740      0.039470      0.000333      0.000667
CI1_Crozet               19.95      5.97    0.72098      0.279886      0.026272      0.002670      0.005340
MI1675_Macquarie         19.79      5.49    0.68604      0.340208      0.366107      0.099609      0.199218
Population              mean_N    mean_k    mean_He    p_sign_TPM    p_stdv_TPM    p_W_1t_TPM    p_W_2t_TPM
137722_South_Shetlands      19.79      6.41    0.75262      0.338657      0.186227      0.117847      0.235693
W9134_pup                19.74      6.05    0.72471      0.084799      0.126277      0.030422      0.060845
2270_Bouvetoya           19.95      5.90    0.71087      0.135034      0.110334      0.028419      0.056839
CI38_Crozet              19.90      5.87    0.71278      0.148222      0.160722      0.059056      0.118111
MI1663_Macquarie         19.79      5.21    0.67607      0.223414      0.174702      0.104818      0.209636
Population              mean_N    mean_k    mean_He    p_sign_TPM    p_stdv_TPM    p_W_1t_TPM    p_W_2t_TPM
137723_South_Shetlands      19.90      6.31    0.72913      0.124567      0.469234      0.144607      0.289213
Y/B144/45                19.79      5.92    0.72428      0.074798      0.093876      0.046439      0.092879
A1033_Bouvetoya          19.85      5.69    0.71736      0.420642      0.076496      0.020692      0.041384
CI22_Crozet              19.95      6.03    0.70958      0.526974      0.357898      0.251363      0.502726
MI2251_Macquarie         19.85      5.08    0.66812      0.440245      0.173824      0.068234      0.136468
Population              mean_N    mean_k    mean_He    p_sign_TPM    p_stdv_TPM    p_W_1t_TPM    p_W_2t_TPM
137688_South_Shetlands      19.95      6.51    0.75056      0.278813      0.084419      0.010658      0.021316
W9134_mum                19.74      5.97    0.71286      0.441424      0.438781      0.278581      0.557162
A1073_Bouvetoya          19.85      5.59    0.69849      0.222277      0.088825      0.015356      0.030713
CI24_Crozet              19.85      6.31    0.72566      0.268824      0.257560      0.164510      0.329021
MI2269_Macquarie         19.54      5.56    0.68363      0.231269      0.323319      0.447863      0.895725
Population              mean_N    mean_k    mean_He    p_sign_TPM    p_stdv_TPM    p_W_1t_TPM    p_W_2t_TPM
137722_South_Shetlands      20.00      6.13    0.72537      0.164135      0.088214      0.012159      0.024319
W6550                    19.74      6.05    0.71704      0.412626      0.359269      0.060562      0.121123
A1051_Bouvetoya          19.79      5.90    0.71176      0.451246      0.203154      0.099609      0.199218
CI25_Crozet              19.69      5.95    0.72016      0.142290      0.065517      0.003626      0.007252
MI2265_Macquarie         19.90      5.31    0.68447      0.078416      0.106129      0.030422      0.060845
Population              mean_N    mean_k    mean_He    p_sign_TPM    p_stdv_TPM    p_W_1t_TPM    p_W_2t_TPM
137704_South_Shetlands      19.90      6.38    0.74712      0.327514      0.405037      0.129284      0.258568
W9138_pup                19.79      6.05    0.74022      0.028337      0.010807      0.000528      0.001055
A1081_Bouvetoya          19.64      5.69    0.70757      0.349239      0.056392      0.019229      0.038457
CI5_Crozet               19.74      6.18    0.73433      0.315854      0.160965      0.047842      0.095683
MI2265_Macquarie         19.33      5.54    0.69320      0.441233      0.390674      0.186067      0.372133
Population              mean_N    mean_k    mean_He    p_sign_TPM    p_stdv_TPM    p_W_1t_TPM    p_W_2t_TPM
137708_South_Shetlands      19.79      6.23    0.72547      0.336130      0.318145      0.546675      0.917591
Y/B144/45                19.59      6.05    0.71436      0.460532      0.192871      0.367633      0.735266
A1051_Bouvetoya          19.74      5.74    0.71045      0.054726      0.088118      0.005040      0.010080
MIAGM13133_Marion_island      19.90      6.03    0.71899      0.137446      0.114439      0.042210      0.084421
MI1688_Macquarie         20.00      5.38    0.69217      0.413014      0.353627      0.151057      0.302114
Population              mean_N    mean_k    mean_He    p_sign_TPM    p_stdv_TPM    p_W_1t_TPM    p_W_2t_TPM
137717_South_Shetlands      19.95      6.10    0.71585      0.351751      0.278999      0.167989      0.335977
W6755                    19.85      5.97    0.70135      0.071930      0.031059      0.810182      0.387231
2261_Bouvetoya           19.64      5.74    0.70668      0.088876      0.054037      0.006523      0.013047
CI1_Crozet               20.00      6.03    0.70999      0.286286      0.373786      0.154410      0.308820
MI2269_Macquarie         19.59      5.21    0.69691      0.111795      0.078889      0.019289      0.038578
Population              mean_N    mean_k    mean_He    p_sign_TPM    p_stdv_TPM    p_W_1t_TPM    p_W_2t_TPM
137712_South_Shetlands      19.64      6.21    0.71171      0.490348      0.369072      0.414877      0.829754
W6541/41_pup             19.79      6.00    0.71717      0.517471      0.473590      0.260280      0.520561
A1074_Bouvetoya          19.74      5.67    0.71775      0.211746      0.108386      0.052248      0.104496
CI20_Crozet              19.95      6.03    0.71875      0.461416      0.289693      0.081240      0.162480
MI2265_Macquarie         19.90      5.21    0.67519      0.464589      0.320800      0.085095      0.170191
Population              mean_N    mean_k    mean_He    p_sign_TPM    p_stdv_TPM    p_W_1t_TPM    p_W_2t_TPM
137721_South_Shetlands      19.79      6.13    0.71957      0.456997      0.498784      0.246964      0.493928
W6552                    19.90      6.18    0.72715      0.538152      0.250162      0.052248      0.104496
A1066_Bouvetoya          19.90      5.62    0.69597      0.279860      0.102170      0.009860      0.019720
MIAGM13127_Marion_island      19.90      6.13    0.72480      0.084386      0.028738      0.003626      0.007252
MI2269_Macquarie         19.74      5.67    0.69928      0.442056      0.378756      0.378088      0.756177
Population              mean_N    mean_k    mean_He    p_sign_TPM    p_stdv_TPM    p_W_1t_TPM    p_W_2t_TPM
137706_South_Shetlands      19.95      6.51    0.74736      0.302865      0.212649      0.085567      0.171134
W6540/40_pup             19.74      5.79    0.71444      0.006922      0.052984      0.002592      0.005184
BI17_Bouvetoya           19.90      5.74    0.70238      0.162313      0.081847      0.007596      0.015193
CI5_Crozet               19.74      5.77    0.72992      0.013152      0.011275      0.000590      0.001179
MI2261_Macquarie         19.90      5.15    0.67648      0.100970      0.026749      0.010288      0.020576
Population              mean_N    mean_k    mean_He    p_sign_TPM    p_stdv_TPM    p_W_1t_TPM    p_W_2t_TPM
137714_South_Shetlands      19.95      5.97    0.72384      0.227407      0.173339      0.080619      0.161239
W9177_pup                19.74      6.05    0.72843      0.040306      0.007870      0.000461      0.000923
A1078_Bouvetoya          19.69      5.82    0.70084      0.117828      0.248318      0.120638      0.241276
CI23_Crozet              20.00      5.90    0.69703      0.344291      0.323832      0.089750      0.179501
MI2248_Macquarie         19.54      5.15    0.69083      0.194014      0.157296      0.063749      0.127497
Population              mean_N    mean_k    mean_He    p_sign_TPM    p_stdv_TPM    p_W_1t_TPM    p_W_2t_TPM
137707_South_Shetlands      19.64      6.46    0.73034      0.302144      0.428300      0.201344      0.402688
W9136_pup                19.90      6.36    0.73278      0.564574      0.282971      0.193615      0.387231
A1011_Bouvetoya          19.85      5.56    0.71575      0.059481      0.010520      0.002594      0.005187
CI27_Crozet              19.59      5.95    0.70565      0.455109      0.274153      0.076320      0.152639
MI2260_Macquarie         19.85      5.64    0.70012      0.400378      0.385975      0.307127      0.614255
Population              mean_N    mean_k    mean_He    p_sign_TPM    p_stdv_TPM    p_W_1t_TPM    p_W_2t_TPM
137723_South_Shetlands      19.79      6.15    0.73653      0.064901      0.243874      0.009856      0.019713
W04                      19.95      5.97    0.73380      0.208808      0.054498      0.011514      0.023028
BI2_Bouvetoya            19.95      5.74    0.70201      0.073368      0.045132      0.017857      0.035713
CI29_Crozet              19.85      5.82    0.72375      0.028863      0.020248      0.003270      0.006540
MI1680_Macquarie         19.74      5.51    0.71180      0.231624      0.065477      0.031466      0.062932
Population              mean_N    mean_k    mean_He    p_sign_TPM    p_stdv_TPM    p_W_1t_TPM    p_W_2t_TPM
137672_South_Shetlands      19.79      6.28    0.71972      0.547974      0.413729      0.214714      0.429428
W9137_mum                19.64      6.00    0.72478      0.535418      0.338891      0.097116      0.194231
A1085_Bouvetoya          19.69      5.56    0.69922      0.153344      0.193304      0.104818      0.209636
CI30_Crozet              19.90      6.05    0.72091      0.348214      0.289650      0.190280      0.380559
MI2248_Macquarie         20.00      5.31    0.68785      0.074998      0.268325      0.034770      0.069541
Population              mean_N    mean_k    mean_He    p_sign_TPM    p_stdv_TPM    p_W_1t_TPM    p_W_2t_TPM
137710_South_Shetlands      19.95      5.95    0.70126      0.134027      0.220111      0.112987      0.225975
W9175_pup                19.54      6.00    0.72664      0.545721      0.174139      0.022179      0.044358
A1069_Bouvetoya          20.00      5.77    0.69042      0.502979      0.284637      0.171252      0.342503
CI30_Crozet              19.74      6.00    0.73024      0.260174      0.027582      0.018532      0.037064
MI2256_Macquarie         19.95      5.36    0.68667      0.244775      0.128498      0.035932      0.071863
Population              mean_N    mean_k    mean_He    p_sign_TPM    p_stdv_TPM    p_W_1t_TPM    p_W_2t_TPM
137691_South_Shetlands      19.64      6.26    0.72740      0.366217      0.448079      0.156918      0.313835
W6532/32                 19.69      6.23    0.73177      0.417648      0.056517      0.026283      0.052567
BI1_Bouvetoya            19.90      5.77    0.71882      0.090375      0.019089      0.003299      0.006598
CI29_Crozet              19.95      6.03    0.71267      0.559993      0.126203      0.047146      0.094292
MI2252_Macquarie         19.59      5.46    0.70053      0.085633      0.084854      0.024734      0.049468
Population              mean_N    mean_k    mean_He    p_sign_TPM    p_stdv_TPM    p_W_1t_TPM    p_W_2t_TPM
137696_South_Shetlands      19.79      5.77    0.71398      0.101983      0.050025      0.015544      0.031088
W9166_mum                19.74      6.21    0.72675      0.305116      0.199056      0.060283      0.120565
A1087_Bouvetoya          19.85      5.41    0.69918      0.012764      0.014783      0.000530      0.001059
CI39_Crozet              19.69      5.72    0.68501      0.398208      0.377351      0.354637      0.709275
MI2264_Macquarie         19.33      5.36    0.68904      0.498491      0.385753      0.182521      0.365043
Population              mean_N    mean_k    mean_He    p_sign_TPM    p_stdv_TPM    p_W_1t_TPM    p_W_2t_TPM
137679_South_Shetlands      19.95      6.38    0.73082      0.321101      0.463156      0.255802      0.511604
W6551                    19.74      6.10    0.72585      0.390189      0.167339      0.059056      0.118111
A1076_Bouvetoya          19.90      5.82    0.72352      0.030419      0.033575      0.005098      0.010195
CI32_Crozet              19.74      6.00    0.72281      0.312695      0.109519      0.023752      0.047505
MI1646_Macquarie         19.79      5.49    0.70332      0.292500      0.201465      0.079138      0.158277
Population              mean_N    mean_k    mean_He    p_sign_TPM    p_stdv_TPM    p_W_1t_TPM    p_W_2t_TPM
137718_South_Shetlands      19.74      6.13    0.73131      0.433812      0.326598      0.097116      0.194231
AGP11197                 19.90      5.95    0.72222      0.010205      0.023354      0.003106      0.006212
A1084_Bouvetoya          19.85      5.79    0.71513      0.183587      0.040946      0.018617      0.037235
CI40_Crozet              19.85      6.21    0.73545      0.199016      0.153423      0.043731      0.087463
MI2254_Macquarie         19.49      5.44    0.68774      0.452617      0.407655      0.249904      0.499808
Population              mean_N    mean_k    mean_He    p_sign_TPM    p_stdv_TPM    p_W_1t_TPM    p_W_2t_TPM
137674_South_Shetlands      19.90      6.03    0.71341      0.464982      0.438022      0.359994      0.719987
W9175_mum                19.74      5.82    0.71670      0.063626      0.046432      0.006305      0.012611
2197_Bouvetoya           20.00      5.82    0.70594      0.225919      0.078887      0.040890      0.081780
MIAGM13136_Marion_island      19.90      6.05    0.73396      0.143340      0.017068      0.001139      0.002279
MI2253_Macquarie         19.54      5.21    0.68391      0.214687      0.301694      0.135276      0.270551
Population              mean_N    mean_k    mean_He    p_sign_TPM    p_stdv_TPM    p_W_1t_TPM    p_W_2t_TPM
137719_South_Shetlands      19.79      6.23    0.72345      0.540136      0.325915      0.229779      0.459558
W9167_pup                19.85      6.10    0.72344      0.048653      0.055030      0.025416      0.050833
A1087_Bouvetoya          19.64      5.77    0.70304      0.304070      0.113598      0.021939      0.043879
CI30_Crozet              19.69      6.10    0.72994      0.447369      0.102283      0.035220      0.070440
MI2269_Macquarie         19.90      5.41    0.68719      0.333405      0.165309      0.060811      0.121623
Population              mean_N    mean_k    mean_He    p_sign_TPM    p_stdv_TPM    p_W_1t_TPM    p_W_2t_TPM
137696_South_Shetlands      19.90      6.26    0.72972      0.434502      0.260212      0.678144      0.653658
Y/B142/43                19.59      6.03    0.73012      0.051499      0.028976      0.004365      0.008731
A1096_Bouvetoya          19.85      5.77    0.69987      0.041739      0.095961      0.025616      0.051233
CI32_Crozet              19.54      6.03    0.72828      0.313924      0.035416      0.012162      0.024323
MI2264_Macquarie         19.69      5.23    0.69404      0.111024      0.142252      0.065537      0.131075
Population              mean_N    mean_k    mean_He    p_sign_TPM    p_stdv_TPM    p_W_1t_TPM    p_W_2t_TPM
137695_South_Shetlands      19.95      6.41    0.74273      0.210627      0.189600      0.047842      0.095683
W9171_mum                19.74      6.10    0.72551      0.454716      0.165795      0.067364      0.134728
A1059_Bouvetoya          19.95      5.77    0.72002      0.163305      0.056980      0.030422      0.060845
CI25_Crozet              19.90      5.77    0.71829      0.088484      0.010867      0.000386      0.000771
MI2259_Macquarie         19.95      5.10    0.68303      0.090521      0.063349      0.021425      0.042850
Population              mean_N    mean_k    mean_He    p_sign_TPM    p_stdv_TPM    p_W_1t_TPM    p_W_2t_TPM
137701_South_Shetlands      19.74      6.36    0.75510      0.072877      0.010602      0.001521      0.003043
W6512/12                 19.64      5.92    0.72581      0.167960      0.068539      0.013680      0.027359
A1062_Bouvetoya          19.69      5.77    0.70545      0.567820      0.363098      0.075056      0.150111
MIAGM13139_Marion_island      20.00      6.31    0.72470      0.205352      0.269579      0.147343      0.294686
MI2253_Macquarie         20.00      5.62    0.68947      0.183215      0.428557      0.095848      0.191696
Population              mean_N    mean_k    mean_He    p_sign_TPM    p_stdv_TPM    p_W_1t_TPM    p_W_2t_TPM
137708_South_Shetlands      19.79      6.15    0.72288      0.479160      0.300045      0.246964      0.493928
W6521/21                 19.95      6.21    0.70907      0.443412      0.321043      0.202281      0.404563
A1089_Bouvetoya          19.69      6.13    0.72549      0.359531      0.227850      0.133745      0.267489
CI39_Crozet              19.49      5.95    0.72069      0.347475      0.080524      0.029407      0.058814
MI1509_Macquarie         19.59      5.10    0.69068      0.077298      0.057887      0.005978      0.011955
Population              mean_N    mean_k    mean_He    p_sign_TPM    p_stdv_TPM    p_W_1t_TPM    p_W_2t_TPM
137721_South_Shetlands      20.00      6.28    0.72551      0.537460      0.171459      0.102190      0.204380
SG19_South_Georgia       20.00      5.77    0.71053      0.221966      0.054045      0.009943      0.019885
BI5_Bouvetoya            19.79      5.64    0.71791      0.138720      0.034162      0.006812      0.013624
MIAGM13144_Marion_island      19.64      5.82    0.73150      0.031419      0.009246      0.000103      0.000205
MI1621_Macquarie         19.95      5.28    0.67188      0.546913      0.487855      0.144607      0.289213
Population              mean_N    mean_k    mean_He    p_sign_TPM    p_stdv_TPM    p_W_1t_TPM    p_W_2t_TPM
137709_South_Shetlands      19.69      6.33    0.73894      0.028658      0.339999      0.058604      0.117209
W6520/20                 19.90      6.10    0.74028      0.067306      0.087200      0.013913      0.027825
BI25_Bouvetoya           19.85      5.44    0.68803      0.022745      0.019064      0.007423      0.014845
MIAGM13125_Marion_island      19.79      6.13    0.70777      0.475555      0.335991      0.140118      0.280235
MI2262_Macquarie         19.90      5.64    0.69688      0.269176      0.426539      0.357273      0.714546
Population              mean_N    mean_k    mean_He    p_sign_TPM    p_stdv_TPM    p_W_1t_TPM    p_W_2t_TPM
137708_South_Shetlands      19.79      6.05    0.72302      0.333329      0.421434      0.388632      0.777263
W9173_pup                19.79      6.08    0.72381      0.356776      0.068339      0.015952      0.031905
A1095_Bouvetoya          20.00      5.79    0.72051      0.078214      0.037823      0.004782      0.009564
CI5_Crozet               19.79      5.97    0.72788      0.262690      0.028237      0.002022      0.004043
MI1688_Macquarie         19.69      5.21    0.67393      0.037797      0.032739      0.003000      0.006000
Population              mean_N    mean_k    mean_He    p_sign_TPM    p_stdv_TPM    p_W_1t_TPM    p_W_2t_TPM
137716_South_Shetlands      19.79      6.13    0.71706      0.399143      0.299377      0.154351      0.308703
W9173_pup                19.85      6.08    0.73321      0.560794      0.224563      0.099554      0.199107
BI8_Bouvetoya            19.90      5.82    0.70986      0.526180      0.169758      0.090060      0.180119
MIAGM13132_Marion_island      19.90      6.15    0.72593      0.417602      0.269714      0.171513      0.343026
MI2269_Macquarie         19.59      5.31    0.69394      0.200656      0.168664      0.092369      0.184738
Population              mean_N    mean_k    mean_He    p_sign_TPM    p_stdv_TPM    p_W_1t_TPM    p_W_2t_TPM
137686_South_Shetlands      19.74      6.26    0.74647      0.008309      0.007046      0.000775      0.001551
W6701/01                 19.74      6.18    0.72097      0.017707      0.041920      0.003145      0.006291
BI24_Bouvetoya           19.79      5.72    0.71568      0.152611      0.086129      0.060811      0.121623
MIAGM13141_Marion_island      19.85      5.82    0.70570      0.441111      0.336766      0.205275      0.410550
MI1688_Macquarie         19.69      5.38    0.68601      0.309232      0.418224      0.321856      0.643713
Population              mean_N    mean_k    mean_He    p_sign_TPM    p_stdv_TPM    p_W_1t_TPM    p_W_2t_TPM
137683_South_Shetlands      19.90      6.08    0.72077      0.429881      0.308577      0.186067      0.372133
W9178_pup                19.74      5.77    0.72136      0.023864      0.018623      0.002044      0.004087
A1100_Bouvetoya          19.85      5.77    0.70900      0.065690      0.183112      0.164510      0.329021
CI22_Crozet              19.79      6.15    0.73184      0.567062      0.229342      0.109741      0.219482
MI1572_Macquarie         19.64      5.13    0.69215      0.102352      0.133845      0.006305      0.012611
Population              mean_N    mean_k    mean_He    p_sign_TPM    p_stdv_TPM    p_W_1t_TPM    p_W_2t_TPM
137714_South_Shetlands      19.90      6.10    0.71871      0.470827      0.339226      0.167989      0.335977
W6529/29                 19.59      6.44    0.73335      0.393900      0.381897      0.307796      0.615592
A1075_Bouvetoya          19.90      5.92    0.71595      0.196080      0.127837      0.035220      0.070440
MIAGM13141_Marion_island      19.90      6.08    0.71566      0.200975      0.186693      0.138340      0.276680
MI1664_Macquarie         19.90      5.36    0.69252      0.185503      0.267621      0.067364      0.134728
Population              mean_N    mean_k    mean_He    p_sign_TPM    p_stdv_TPM    p_W_1t_TPM    p_W_2t_TPM
137723_South_Shetlands      19.90      6.05    0.72124      0.259993      0.254725      0.069229      0.138457
W6514/14                 19.74      5.97    0.71878      0.387682      0.332425      0.167594      0.335188
A1093_Bouvetoya          19.64      5.97    0.72207      0.127224      0.141098      0.069229      0.138457
CI39_Crozet              19.95      5.82    0.71847      0.162989      0.018145      0.002126      0.004252
MI2260_Macquarie         19.59      5.13    0.68109      0.487072      0.107391      0.023043      0.046087
Population              mean_N    mean_k    mean_He    p_sign_TPM    p_stdv_TPM    p_W_1t_TPM    p_W_2t_TPM
137716_South_Shetlands      19.64      6.05    0.70507      0.204477      0.402369      0.436968      0.873937
W9170_mum                19.90      6.05    0.72156      0.143598      0.052164      0.012649      0.025299
A1098_Bouvetoya          19.74      5.72    0.69683      0.356923      0.222450      0.101126      0.202253
CI25_Crozet              19.74      6.28    0.72229      0.498613      0.123365      0.060811      0.121623
MI1512_Macquarie         19.69      5.64    0.70425      0.235426      0.366746      0.182521      0.365043
Population              mean_N    mean_k    mean_He    p_sign_TPM    p_stdv_TPM    p_W_1t_TPM    p_W_2t_TPM
137718_South_Shetlands      19.79      6.18    0.72183      0.440009      0.234480      0.077077      0.154154
AGP14207                 19.79      6.13    0.72240      0.408073      0.151898      0.029407      0.058814
A1030_Bouvetoya          19.85      5.77    0.71966      0.007728      0.005837      0.000363      0.000726
MIAGM13134_Marion_island      19.85      6.18    0.72087      0.495442      0.408050      0.249904      0.499808
MI1455_Macquarie         19.85      5.36    0.68136      0.487336      0.233032      0.107493      0.214987
Population              mean_N    mean_k    mean_He    p_sign_TPM    p_stdv_TPM    p_W_1t_TPM    p_W_2t_TPM
137723_South_Shetlands      19.90      6.18    0.72725      0.556148      0.218617      0.115100      0.230200
W6535                    19.90      5.77    0.72048      0.002312      0.009089      0.001410      0.002819
BI25_Bouvetoya           19.85      5.72    0.68696      0.467956      0.269954      0.611368      0.787868
MIAGM13123_Marion_island      20.00      6.23    0.74049      0.016289      0.004601      0.000171      0.000341
MI2264_Macquarie         19.49      5.08    0.65928      0.130753      0.390978      0.130632      0.261265
Population              mean_N    mean_k    mean_He    p_sign_TPM    p_stdv_TPM    p_W_1t_TPM    p_W_2t_TPM
137719_South_Shetlands      19.95      6.28    0.72981      0.420585      0.237315      0.138340      0.276680
ATP11                    20.00      5.92    0.72065      0.243046      0.149399      0.040890      0.081780
A1046_Bouvetoya          19.95      5.87    0.70515      0.331507      0.442344      0.225587      0.451174
CI24_Crozet              19.90      6.23    0.73461      0.311226      0.156266      0.109741      0.219482
MI2251_Macquarie         19.74      5.54    0.69153      0.534609      0.396579      0.190280      0.380559
Population              mean_N    mean_k    mean_He    p_sign_TPM    p_stdv_TPM    p_W_1t_TPM    p_W_2t_TPM
137681_South_Shetlands      19.79      6.08    0.72680      0.201381      0.092408      0.061997      0.123994
W6532/32                 19.64      6.18    0.73467      0.064433      0.068614      0.003581      0.007162
BI8_Bouvetoya            20.00      5.64    0.68583      0.247750      0.267921      0.143378      0.286757
CI28_Crozet              19.85      6.03    0.72137      0.185531      0.228721      0.042425      0.084850
MI1667_Macquarie         19.95      5.23    0.69157      0.297461      0.088593      0.041149      0.082299
