Population              mean_N    mean_k    mean_He    p_sign_TPM    p_stdv_TPM    p_W_1t_TPM    p_W_2t_TPM
137664_South_Shetlands      19.95      6.31    0.71313      0.439979      0.215189      0.519255      0.972488
W9132_pup                19.79      6.26    0.73821      0.131408      0.168946      0.094721      0.189442
BI1_Bouvetoya            19.90      5.72    0.70096      0.411802      0.277865      0.067364      0.134728
MIAGM13142_Marion_island      19.85      6.49    0.72068      0.508453      0.296399      0.194232      0.388464
MI1680_Macquarie         19.90      5.13    0.68723      0.135755      0.034173      0.008079      0.016159
Population              mean_N    mean_k    mean_He    p_sign_TPM    p_stdv_TPM    p_W_1t_TPM    p_W_2t_TPM
137712_South_Shetlands      19.69      6.08    0.73886      0.032850      0.015276      0.002848      0.005696
W9166_mum                19.85      6.05    0.71534      0.208280      0.338236      0.234013      0.468025
A1090_Bouvetoya          19.85      5.85    0.70779      0.354723      0.255009      0.047832      0.095663
CI25_Crozet              19.90      5.77    0.71507      0.033275      0.013833      0.005098      0.010195
MI1620_Macquarie         19.85      5.49    0.70300      0.107890      0.023395      0.009860      0.019720
Population              mean_N    mean_k    mean_He    p_sign_TPM    p_stdv_TPM    p_W_1t_TPM    p_W_2t_TPM
137627_South_Shetlands      19.95      6.23    0.71093      0.258595      0.311253      0.590704      0.829754
W6531/31                 19.74      5.82    0.72264      0.152727      0.025952      0.004365      0.008731
BI23_Bouvetoya           19.69      5.72    0.71456      0.101912      0.011680      0.001341      0.002681
CI24_Crozet              19.85      5.77    0.71520      0.537274      0.152224      0.047832      0.095663
MI2261_Macquarie         19.59      5.51    0.69407      0.334681      0.353744      0.469759      0.939518
Population              mean_N    mean_k    mean_He    p_sign_TPM    p_stdv_TPM    p_W_1t_TPM    p_W_2t_TPM
137717_South_Shetlands      19.85      6.10    0.71660      0.548717      0.313197      0.117847      0.235693
W6754                    19.90      6.05    0.72603      0.033128      0.023318      0.008079      0.016159
A1062_Bouvetoya          19.85      5.82    0.71209      0.192765      0.022502      0.006065      0.012131
CI21_Crozet              19.95      5.97    0.71751      0.520451      0.222236      0.130632      0.261265
MI2261_Macquarie         19.69      5.21    0.69275      0.015620      0.036547      0.004169      0.008338
Population              mean_N    mean_k    mean_He    p_sign_TPM    p_stdv_TPM    p_W_1t_TPM    p_W_2t_TPM
137722_South_Shetlands      19.74      6.21    0.72752      0.322408      0.465435      0.061997      0.123994
W9173_mum                19.85      6.03    0.73431      0.389057      0.051764      0.012907      0.025814
A1094_Bouvetoya          19.90      5.62    0.69866      0.101034      0.040466      0.009447      0.018894
MIAGM13052_Marion_island      19.85      6.28    0.72846      0.083516      0.097607      0.016567      0.033135
MI2261_Macquarie         19.85      5.46    0.68964      0.347176      0.150491      0.042210      0.084421
Population              mean_N    mean_k    mean_He    p_sign_TPM    p_stdv_TPM    p_W_1t_TPM    p_W_2t_TPM
137694_South_Shetlands      19.90      6.18    0.69487      0.057110      0.269328      0.712132      0.585588
W9170_pup                19.95      5.92    0.73843      0.002762      0.001325      0.000093      0.000186
A1075_Bouvetoya          19.85      6.05    0.72207      0.306228      0.395214      0.138340      0.276680
CI38_Crozet              19.69      6.23    0.73724      0.098474      0.030951      0.008750      0.017501
MI1666_Macquarie         19.95      5.56    0.70352      0.288247      0.170359      0.035220      0.070440
Population              mean_N    mean_k    mean_He    p_sign_TPM    p_stdv_TPM    p_W_1t_TPM    p_W_2t_TPM
137644_South_Shetlands      19.74      6.41    0.74428      0.211407      0.219229      0.058604      0.117209
W9167_mum                19.69      6.23    0.73200      0.061290      0.180563      0.043731      0.087463
A1053_Bouvetoya          19.90      5.85    0.71521      0.067857      0.110957      0.043731      0.087463
MIAGM13140_Marion_island      19.85      5.85    0.73070      0.032242      0.034339      0.003123      0.006247
MI1662_Macquarie         19.85      5.33    0.70236      0.117678      0.042484      0.012428      0.024856
Population              mean_N    mean_k    mean_He    p_sign_TPM    p_stdv_TPM    p_W_1t_TPM    p_W_2t_TPM
137723_South_Shetlands      20.00      6.13    0.72362      0.320003      0.325797      0.151057      0.302114
W6538/38_FWB_pup         19.69      6.15    0.72878      0.065722      0.092269      0.020692      0.041384
A1084_Bouvetoya          19.59      5.82    0.70796      0.066398      0.036944      0.004979      0.009959
MIAGM13132_Marion_island      19.54      6.23    0.74350      0.356392      0.186461      0.050746      0.101491
MI2254_Macquarie         19.64      5.51    0.69283      0.410505      0.330365      0.227569      0.455138
Population              mean_N    mean_k    mean_He    p_sign_TPM    p_stdv_TPM    p_W_1t_TPM    p_W_2t_TPM
137717_South_Shetlands      19.90      5.95    0.73462      0.088576      0.028394      0.008426      0.016852
W9173_mum                19.90      6.03    0.72057      0.193550      0.190781      0.077077      0.154154
A1065_Bouvetoya          20.00      5.56    0.71835      0.009031      0.001228      0.000088      0.000175
CI39_Crozet              19.79      6.08    0.72334      0.278261      0.120778      0.037504      0.075008
MI2262_Macquarie         19.79      5.44    0.69771      0.489613      0.232096      0.115807      0.231613
Population              mean_N    mean_k    mean_He    p_sign_TPM    p_stdv_TPM    p_W_1t_TPM    p_W_2t_TPM
137711_South_Shetlands      19.64      6.44    0.74376      0.306553      0.440748      0.283250      0.566500
W9132_mum                19.85      5.79    0.72294      0.147018      0.145661      0.045069      0.090139
BI14_Bouvetoya           19.85      5.85    0.72117      0.260151      0.031238      0.011685      0.023371
CI20_Crozet              19.79      5.87    0.71891      0.051964      0.024466      0.004808      0.009616
MI2264_Macquarie         19.79      5.26    0.68453      0.399936      0.170160      0.099554      0.199107
Population              mean_N    mean_k    mean_He    p_sign_TPM    p_stdv_TPM    p_W_1t_TPM    p_W_2t_TPM
137721_South_Shetlands      19.74      6.08    0.71759      0.172006      0.244304      0.049277      0.098554
W9165_mum                19.90      5.87    0.72316      0.065579      0.053712      0.012428      0.024856
BI12_Bouvetoya           20.00      5.59    0.70715      0.029258      0.002104      0.000165      0.000331
CI39_Crozet              19.85      5.97    0.72345      0.020724      0.032442      0.008785      0.017571
MI2251_Macquarie         19.74      5.54    0.69950      0.468124      0.411284      0.210522      0.421045
Population              mean_N    mean_k    mean_He    p_sign_TPM    p_stdv_TPM    p_W_1t_TPM    p_W_2t_TPM
137720_South_Shetlands      19.85      6.18    0.73497      0.213532      0.156702      0.053785      0.107569
W9167_mum                19.85      5.92    0.71249      0.098566      0.051641      0.028338      0.056677
BI5_Bouvetoya            19.95      5.79    0.71000      0.456491      0.091986      0.029995      0.059991
CI23_Crozet              19.85      6.21    0.71387      0.356929      0.382344      0.278132      0.556265
MI2265_Macquarie         19.85      5.44    0.68763      0.451018      0.481992      0.182521      0.365043
Population              mean_N    mean_k    mean_He    p_sign_TPM    p_stdv_TPM    p_W_1t_TPM    p_W_2t_TPM
137704_South_Shetlands      19.90      5.90    0.71877      0.060742      0.105145      0.011079      0.022158
W6551                    19.74      5.87    0.71201      0.504608      0.158749      0.082835      0.165670
BI3_Bouvetoya            19.90      5.82    0.71806      0.147476      0.039208      0.017857      0.035713
CI20_Crozet              19.64      6.05    0.73447      0.063991      0.035218      0.004281      0.008562
MI2258_Macquarie         19.64      5.13    0.68289      0.353248      0.150631      0.059056      0.118111
Population              mean_N    mean_k    mean_He    p_sign_TPM    p_stdv_TPM    p_W_1t_TPM    p_W_2t_TPM
137715_South_Shetlands      19.90      6.15    0.71731      0.440921      0.374971      0.209250      0.418500
W6546                    19.74      5.87    0.71933      0.505538      0.281516      0.186376      0.372752
A1068_Bouvetoya          19.74      5.62    0.70740      0.011540      0.025234      0.002537      0.005074
CI34_Crozet              19.90      5.90    0.72158      0.003876      0.013680      0.001416      0.002833
MI2255_Macquarie         19.90      5.23    0.67525      0.533542      0.425899      0.260456      0.520913
Population              mean_N    mean_k    mean_He    p_sign_TPM    p_stdv_TPM    p_W_1t_TPM    p_W_2t_TPM
137671_South_Shetlands      19.85      6.44    0.72570      0.344599      0.329823      0.534264      0.942872
W9134_mum                19.85      6.41    0.73055      0.364743      0.124193      0.040890      0.081780
2243_Bouvetoya           19.85      5.67    0.70047      0.025483      0.057876      0.019289      0.038578
CI24_Crozet              19.85      6.18    0.72154      0.200993      0.253208      0.060283      0.120565
MI2265_Macquarie         19.95      5.62    0.69505      0.357369      0.197956      0.102190      0.204380
Population              mean_N    mean_k    mean_He    p_sign_TPM    p_stdv_TPM    p_W_1t_TPM    p_W_2t_TPM
137719_South_Shetlands      19.85      6.13    0.73847      0.211876      0.157461      0.081240      0.162480
W9174_pup                19.74      6.05    0.71401      0.232927      0.263092      0.039602      0.079205
A1057_Bouvetoya          19.74      5.74    0.71213      0.213239      0.084297      0.018138      0.036277
CI39_Crozet              19.90      5.97    0.72722      0.124142      0.074527      0.009107      0.018213
MI2256_Macquarie         19.69      5.33    0.69478      0.040329      0.055509      0.019229      0.038457
Population              mean_N    mean_k    mean_He    p_sign_TPM    p_stdv_TPM    p_W_1t_TPM    p_W_2t_TPM
137671_South_Shetlands      19.85      6.03    0.72086      0.424723      0.423494      0.209250      0.418500
W6530/30_pup             19.85      6.03    0.71386      0.351263      0.434941      0.381678      0.763357
A1015_Bouvetoya          19.95      5.38    0.68320      0.475556      0.190490      0.115807      0.231613
CI5_Crozet               19.79      6.10    0.70712      0.270079      0.190344      0.137146      0.274291
MI2261_Macquarie         19.64      5.51    0.69589      0.139522      0.044130      0.025616      0.051233
Population              mean_N    mean_k    mean_He    p_sign_TPM    p_stdv_TPM    p_W_1t_TPM    p_W_2t_TPM
137715_South_Shetlands      19.90      6.38    0.73029      0.456781      0.479254      0.278581      0.557162
W6548                    20.00      6.21    0.72901      0.070451      0.328586      0.083383      0.166766
BI24_Bouvetoya           19.74      6.10    0.73044      0.312749      0.274523      0.144607      0.289213
MIAGM13131_Marion_island      19.90      6.10    0.73149      0.071776      0.159723      0.043731      0.087463
MI2261_Macquarie         19.95      5.33    0.67600      0.152842      0.328707      0.295574      0.591149
Population              mean_N    mean_k    mean_He    p_sign_TPM    p_stdv_TPM    p_W_1t_TPM    p_W_2t_TPM
137717_South_Shetlands      19.90      6.26    0.72770      0.019423      0.158459      0.016567      0.033135
W6545                    19.49      6.28    0.73693      0.317725      0.438044      0.287955      0.575910
BI8_Bouvetoya            20.00      5.79    0.71727      0.184407      0.023096      0.004882      0.009763
CI38_Crozet              19.85      6.26    0.73001      0.134593      0.211428      0.092369      0.184738
MI1650_Macquarie         19.79      5.26    0.67341      0.424694      0.403562      0.403732      0.807465
Population              mean_N    mean_k    mean_He    p_sign_TPM    p_stdv_TPM    p_W_1t_TPM    p_W_2t_TPM
137714_South_Shetlands      19.69      5.90    0.72091      0.444944      0.284065      0.081240      0.162480
W9165_pup                19.69      5.77    0.70161      0.338085      0.428048      0.357273      0.714546
A1057_Bouvetoya          19.90      5.62    0.70931      0.096604      0.036748      0.007745      0.015490
CI28_Crozet              19.90      6.10    0.73178      0.291220      0.055488      0.030987      0.061974
MI2265_Macquarie         19.90      5.51    0.69908      0.475144      0.351760      0.085095      0.170191
Population              mean_N    mean_k    mean_He    p_sign_TPM    p_stdv_TPM    p_W_1t_TPM    p_W_2t_TPM
137712_South_Shetlands      19.74      6.26    0.73809      0.218161      0.153257      0.077077      0.154154
W9161_pup                19.79      6.26    0.71829      0.534911      0.492441      0.399256      0.798511
A1087_Bouvetoya          19.74      6.00    0.72207      0.033461      0.017549      0.002468      0.004935
CI39_Crozet              19.74      5.85    0.70265      0.506472      0.430130      0.278581      0.557162
MI1675_Macquarie         19.69      5.31    0.69401      0.510781      0.394629      0.205275      0.410550
Population              mean_N    mean_k    mean_He    p_sign_TPM    p_stdv_TPM    p_W_1t_TPM    p_W_2t_TPM
137704_South_Shetlands      19.69      5.87    0.72558      0.448845      0.213684      0.141450      0.282901
W9132_mum                19.79      5.74    0.71582      0.110994      0.061741      0.035220      0.070440
2242_Bouvetoya           19.90      5.87    0.70109      0.515718      0.466195      0.190280      0.380559
MIAGM13142_Marion_island      19.79      6.18    0.72869      0.546955      0.145992      0.062607      0.125213
MI2253_Macquarie         19.95      5.51    0.70099      0.335480      0.151497      0.021449      0.042898
Population              mean_N    mean_k    mean_He    p_sign_TPM    p_stdv_TPM    p_W_1t_TPM    p_W_2t_TPM
137707_South_Shetlands      19.90      6.05    0.72308      0.428132      0.432261      0.075056      0.150111
W9165_mum                19.95      6.26    0.72971      0.321817      0.145830      0.045069      0.090139
BI25_Bouvetoya           19.79      5.64    0.69610      0.243022      0.087762      0.049324      0.098649
CI31_Crozet              19.64      6.03    0.71869      0.131981      0.147400      0.024734      0.049468
MI1646_Macquarie         19.85      5.31    0.69352      0.424772      0.158706      0.097116      0.194231
Population              mean_N    mean_k    mean_He    p_sign_TPM    p_stdv_TPM    p_W_1t_TPM    p_W_2t_TPM
137700_South_Shetlands      19.95      5.97    0.71679      0.433063      0.151961      0.030987      0.061974
W6530/30_pup             19.90      6.03    0.73922      0.070664      0.052396      0.006575      0.013149
A1050_Bouvetoya          19.90      5.54    0.70942      0.157217      0.021713      0.007112      0.014224
CI27_Crozet              19.69      5.97    0.71526      0.045095      0.072598      0.037124      0.074247
MI2265_Macquarie         19.90      5.31    0.68425      0.275321      0.341581      0.312869      0.625738
Population              mean_N    mean_k    mean_He    p_sign_TPM    p_stdv_TPM    p_W_1t_TPM    p_W_2t_TPM
137712_South_Shetlands      19.69      6.28    0.72962      0.293994      0.359068      0.123475      0.246950
W6756                    19.74      5.85    0.71189      0.505265      0.059192      0.009943      0.019885
A1020_Bouvetoya          19.85      5.85    0.69102      0.084939      0.206422      0.570982      0.869759
CI40_Crozet              19.69      6.36    0.72681      0.163339      0.384529      0.505717      1.000000
MI1669_Macquarie         19.69      5.08    0.67782      0.386456      0.217806      0.099554      0.199107
Population              mean_N    mean_k    mean_He    p_sign_TPM    p_stdv_TPM    p_W_1t_TPM    p_W_2t_TPM
137708_South_Shetlands      19.79      6.49    0.74634      0.548927      0.322583      0.175083      0.350166
W6547                    19.79      6.28    0.73699      0.061772      0.047254      0.006046      0.012092
A1059_Bouvetoya          19.95      5.95    0.72536      0.044929      0.015741      0.001827      0.003653
CI21_Crozet              19.90      6.10    0.71407      0.437791      0.253074      0.415327      0.830654
MI2265_Macquarie         20.00      5.38    0.68731      0.289458      0.298766      0.255802      0.511604
Population              mean_N    mean_k    mean_He    p_sign_TPM    p_stdv_TPM    p_W_1t_TPM    p_W_2t_TPM
137678_South_Shetlands      19.79      6.36    0.73030      0.260942      0.427407      0.323119      0.646237
W6517/17                 19.79      6.05    0.71478      0.245173      0.212519      0.102190      0.204380
A1098_Bouvetoya          19.85      5.85    0.71721      0.050820      0.033668      0.005978      0.011955
CI31_Crozet              19.69      5.72    0.71082      0.191019      0.097121      0.046439      0.092879
MI2248_Macquarie         19.64      5.67    0.70401      0.228762      0.099653      0.027459      0.054917
Population              mean_N    mean_k    mean_He    p_sign_TPM    p_stdv_TPM    p_W_1t_TPM    p_W_2t_TPM
137711_South_Shetlands      20.00      6.03    0.72416      0.423748      0.210553      0.081240      0.162480
W6756                    19.69      5.95    0.72713      0.029859      0.011733      0.000232      0.000463
A1083_Bouvetoya          19.79      5.79    0.72256      0.027667      0.004353      0.001072      0.002144
MIAGM13136_Marion_island      19.95      6.10    0.72407      0.344617      0.482192      0.341925      0.683851
MI1646_Macquarie         19.79      5.49    0.70139      0.415237      0.207515      0.115100      0.230200
Population              mean_N    mean_k    mean_He    p_sign_TPM    p_stdv_TPM    p_W_1t_TPM    p_W_2t_TPM
137719_South_Shetlands      19.74      6.10    0.72064      0.425177      0.154777      0.102035      0.204070
W6515/15_pup             19.74      5.92    0.71443      0.213736      0.160737      0.054021      0.108042
A1068_Bouvetoya          19.85      5.82    0.70874      0.316929      0.342571      0.144607      0.289213
CI34_Crozet              19.64      5.90    0.72777      0.220257      0.250207      0.120638      0.241276
MI2262_Macquarie         19.79      5.38    0.68426      0.301370      0.495558      0.414877      0.829754
Population              mean_N    mean_k    mean_He    p_sign_TPM    p_stdv_TPM    p_W_1t_TPM    p_W_2t_TPM
137714_South_Shetlands      19.85      6.00    0.72221      0.546781      0.214710      0.046439      0.092879
SG7_South_Georgia        19.85      6.03    0.71828      0.481785      0.447784      0.236369      0.472737
BI21_Bouvetoya           19.95      5.59    0.70512      0.006497      0.011628      0.001202      0.002405
CI38_Crozet              19.95      6.13    0.73757      0.137606      0.043637      0.014440      0.028879
MI2269_Macquarie         20.00      5.46    0.69433      0.141442      0.075067      0.043564      0.087128
Population              mean_N    mean_k    mean_He    p_sign_TPM    p_stdv_TPM    p_W_1t_TPM    p_W_2t_TPM
137698_South_Shetlands      19.90      6.26    0.71224      0.432348      0.362066      0.409953      0.819906
W6525/25                 19.85      5.87    0.71918      0.426749      0.169815      0.063749      0.127497
A1081_Bouvetoya          20.00      5.62    0.68556      0.516755      0.441810      0.387160      0.774320
MIAGM13066_Marion_island      20.00      6.00    0.72821      0.193326      0.100887      0.077077      0.154154
MI2259_Macquarie         19.85      5.46    0.68520      0.409351      0.405894      0.158024      0.316048
Population              mean_N    mean_k    mean_He    p_sign_TPM    p_stdv_TPM    p_W_1t_TPM    p_W_2t_TPM
137712_South_Shetlands      19.59      5.97    0.71226      0.317133      0.461403      0.273949      0.547898
W9172_pup                19.74      6.00    0.73476      0.056123      0.045273      0.038689      0.077379
A1069_Bouvetoya          19.95      5.74    0.69246      0.232507      0.475338      0.429018      0.858036
CI40_Crozet              19.69      6.28    0.72831      0.558148      0.449844      0.255802      0.511604
MI1685_Macquarie         19.69      5.59    0.69115      0.332850      0.275969      0.069493      0.138985
Population              mean_N    mean_k    mean_He    p_sign_TPM    p_stdv_TPM    p_W_1t_TPM    p_W_2t_TPM
137694_South_Shetlands      19.85      6.03    0.71156      0.129178      0.270503      0.104560      0.209119
W6518/18                 19.69      6.03    0.73990      0.193628      0.233515      0.026283      0.052567
BI12_Bouvetoya           19.79      5.79    0.71760      0.048994      0.072359      0.008426      0.016852
CI38_Crozet              19.64      6.00    0.71437      0.543771      0.280985      0.221438      0.442876
MI1645_Macquarie         19.95      5.38    0.69321      0.216028      0.187865      0.078448      0.156895
Population              mean_N    mean_k    mean_He    p_sign_TPM    p_stdv_TPM    p_W_1t_TPM    p_W_2t_TPM
137697_South_Shetlands      19.79      6.15    0.73058      0.510103      0.443622      0.171513      0.343026
W9169_pup                19.69      6.21    0.72696      0.078007      0.052084      0.005978      0.011955
A1072_Bouvetoya          19.74      5.92    0.71298      0.278078      0.232561      0.057339      0.114678
CI30_Crozet              19.95      6.23    0.70522      0.550960      0.422449      0.458796      0.917591
MI2250_Macquarie         19.64      5.64    0.71143      0.139880      0.062752      0.042210      0.084421
Population              mean_N    mean_k    mean_He    p_sign_TPM    p_stdv_TPM    p_W_1t_TPM    p_W_2t_TPM
137701_South_Shetlands      19.69      6.21    0.73844      0.295169      0.128828      0.047842      0.095683
W6537/37_FWB_pup         19.79      6.18    0.71296      0.256564      0.326937      0.745497      0.518291
A1056_Bouvetoya          19.85      5.67    0.71248      0.119493      0.042451      0.011514      0.023028
CI32_Crozet              19.90      6.10    0.73668      0.033146      0.024265      0.005322      0.010643
MI1645_Macquarie         19.54      5.26    0.68726      0.074315      0.129745      0.043564      0.087128
Population              mean_N    mean_k    mean_He    p_sign_TPM    p_stdv_TPM    p_W_1t_TPM    p_W_2t_TPM
137721_South_Shetlands      20.00      6.41    0.73171      0.066947      0.401405      0.144607      0.289213
W2031/32                 19.90      5.95    0.71837      0.177709      0.279755      0.065537      0.131075
A1055_Bouvetoya          19.95      5.79    0.70184      0.535171      0.167261      0.076320      0.152639
MIAGM13063_Marion_island      19.95      6.03    0.71042      0.438113      0.334972      0.178699      0.357397
MI2269_Macquarie         19.54      5.26    0.66789      0.466149      0.381182      0.307796      0.615592
Population              mean_N    mean_k    mean_He    p_sign_TPM    p_stdv_TPM    p_W_1t_TPM    p_W_2t_TPM
137709_South_Shetlands      19.74      6.15    0.72798      0.442966      0.194304      0.135276      0.270551
W6550                    19.85      6.26    0.72906      0.201156      0.089642      0.016779      0.033559
A1086_Bouvetoya          19.90      5.90    0.72473      0.461748      0.097570      0.071132      0.142264
CI32_Crozet              19.95      5.92    0.71758      0.036769      0.020834      0.008079      0.016159
MI1654_Macquarie         19.69      5.87    0.70295      0.262473      0.098896      0.041149      0.082299
Population              mean_N    mean_k    mean_He    p_sign_TPM    p_stdv_TPM    p_W_1t_TPM    p_W_2t_TPM
137688_South_Shetlands      19.95      6.15    0.73513      0.008043      0.011739      0.001648      0.003296
ATP39                    19.79      6.03    0.72953      0.073200      0.018212      0.000968      0.001936
A1018_Bouvetoya          19.79      5.82    0.71388      0.104848      0.047739      0.005532      0.011064
CI38_Crozet              19.90      6.31    0.73992      0.117495      0.017011      0.004281      0.008562
MI2269_Macquarie         19.85      5.56    0.70345      0.113580      0.110621      0.032005      0.064009
Population              mean_N    mean_k    mean_He    p_sign_TPM    p_stdv_TPM    p_W_1t_TPM    p_W_2t_TPM
137633_South_Shetlands      19.90      6.03    0.71384      0.541836      0.395226      0.409953      0.819906
W6527/27                 19.69      6.00    0.73728      0.182548      0.031183      0.011514      0.023028
A1092_Bouvetoya          19.79      5.97    0.72107      0.526400      0.107051      0.059056      0.118111
CI32_Crozet              19.74      6.15    0.73414      0.278692      0.044903      0.035220      0.070440
MI2265_Macquarie         19.79      5.44    0.67423      0.334918      0.439781      0.223065      0.446130
Population              mean_N    mean_k    mean_He    p_sign_TPM    p_stdv_TPM    p_W_1t_TPM    p_W_2t_TPM
137718_South_Shetlands      19.90      6.36    0.73468      0.117671      0.167198      0.056962      0.113925
W9176_pup                19.79      6.31    0.72245      0.042162      0.133776      0.032538      0.065076
BI1_Bouvetoya            20.00      5.67    0.72132      0.184667      0.017744      0.001181      0.002361
CI29_Crozet              19.74      5.90    0.72528      0.029183      0.020031      0.007143      0.014285
MI2252_Macquarie         19.95      5.28    0.68478      0.073939      0.223214      0.059056      0.118111
Population              mean_N    mean_k    mean_He    p_sign_TPM    p_stdv_TPM    p_W_1t_TPM    p_W_2t_TPM
137671_South_Shetlands      19.85      6.10    0.70743      0.441260      0.158741      0.524750      0.961490
W9166_pup                19.85      5.87    0.71853      0.185471      0.045958      0.004168      0.008336
BI21_Bouvetoya           19.95      5.87    0.69834      0.533837      0.374805      0.282981      0.565961
MIAGM13124_Marion_island      19.64      6.23    0.72561      0.205440      0.383530      0.213269      0.426539
MI2259_Macquarie         19.74      5.26    0.69679      0.029729      0.043294      0.014440      0.028879
Population              mean_N    mean_k    mean_He    p_sign_TPM    p_stdv_TPM    p_W_1t_TPM    p_W_2t_TPM
137715_South_Shetlands      19.59      6.03    0.71615      0.536869      0.414775      0.186067      0.372133
W6531/31_pup             19.90      6.36    0.73928      0.207371      0.105754      0.016122      0.032244
A1094_Bouvetoya          19.79      5.92    0.71044      0.386542      0.181270      0.146689      0.293377
CI23_Crozet              19.95      6.00    0.72269      0.195312      0.120227      0.033049      0.066098
MI1665_Macquarie         19.64      5.23    0.69023      0.056561      0.167151      0.060283      0.120565
Population              mean_N    mean_k    mean_He    p_sign_TPM    p_stdv_TPM    p_W_1t_TPM    p_W_2t_TPM
137716_South_Shetlands      20.00      6.54    0.75020      0.056575      0.154164      0.036348      0.072695
W9163_pup                19.85      6.05    0.71558      0.255329      0.265776      0.047832      0.095663
BI1_Bouvetoya            19.85      6.03    0.73075      0.559146      0.157950      0.092369      0.184738
CI29_Crozet              20.00      5.90    0.71862      0.007248      0.014115      0.001268      0.002536
MI2252_Macquarie         19.74      5.21    0.68954      0.099495      0.025266      0.003917      0.007835
Population              mean_N    mean_k    mean_He    p_sign_TPM    p_stdv_TPM    p_W_1t_TPM    p_W_2t_TPM
137722_South_Shetlands      19.95      6.28    0.72777      0.312220      0.454402      0.357273      0.714546
W6512/12                 19.79      6.05    0.72374      0.371557      0.116553      0.017857      0.035713
A1076_Bouvetoya          19.95      5.82    0.70448      0.090428      0.180776      0.118674      0.237349
CI38_Crozet              19.79      6.13    0.71165      0.455757      0.248802      0.070192      0.140385
MI2267_Macquarie         19.74      5.69    0.69963      0.397792      0.469545      0.295574      0.591149
Population              mean_N    mean_k    mean_He    p_sign_TPM    p_stdv_TPM    p_W_1t_TPM    p_W_2t_TPM
137711_South_Shetlands      19.90      6.18    0.72452      0.124362      0.123193      0.027174      0.054348
W6552                    19.74      5.97    0.73584      0.427107      0.184908      0.069229      0.138457
A1059_Bouvetoya          19.90      5.77    0.70490      0.060287      0.096740      0.003971      0.007943
CI28_Crozet              19.79      6.15    0.72447      0.175857      0.067846      0.019587      0.039175
MI2269_Macquarie         19.69      5.31    0.69060      0.146444      0.096115      0.037124      0.074247
Population              mean_N    mean_k    mean_He    p_sign_TPM    p_stdv_TPM    p_W_1t_TPM    p_W_2t_TPM
137673_South_Shetlands      19.64      6.44    0.72790      0.322371      0.489982      0.273949      0.547898
W9138_pup                19.90      5.69    0.72741      0.061943      0.036611      0.010658      0.021316
A1090_Bouvetoya          19.79      5.95    0.72078      0.093060      0.067612      0.038689      0.077379
CI20_Crozet              19.90      6.05    0.72382      0.176983      0.133182      0.039904      0.079809
MI2251_Macquarie         19.74      5.38    0.70667      0.095558      0.035840      0.003270      0.006540
Population              mean_N    mean_k    mean_He    p_sign_TPM    p_stdv_TPM    p_W_1t_TPM    p_W_2t_TPM
137717_South_Shetlands      19.79      6.21    0.71415      0.120570      0.231687      0.668168      0.673729
W6526/26_pup             19.90      6.10    0.72890      0.027380      0.017340      0.004096      0.008191
A1070_Bouvetoya          19.95      5.74    0.71650      0.077138      0.122423      0.073074      0.146148
CI29_Crozet              20.00      5.97    0.71309      0.548087      0.165082      0.060283      0.120565
MI2248_Macquarie         19.90      5.41    0.69591      0.145523      0.092702      0.034770      0.069541
Population              mean_N    mean_k    mean_He    p_sign_TPM    p_stdv_TPM    p_W_1t_TPM    p_W_2t_TPM
137715_South_Shetlands      19.64      6.08    0.72919      0.205028      0.119075      0.055356      0.110712
W9169_pup                19.79      5.97    0.71134      0.428137      0.085354      0.045647      0.091294
A1060_Bouvetoya          19.95      5.67    0.69278      0.324476      0.405975      0.238288      0.476577
CI31_Crozet              19.79      5.95    0.70930      0.193761      0.329799      0.126357      0.252714
MI2267_Macquarie         19.95      5.59    0.69927      0.210725      0.228133      0.102190      0.204380
Population              mean_N    mean_k    mean_He    p_sign_TPM    p_stdv_TPM    p_W_1t_TPM    p_W_2t_TPM
137719_South_Shetlands      19.95      5.97    0.72286      0.049423      0.044737      0.048683      0.097367
SG15_South_Georgia       19.95      5.95    0.71746      0.477988      0.363085      0.194232      0.388464
A1013_Bouvetoya          19.79      5.92    0.70124      0.276073      0.439777      0.420475      0.840951
CI31_Crozet              19.95      5.97    0.72442      0.081423      0.116064      0.038347      0.076694
MI2256_Macquarie         19.54      5.10    0.68498      0.236943      0.107096      0.054021      0.108042
Population              mean_N    mean_k    mean_He    p_sign_TPM    p_stdv_TPM    p_W_1t_TPM    p_W_2t_TPM
137690_South_Shetlands      19.79      6.18    0.72514      0.201553      0.209171      0.097116      0.194231
W9161_mum                19.85      5.87    0.73403      0.013048      0.137026      0.011514      0.023028
BI8_Bouvetoya            19.85      5.69    0.71850      0.524504      0.085199      0.071132      0.142264
CI38_Crozet              19.74      6.21    0.72652      0.314575      0.223779      0.102035      0.204070
MI2258_Macquarie         19.54      5.56    0.70889      0.416161      0.206535      0.092369      0.184738
Population              mean_N    mean_k    mean_He    p_sign_TPM    p_stdv_TPM    p_W_1t_TPM    p_W_2t_TPM
137705_South_Shetlands      19.90      6.00    0.71433      0.317391      0.414938      0.234013      0.468025
W6519/19_pup             19.85      6.03    0.73094      0.071283      0.097912      0.016122      0.032244
BI22_Bouvetoya           19.85      5.87    0.71535      0.056427      0.105139      0.036348      0.072695
CI32_Crozet              19.90      5.79    0.69933      0.229031      0.249514      0.047832      0.095663
MI1666_Macquarie         19.38      5.28    0.67506      0.196307      0.365657      0.130615      0.261230
Population              mean_N    mean_k    mean_He    p_sign_TPM    p_stdv_TPM    p_W_1t_TPM    p_W_2t_TPM
137722_South_Shetlands      20.00      6.33    0.73198      0.431704      0.468885      0.221438      0.442876
W9163_mum                19.85      6.15    0.72824      0.147481      0.185377      0.020686      0.041373
2263_Bouvetoya           19.95      5.44    0.70031      0.164908      0.020657      0.008406      0.016812
CI5_Crozet               19.69      5.85    0.71541      0.112063      0.021710      0.008406      0.016812
MI1654_Macquarie         19.79      5.36    0.67826      0.406841      0.329559      0.184822      0.369645
Population              mean_N    mean_k    mean_He    p_sign_TPM    p_stdv_TPM    p_W_1t_TPM    p_W_2t_TPM
137723_South_Shetlands      20.00      6.54    0.73266      0.322061      0.415408      0.264798      0.529596
W9163_pup                19.85      6.18    0.70715      0.532377      0.365549      0.249904      0.499808
A1054_Bouvetoya          19.85      5.69    0.72871      0.012607      0.007137      0.001376      0.002752
CI25_Crozet              19.64      6.15    0.71667      0.532701      0.344340      0.193615      0.387231
MI2262_Macquarie         19.69      5.33    0.68572      0.486264      0.172143      0.024734      0.049468
Population              mean_N    mean_k    mean_He    p_sign_TPM    p_stdv_TPM    p_W_1t_TPM    p_W_2t_TPM
137696_South_Shetlands      19.95      6.31    0.73092      0.047556      0.015742      0.004169      0.008338
W6519/19                 19.79      6.49    0.73723      0.464051      0.390874      0.102035      0.204070
A1096_Bouvetoya          19.69      5.69    0.71477      0.021357      0.040320      0.004782      0.009564
CI22_Crozet              19.85      6.15    0.71849      0.113140      0.207641      0.050746      0.101491
MI2254_Macquarie         19.95      5.59    0.70502      0.232218      0.053184      0.015356      0.030713
Population              mean_N    mean_k    mean_He    p_sign_TPM    p_stdv_TPM    p_W_1t_TPM    p_W_2t_TPM
137681_South_Shetlands      19.90      5.90    0.71260      0.299543      0.414059      0.161078      0.322156
W9135_mum                19.95      5.97    0.70931      0.254022      0.477790      0.231946      0.463892
A1028_Bouvetoya          19.95      6.03    0.72083      0.198974      0.161774      0.063749      0.127497
MIAGM13139_Marion_island      19.74      6.28    0.73334      0.460936      0.285118      0.117847      0.235693
MI2270_Macquarie         19.64      5.15    0.67673      0.507222      0.377989      0.376220      0.752440
Population              mean_N    mean_k    mean_He    p_sign_TPM    p_stdv_TPM    p_W_1t_TPM    p_W_2t_TPM
137699_South_Shetlands      19.95      6.31    0.73666      0.234934      0.431642      0.028419      0.056839
W6558_pup                19.85      5.90    0.72113      0.185420      0.057441      0.014983      0.029967
A1028_Bouvetoya          20.00      5.64    0.69892      0.201427      0.040250      0.002289      0.004578
MIAGM13115_Marion_island      19.54      6.10    0.73008      0.329397      0.089092      0.050746      0.101491
MI2264_Macquarie         19.95      5.10    0.68698      0.009108      0.028333      0.001681      0.003361
Population              mean_N    mean_k    mean_He    p_sign_TPM    p_stdv_TPM    p_W_1t_TPM    p_W_2t_TPM
137712_South_Shetlands      19.79      6.13    0.71617      0.355740      0.083764      0.015356      0.030713
W6530/30                 19.69      6.00    0.72317      0.519267      0.223652      0.126357      0.252714
BI6_Bouvetoya            19.95      5.54    0.70529      0.043802      0.039556      0.017857      0.035713
CI23_Crozet              20.00      6.05    0.70243      0.411289      0.291409      0.140491      0.280982
MI2251_Macquarie         19.74      5.38    0.68372      0.430644      0.239840      0.133854      0.267707
Population              mean_N    mean_k    mean_He    p_sign_TPM    p_stdv_TPM    p_W_1t_TPM    p_W_2t_TPM
137720_South_Shetlands      19.85      6.51    0.73411      0.460715      0.410410      0.287955      0.575910
W9168_mum                19.79      6.13    0.72669      0.346519      0.345930      0.076320      0.152639
A1076_Bouvetoya          20.00      5.97    0.72645      0.031025      0.050128      0.019980      0.039961
MIAGM13135_Marion_island      20.00      6.13    0.71943      0.121950      0.090847      0.011685      0.023371
MI1606_Macquarie         20.00      5.51    0.69285      0.303195      0.273487      0.167594      0.335188
Population              mean_N    mean_k    mean_He    p_sign_TPM    p_stdv_TPM    p_W_1t_TPM    p_W_2t_TPM
137723_South_Shetlands      19.90      6.33    0.72912      0.269073      0.159678      0.079138      0.158277
W6522/22                 19.69      6.00    0.72551      0.325129      0.289208      0.087792      0.175584
2271_Bouvetoya           19.85      5.77    0.69697      0.201756      0.220520      0.093284      0.186569
CI38_Crozet              19.90      6.21    0.74092      0.034897      0.056819      0.010658      0.021316
MI1620_Macquarie         19.54      5.18    0.68155      0.444599      0.160238      0.071132      0.142264
Population              mean_N    mean_k    mean_He    p_sign_TPM    p_stdv_TPM    p_W_1t_TPM    p_W_2t_TPM
137705_South_Shetlands      19.74      6.38    0.73920      0.350627      0.409539      0.269355      0.538709
Y/B134/35                19.64      6.03    0.72197      0.326221      0.287376      0.144607      0.289213
A1086_Bouvetoya          19.79      5.74    0.70837      0.184827      0.386553      0.251363      0.502726
CI34_Crozet              19.95      6.05    0.71550      0.202288      0.382764      0.079138      0.158277
MI2269_Macquarie         19.85      5.15    0.68904      0.038905      0.125080      0.018532      0.037064
Population              mean_N    mean_k    mean_He    p_sign_TPM    p_stdv_TPM    p_W_1t_TPM    p_W_2t_TPM
137718_South_Shetlands      19.28      6.21    0.73250      0.485446      0.311250      0.120638      0.241276
W6542/42                 19.95      6.00    0.72294      0.545848      0.161520      0.107128      0.214257
BI3_Bouvetoya            19.85      5.69    0.70708      0.148267      0.111275      0.020686      0.041373
CI5_Crozet               19.38      5.90    0.71248      0.289696      0.212794      0.135276      0.270551
MI2248_Macquarie         19.85      5.15    0.67840      0.176049      0.427832      0.097116      0.194231
Population              mean_N    mean_k    mean_He    p_sign_TPM    p_stdv_TPM    p_W_1t_TPM    p_W_2t_TPM
137685_South_Shetlands      19.95      6.41    0.74975      0.126345      0.096871      0.013402      0.026804
W9167_pup                19.64      5.92    0.72261      0.039115      0.018582      0.001022      0.002045
BI2_Bouvetoya            19.74      5.95    0.72376      0.018084      0.056093      0.009943      0.019885
CI34_Crozet              19.85      6.23    0.71965      0.513569      0.441209      0.202281      0.404563
MI2258_Macquarie         19.54      5.38    0.69604      0.412676      0.164047      0.061997      0.123994
Population              mean_N    mean_k    mean_He    p_sign_TPM    p_stdv_TPM    p_W_1t_TPM    p_W_2t_TPM
137720_South_Shetlands      19.90      6.21    0.73723      0.463781      0.217104      0.107128      0.214257
W6516/16_pup             19.90      6.05    0.72810      0.439211      0.345365      0.141450      0.282901
BI25_Bouvetoya           19.85      5.64    0.71234      0.007324      0.007391      0.000025      0.000050
CI30_Crozet              19.79      6.00    0.72926      0.082644      0.052876      0.022234      0.044469
MI2260_Macquarie         19.85      5.41    0.70056      0.470794      0.132160      0.092146      0.184292
Population              mean_N    mean_k    mean_He    p_sign_TPM    p_stdv_TPM    p_W_1t_TPM    p_W_2t_TPM
137710_South_Shetlands      19.90      5.97    0.72469      0.415179      0.310209      0.175083      0.350166
W6531/31_pup             19.85      6.18    0.73154      0.440977      0.241781      0.117847      0.235693
BI24_Bouvetoya           19.69      5.90    0.71309      0.082809      0.077584      0.021449      0.042898
MIAGM13135_Marion_island      19.95      6.15    0.72018      0.036181      0.048206      0.019229      0.038457
MI2258_Macquarie         19.59      5.03    0.68048      0.564427      0.304027      0.141450      0.282901
Population              mean_N    mean_k    mean_He    p_sign_TPM    p_stdv_TPM    p_W_1t_TPM    p_W_2t_TPM
137721_South_Shetlands      19.95      6.28    0.72566      0.547655      0.488035      0.273949      0.547898
W9136_mum                19.79      5.95    0.72813      0.199498      0.038495      0.006305      0.012611
2274_Bouvetoya           20.00      5.59    0.69825      0.011588      0.045984      0.001496      0.002992
CI5_Crozet               19.64      6.08    0.73421      0.016730      0.077170      0.002044      0.004087
MI2255_Macquarie         19.95      5.15    0.66942      0.024811      0.084949      0.007596      0.015193
Population              mean_N    mean_k    mean_He    p_sign_TPM    p_stdv_TPM    p_W_1t_TPM    p_W_2t_TPM
137702_South_Shetlands      19.85      6.13    0.72710      0.389181      0.279990      0.080619      0.161239
W9162_mum                19.69      5.97    0.72306      0.265465      0.259420      0.070192      0.140385
A1024_Bouvetoya          19.79      5.72    0.70549      0.462344      0.212165      0.182360      0.364720
CI29_Crozet              20.00      5.90    0.71390      0.253205      0.092089      0.026525      0.053049
MI2250_Macquarie         19.79      5.38    0.68261      0.040830      0.451953      0.085095      0.170191
Population              mean_N    mean_k    mean_He    p_sign_TPM    p_stdv_TPM    p_W_1t_TPM    p_W_2t_TPM
137721_South_Shetlands      20.00      6.38    0.74426      0.435876      0.384014      0.242606      0.485211
W9138_pup                19.85      6.21    0.72618      0.368919      0.162560      0.050853      0.101706
A1051_Bouvetoya          19.79      5.95    0.72404      0.223840      0.104633      0.025616      0.051233
CI34_Crozet              19.74      6.10    0.73159      0.487896      0.143459      0.054021      0.108042
MI2261_Macquarie         19.79      5.46    0.69430      0.462317      0.118609      0.078448      0.156895
Population              mean_N    mean_k    mean_He    p_sign_TPM    p_stdv_TPM    p_W_1t_TPM    p_W_2t_TPM
137716_South_Shetlands      19.64      6.46    0.73666      0.204346      0.292249      0.217332      0.434664
W9177_mum                19.69      6.03    0.71722      0.114308      0.299646      0.046439      0.092879
A1092_Bouvetoya          19.74      5.72    0.70701      0.354090      0.112705      0.040890      0.081780
CI27_Crozet              19.59      5.95    0.72445      0.434104      0.204285      0.117847      0.235693
MI2264_Macquarie         20.00      5.38    0.69339      0.298248      0.371144      0.246964      0.493928
Population              mean_N    mean_k    mean_He    p_sign_TPM    p_stdv_TPM    p_W_1t_TPM    p_W_2t_TPM
137718_South_Shetlands      19.90      6.51    0.74316      0.211728      0.051898      0.010658      0.021316
W9134_mum                19.85      5.90    0.71475      0.250411      0.146180      0.042425      0.084850
A1035_Bouvetoya          19.95      5.69    0.70789      0.294397      0.217713      0.077077      0.154154
CI40_Crozet              19.74      6.33    0.73321      0.061317      0.069740      0.013913      0.027825
MI2256_Macquarie         19.85      5.44    0.68330      0.406571      0.195988      0.109426      0.218852
Population              mean_N    mean_k    mean_He    p_sign_TPM    p_stdv_TPM    p_W_1t_TPM    p_W_2t_TPM
137720_South_Shetlands      19.95      6.10    0.72952      0.211922      0.213223      0.129284      0.258568
W9136_pup                19.85      6.10    0.72786      0.389873      0.446990      0.136906      0.273813
A1081_Bouvetoya          19.74      6.15    0.72303      0.454125      0.362309      0.205275      0.410550
MIAGM13122_Marion_island      19.85      6.26    0.73797      0.119247      0.050290      0.027174      0.054348
MI2246_Macquarie         19.69      5.38    0.69362      0.453227      0.453820      0.205275      0.410550
Population              mean_N    mean_k    mean_He    p_sign_TPM    p_stdv_TPM    p_W_1t_TPM    p_W_2t_TPM
137723_South_Shetlands      19.69      6.26    0.73102      0.293344      0.246375      0.132257      0.264514
W9170_pup                20.00      6.18    0.74561      0.063894      0.008572      0.002360      0.004719
A1092_Bouvetoya          19.79      5.72    0.70214      0.186978      0.020232      0.000759      0.001517
CI30_Crozet              19.90      6.00    0.70870      0.343306      0.154089      0.127569      0.255139
MI1664_Macquarie         19.69      5.18    0.69014      0.407215      0.159133      0.109741      0.219482
Population              mean_N    mean_k    mean_He    p_sign_TPM    p_stdv_TPM    p_W_1t_TPM    p_W_2t_TPM
137688_South_Shetlands      19.90      6.18    0.72187      0.207195      0.321469      0.530241      0.950500
W9133_pup                19.74      5.72    0.69529      0.406617      0.475289      0.387160      0.774320
A1094_Bouvetoya          19.95      5.51    0.68165      0.532595      0.326302      0.124297      0.248595
MIAGM13119_Marion_island      19.90      5.74    0.71695      0.328795      0.142473      0.049324      0.098649
MI2246_Macquarie         19.54      5.51    0.70055      0.391424      0.271908      0.050853      0.101706
Population              mean_N    mean_k    mean_He    p_sign_TPM    p_stdv_TPM    p_W_1t_TPM    p_W_2t_TPM
137710_South_Shetlands      19.90      6.05    0.73254      0.214478      0.180184      0.017965      0.035930
W9165_pup                19.90      6.00    0.72273      0.018052      0.030965      0.005003      0.010006
BI21_Bouvetoya           19.90      5.77    0.69624      0.495420      0.099489      0.052419      0.104837
CI20_Crozet              19.79      5.97    0.73136      0.041723      0.016803      0.001827      0.003653
MI1667_Macquarie         19.95      5.23    0.68151      0.280393      0.170441      0.085567      0.171134
Population              mean_N    mean_k    mean_He    p_sign_TPM    p_stdv_TPM    p_W_1t_TPM    p_W_2t_TPM
137698_South_Shetlands      19.90      6.26    0.72738      0.419848      0.381552      0.209250      0.418500
W9167_mum                19.74      6.38    0.74373      0.558957      0.122444      0.061997      0.123994
BI5_Bouvetoya            19.90      5.74    0.70539      0.419922      0.098904      0.022773      0.045547
CI27_Crozet              19.54      5.90    0.71534      0.302690      0.167640      0.043731      0.087463
MI2264_Macquarie         19.69      5.15    0.68382      0.165868      0.218066      0.060811      0.121623
Population              mean_N    mean_k    mean_He    p_sign_TPM    p_stdv_TPM    p_W_1t_TPM    p_W_2t_TPM
137693_South_Shetlands      19.64      5.95    0.71310      0.445320      0.340504      0.144607      0.289213
W9135_pup                19.64      6.05    0.74022      0.032346      0.042776      0.004882      0.009763
A1085_Bouvetoya          19.69      5.46    0.70232      0.314990      0.158020      0.053785      0.107569
MIAGM13120_Marion_island      19.95      6.15    0.73585      0.061334      0.070256      0.013402      0.026804
MI1646_Macquarie         19.90      5.13    0.66879      0.210552      0.096740      0.021449      0.042898
Population              mean_N    mean_k    mean_He    p_sign_TPM    p_stdv_TPM    p_W_1t_TPM    p_W_2t_TPM
137673_South_Shetlands      19.85      6.44    0.74536      0.121386      0.231681      0.045069      0.090139
W14                      19.74      5.74    0.72269      0.018646      0.042959      0.003459      0.006918
BI21_Bouvetoya           19.85      5.82    0.72404      0.080036      0.019089      0.004169      0.008338
MIAGM13140_Marion_island      19.69      6.13    0.72896      0.392357      0.149272      0.115100      0.230200
MI2256_Macquarie         19.90      5.54    0.70004      0.439789      0.412812      0.297472      0.594945
Population              mean_N    mean_k    mean_He    p_sign_TPM    p_stdv_TPM    p_W_1t_TPM    p_W_2t_TPM
137723_South_Shetlands      19.74      6.51    0.73886      0.215494      0.416000      0.123475      0.246950
W9177_pup                19.85      6.31    0.73333      0.060337      0.052131      0.030987      0.061974
BI24_Bouvetoya           19.85      6.15    0.72439      0.330981      0.179246      0.069229      0.138457
CI1_Crozet               19.95      6.41    0.73003      0.142020      0.155271      0.102190      0.204380
MI1667_Macquarie         19.85      5.56    0.69565      0.330908      0.302029      0.094587      0.189174
Population              mean_N    mean_k    mean_He    p_sign_TPM    p_stdv_TPM    p_W_1t_TPM    p_W_2t_TPM
137718_South_Shetlands      19.85      6.31    0.72377      0.227452      0.155880      0.033639      0.067279
W6534                    19.59      6.05    0.72607      0.222922      0.123719      0.010250      0.020501
A1081_Bouvetoya          19.90      5.72    0.69430      0.089572      0.386436      0.118674      0.237349
CI34_Crozet              19.95      5.97    0.72039      0.065358      0.023825      0.001416      0.002833
MI1642_Macquarie         19.90      5.38    0.68226      0.359537      0.440258      0.245348      0.490696
Population              mean_N    mean_k    mean_He    p_sign_TPM    p_stdv_TPM    p_W_1t_TPM    p_W_2t_TPM
137701_South_Shetlands      19.85      6.10    0.72753      0.330945      0.216343      0.079138      0.158277
Y/B144/45                19.79      6.03    0.73155      0.218426      0.061181      0.008074      0.016147
A1069_Bouvetoya          19.69      5.87    0.71508      0.139225      0.138416      0.052419      0.104837
CI25_Crozet              19.95      6.28    0.73250      0.186108      0.469435      0.383349      0.766699
MI2264_Macquarie         19.79      5.23    0.67656      0.505035      0.283042      0.372849      0.745698
Population              mean_N    mean_k    mean_He    p_sign_TPM    p_stdv_TPM    p_W_1t_TPM    p_W_2t_TPM
137697_South_Shetlands      19.85      6.10    0.72737      0.207382      0.208433      0.112398      0.224797
Y/B134/35                19.79      6.26    0.72578      0.091597      0.053741      0.003459      0.006918
A1083_Bouvetoya          20.00      6.08    0.73387      0.079371      0.038679      0.010658      0.021316
CI25_Crozet              19.74      6.18    0.72411      0.445008      0.235165      0.073074      0.146148
MI2267_Macquarie         19.79      5.49    0.70354      0.199323      0.187714      0.129284      0.258568
Population              mean_N    mean_k    mean_He    p_sign_TPM    p_stdv_TPM    p_W_1t_TPM    p_W_2t_TPM
137708_South_Shetlands      19.95      6.10    0.71379      0.299206      0.141071      0.367633      0.735266
ATF16                    19.95      6.05    0.72058      0.360261      0.134243      0.082835      0.165670
A1041_Bouvetoya          19.79      6.00    0.71589      0.300726      0.163495      0.123475      0.246950
CI23_Crozet              19.85      5.95    0.70424      0.493001      0.410611      0.323119      0.646237
MI2256_Macquarie         20.00      5.56    0.69649      0.410571      0.252385      0.164510      0.329021
Population              mean_N    mean_k    mean_He    p_sign_TPM    p_stdv_TPM    p_W_1t_TPM    p_W_2t_TPM
137721_South_Shetlands      19.74      6.08    0.71471      0.552473      0.383319      0.161078      0.322156
W9169_pup                19.79      6.33    0.72061      0.252231      0.334536      0.167594      0.335188
A1075_Bouvetoya          19.90      5.90    0.72114      0.300138      0.282250      0.197457      0.394915
MIAGM13138_Marion_island      19.95      5.95    0.71642      0.296409      0.053670      0.029365      0.058730
MI2270_Macquarie         19.95      5.49    0.70904      0.249260      0.072818      0.031466      0.062932
Population              mean_N    mean_k    mean_He    p_sign_TPM    p_stdv_TPM    p_W_1t_TPM    p_W_2t_TPM
137692_South_Shetlands      19.95      5.97    0.72141      0.116526      0.195625      0.034121      0.068242
W9169_mum                19.54      5.95    0.71369      0.250613      0.239452      0.085095      0.170191
A1093_Bouvetoya          19.95      6.08    0.71642      0.290206      0.321058      0.112398      0.224797
CI24_Crozet              19.69      5.82    0.71367      0.420093      0.282217      0.251363      0.502726
MI2254_Macquarie         19.54      5.26    0.68152      0.295068      0.221221      0.138340      0.276680
Population              mean_N    mean_k    mean_He    p_sign_TPM    p_stdv_TPM    p_W_1t_TPM    p_W_2t_TPM
137721_South_Shetlands      19.90      6.26    0.72465      0.432415      0.483100      0.362441      0.724881
W9169_pup                19.79      6.13    0.70329      0.340161      0.384814      0.502752      1.000000
A1015_Bouvetoya          19.85      5.59    0.68710      0.404824      0.238888      0.182521      0.365043
MIAGM13118_Marion_island      19.90      6.31    0.71651      0.266062      0.343239      0.202281      0.404563
MI2269_Macquarie         20.00      5.38    0.69784      0.531015      0.117059      0.055356      0.110712
Population              mean_N    mean_k    mean_He    p_sign_TPM    p_stdv_TPM    p_W_1t_TPM    p_W_2t_TPM
137693_South_Shetlands      19.74      6.31    0.72656      0.485815      0.331950      0.171513      0.343026
W9173_pup                19.95      5.85    0.73232      0.010254      0.002204      0.000020      0.000041
A1094_Bouvetoya          19.90      5.77    0.70461      0.011272      0.012090      0.001579      0.003159
CI29_Crozet              19.85      6.10    0.72488      0.512382      0.362514      0.099609      0.199218
MI1669_Macquarie         20.00      5.33    0.68947      0.546131      0.425631      0.372849      0.745698
Population              mean_N    mean_k    mean_He    p_sign_TPM    p_stdv_TPM    p_W_1t_TPM    p_W_2t_TPM
137698_South_Shetlands      19.95      6.26    0.72504      0.296557      0.182393      0.109741      0.219482
ATP02                    19.79      5.90    0.70896      0.117454      0.134785      0.079138      0.158277
A1066_Bouvetoya          19.85      5.74    0.68970      0.099251      0.074986      0.034958      0.069917
CI23_Crozet              19.79      6.08    0.72095      0.272533      0.151125      0.069229      0.138457
MI1685_Macquarie         19.74      5.46    0.69063      0.327604      0.319644      0.121590      0.243181
Population              mean_N    mean_k    mean_He    p_sign_TPM    p_stdv_TPM    p_W_1t_TPM    p_W_2t_TPM
137712_South_Shetlands      19.64      5.85    0.69866      0.541249      0.462259      0.254503      0.509007
W9136_mum                19.79      5.90    0.71746      0.154008      0.307080      0.046374      0.092749
A1021_Bouvetoya          19.74      5.92    0.72332      0.313569      0.160479      0.090060      0.180119
CI34_Crozet              20.00      6.15    0.73050      0.178960      0.055801      0.009543      0.019087
MI1621_Macquarie         19.79      5.10    0.67697      0.074586      0.131406      0.044952      0.089904
Population              mean_N    mean_k    mean_He    p_sign_TPM    p_stdv_TPM    p_W_1t_TPM    p_W_2t_TPM
137646_South_Shetlands      19.85      5.82    0.70037      0.088116      0.425975      0.316915      0.633830
W6512/12_pup             19.90      5.90    0.72226      0.321555      0.223132      0.055356      0.110712
A1077_Bouvetoya          20.00      5.82    0.70243      0.437365      0.200023      0.137146      0.274291
CI34_Crozet              19.69      6.10    0.71511      0.440857      0.190161      0.120638      0.241276
MI2249_Macquarie         19.44      5.21    0.68580      0.186302      0.299491      0.045069      0.090139
Population              mean_N    mean_k    mean_He    p_sign_TPM    p_stdv_TPM    p_W_1t_TPM    p_W_2t_TPM
137664_South_Shetlands      19.95      6.49    0.74684      0.192508      0.139272      0.041149      0.082299
W6518/18_pup             19.85      6.03    0.70769      0.077942      0.097386      0.014221      0.028441
A1074_Bouvetoya          19.85      5.67    0.71383      0.049664      0.019973      0.003581      0.007162
MIAGM13068_Marion_island      19.90      6.23    0.73218      0.304287      0.082787      0.023752      0.047505
MI2252_Macquarie         19.79      5.44    0.69097      0.244806      0.253970      0.102190      0.204380
Population              mean_N    mean_k    mean_He    p_sign_TPM    p_stdv_TPM    p_W_1t_TPM    p_W_2t_TPM
137714_South_Shetlands      19.90      6.08    0.74176      0.073423      0.094199      0.010658      0.021316
W6539                    19.64      6.03    0.72790      0.064506      0.115922      0.021425      0.042850
A1077_Bouvetoya          20.00      5.90    0.70958      0.096994      0.033030      0.006065      0.012131
MIAGM13138_Marion_island      19.90      5.87    0.72537      0.283743      0.048003      0.025416      0.050833
MI2251_Macquarie         19.79      4.95    0.67667      0.131773      0.058995      0.019946      0.039893
Population              mean_N    mean_k    mean_He    p_sign_TPM    p_stdv_TPM    p_W_1t_TPM    p_W_2t_TPM
137691_South_Shetlands      19.59      6.15    0.72927      0.461555      0.159081      0.063749      0.127497
W9177_mum                19.85      6.28    0.73604      0.548317      0.330149      0.171513      0.343026
BI10_Bouvetoya           19.85      5.74    0.69166      0.340507      0.356674      0.240836      0.481672
CI40_Crozet              19.95      6.26    0.71478      0.521550      0.466489      0.392663      0.785327
MI1595_Macquarie         19.64      5.51    0.69764      0.079696      0.050783      0.009943      0.019885
Population              mean_N    mean_k    mean_He    p_sign_TPM    p_stdv_TPM    p_W_1t_TPM    p_W_2t_TPM
137720_South_Shetlands      19.69      6.23    0.72840      0.118762      0.073086      0.033049      0.066098
AGP14180                 19.69      6.18    0.72186      0.233883      0.205810      0.070192      0.140385
A1097_Bouvetoya          19.95      5.87    0.72292      0.066414      0.013912      0.006575      0.013149
CI38_Crozet              19.79      6.08    0.72849      0.069525      0.023144      0.001010      0.002021
MI2260_Macquarie         19.69      5.49    0.69994      0.137001      0.098217      0.021449      0.042898
Population              mean_N    mean_k    mean_He    p_sign_TPM    p_stdv_TPM    p_W_1t_TPM    p_W_2t_TPM
137720_South_Shetlands      19.95      6.38    0.72883      0.544871      0.316477      0.164510      0.329021
SG7_South_Georgia        19.85      5.79    0.70253      0.527868      0.422527      0.174959      0.349918
A1087_Bouvetoya          19.74      5.87    0.69743      0.236669      0.328183      0.647870      0.714546
CI38_Crozet              19.74      5.90    0.71364      0.451547      0.209613      0.138340      0.276680
MI1667_Macquarie         19.59      5.51    0.70176      0.261766      0.044505      0.025432      0.050864
Population              mean_N    mean_k    mean_He    p_sign_TPM    p_stdv_TPM    p_W_1t_TPM    p_W_2t_TPM
137721_South_Shetlands      19.90      6.21    0.71927      0.425009      0.361089      0.475250      0.950500
W9170_mum                19.69      6.08    0.71092      0.489019      0.396078      0.426089      0.852178
BI21_Bouvetoya           19.74      5.54    0.69621      0.506020      0.243707      0.198233      0.396465
CI29_Crozet              19.90      6.21    0.72283      0.329859      0.143202      0.118674      0.237349
MI2267_Macquarie         19.79      5.36    0.70010      0.504205      0.175134      0.087400      0.174800
Population              mean_N    mean_k    mean_He    p_sign_TPM    p_stdv_TPM    p_W_1t_TPM    p_W_2t_TPM
137689_South_Shetlands      20.00      6.33    0.72955      0.213146      0.248106      0.436968      0.873937
W6531/31                 19.59      5.82    0.72546      0.457287      0.097300      0.060283      0.120565
A1023_Bouvetoya          19.95      5.72    0.71477      0.146834      0.244472      0.127569      0.255139
CI5_Crozet               19.79      5.85    0.69958      0.373187      0.394859      0.190280      0.380559
MI1685_Macquarie         19.79      5.64    0.69551      0.409034      0.495854      0.283250      0.566500
Population              mean_N    mean_k    mean_He    p_sign_TPM    p_stdv_TPM    p_W_1t_TPM    p_W_2t_TPM
137718_South_Shetlands      20.00      6.21    0.72996      0.544793      0.299395      0.129284      0.258568
W9175_pup                19.69      6.13    0.72514      0.566624      0.157270      0.077077      0.154154
A1078_Bouvetoya          19.74      5.54    0.69754      0.245704      0.233939      0.133745      0.267489
MIAGM13121_Marion_island      19.85      6.51    0.73809      0.301057      0.349758      0.316915      0.633830
MI2259_Macquarie         19.69      5.23    0.69427      0.089270      0.026431      0.015506      0.031013
Population              mean_N    mean_k    mean_He    p_sign_TPM    p_stdv_TPM    p_W_1t_TPM    p_W_2t_TPM
137716_South_Shetlands      19.74      6.54    0.74290      0.519919      0.241980      0.092369      0.184738
W9133_pup                19.79      6.23    0.72990      0.315414      0.277523      0.090060      0.180119
BI25_Bouvetoya           19.90      5.64    0.71744      0.302621      0.067972      0.023752      0.047505
CI29_Crozet              19.69      5.79    0.72082      0.016587      0.019388      0.001486      0.002971
MI2254_Macquarie         19.74      5.49    0.69721      0.170026      0.178128      0.065537      0.131075
Population              mean_N    mean_k    mean_He    p_sign_TPM    p_stdv_TPM    p_W_1t_TPM    p_W_2t_TPM
137720_South_Shetlands      19.85      6.28    0.73556      0.428852      0.403311      0.138340      0.276680
W6525/25                 19.79      6.28    0.73664      0.350810      0.207023      0.135276      0.270551
BI25_Bouvetoya           20.00      5.79    0.71228      0.204738      0.145996      0.037504      0.075008
CI28_Crozet              19.95      5.72    0.70444      0.033128      0.068429      0.004586      0.009172
MI1665_Macquarie         19.95      5.56    0.70419      0.148968      0.090569      0.047832      0.095663
Population              mean_N    mean_k    mean_He    p_sign_TPM    p_stdv_TPM    p_W_1t_TPM    p_W_2t_TPM
137664_South_Shetlands      19.54      6.13    0.73182      0.125263      0.128595      0.015544      0.031088
SG8_South_Georgia        19.85      5.90    0.71847      0.002811      0.023141      0.001410      0.002819
A1072_Bouvetoya          19.79      5.85    0.71496      0.257473      0.181601      0.112987      0.225975
CI5_Crozet               19.74      6.05    0.72952      0.011235      0.003509      0.000082      0.000163
MI2255_Macquarie         19.74      5.31    0.69642      0.296767      0.191490      0.055356      0.110712
Population              mean_N    mean_k    mean_He    p_sign_TPM    p_stdv_TPM    p_W_1t_TPM    p_W_2t_TPM
137722_South_Shetlands      20.00      6.03    0.73374      0.130539      0.105511      0.033049      0.066098
W6550                    19.95      6.03    0.73404      0.005714      0.021041      0.000528      0.001055
A1085_Bouvetoya          19.85      5.97    0.71579      0.098957      0.246961      0.055661      0.111322
CI25_Crozet              19.85      6.26    0.73288      0.133086      0.130788      0.023043      0.046087
MI2254_Macquarie         19.95      5.31    0.67823      0.526308      0.284986      0.169188      0.338376
