Population              mean_N    mean_k    mean_He    p_sign_TPM    p_stdv_TPM    p_W_1t_TPM    p_W_2t_TPM
137719_South_Shetlands      19.79      6.28    0.73107      0.452872      0.429162      0.326829      0.653658
W9173_pup                19.90      6.05    0.72428      0.234615      0.430409      0.347014      0.694029
A1092_Bouvetoya          19.85      5.49    0.69411      0.150867      0.301088      0.102190      0.204380
MIAGM13143_Marion_island      19.85      6.05    0.72770      0.558627      0.319840      0.154351      0.308703
MI2265_Macquarie         19.85      5.23    0.68534      0.200802      0.159016      0.063749      0.127497
Population              mean_N    mean_k    mean_He    p_sign_TPM    p_stdv_TPM    p_W_1t_TPM    p_W_2t_TPM
137679_South_Shetlands      19.85      6.26    0.74079      0.435450      0.133403      0.075056      0.150111
W9172_mum                19.74      5.95    0.72290      0.119651      0.080604      0.015544      0.031088
BI8_Bouvetoya            19.95      5.79    0.70489      0.088578      0.273176      0.029407      0.058814
CI27_Crozet              19.85      5.97    0.70839      0.016362      0.020882      0.004782      0.009564
MI2250_Macquarie         19.90      5.49    0.70188      0.306462      0.250654      0.110216      0.220433
Population              mean_N    mean_k    mean_He    p_sign_TPM    p_stdv_TPM    p_W_1t_TPM    p_W_2t_TPM
137710_South_Shetlands      19.79      6.18    0.73374      0.474238      0.141195      0.035932      0.071863
ATP25                    19.90      6.05    0.71593      0.138799      0.216455      0.043564      0.087128
BI19_Bouvetoya           19.79      6.00    0.72144      0.106110      0.053991      0.022179      0.044358
MIAGM13140_Marion_island      19.79      6.23    0.73274      0.213661      0.131277      0.029030      0.058060
MI2251_Macquarie         19.69      5.26    0.69877      0.087021      0.022933      0.009543      0.019087
Population              mean_N    mean_k    mean_He    p_sign_TPM    p_stdv_TPM    p_W_1t_TPM    p_W_2t_TPM
137686_South_Shetlands      19.90      6.26    0.72337      0.056855      0.129762      0.020692      0.041384
W6541/41_pup             19.85      5.95    0.73326      0.346923      0.111870      0.067364      0.134728
A1040_Bouvetoya          19.95      5.59    0.72056      0.035202      0.008719      0.002145      0.004289
MIAGM13141_Marion_island      19.79      6.08    0.71125      0.450355      0.388857      0.388632      0.777263
MI2259_Macquarie         19.74      5.51    0.69015      0.205375      0.191226      0.774413      0.459558
Population              mean_N    mean_k    mean_He    p_sign_TPM    p_stdv_TPM    p_W_1t_TPM    p_W_2t_TPM
137684_South_Shetlands      19.74      6.23    0.75038      0.129462      0.042332      0.005322      0.010643
AGP14096                 19.79      6.05    0.72924      0.468128      0.216290      0.092369      0.184738
A1044_Bouvetoya          19.79      5.74    0.70998      0.105490      0.064220      0.017448      0.034896
CI5_Crozet               19.74      6.00    0.72573      0.113625      0.057378      0.005322      0.010643
MI2253_Macquarie         19.79      5.33    0.68817      0.379531      0.170147      0.071132      0.142264
Population              mean_N    mean_k    mean_He    p_sign_TPM    p_stdv_TPM    p_W_1t_TPM    p_W_2t_TPM
137711_South_Shetlands      20.00      6.51    0.74332      0.015403      0.030243      0.002474      0.004949
Y/B142/43                19.59      5.90    0.71769      0.051971      0.141706      0.023043      0.046087
BI1_Bouvetoya            19.85      5.67    0.71044      0.393283      0.292862      0.130632      0.261265
CI30_Crozet              19.64      6.00    0.72753      0.442846      0.102865      0.077077      0.154154
MI2267_Macquarie         19.44      5.33    0.69188      0.484304      0.161734      0.085095      0.170191
Population              mean_N    mean_k    mean_He    p_sign_TPM    p_stdv_TPM    p_W_1t_TPM    p_W_2t_TPM
137722_South_Shetlands      20.00      6.28    0.72497      0.298377      0.481054      0.312005      0.624010
W6513/13                 19.85      5.87    0.71281      0.111710      0.131446      0.042425      0.084850
A1016_Bouvetoya          19.85      5.44    0.70439      0.204463      0.031167      0.005281      0.010562
MIAGM13139_Marion_island      20.00      6.13    0.72578      0.116385      0.119350      0.036173      0.072347
MI1665_Macquarie         19.74      5.31    0.69209      0.091034      0.085121      0.016567      0.033135
Population              mean_N    mean_k    mean_He    p_sign_TPM    p_stdv_TPM    p_W_1t_TPM    p_W_2t_TPM
137701_South_Shetlands      19.79      6.21    0.73303      0.218025      0.118813      0.022955      0.045909
W08                      19.64      6.05    0.72656      0.213858      0.342713      0.079138      0.158277
BI14_Bouvetoya           19.74      5.92    0.71344      0.537594      0.064448      0.025616      0.051233
MIAGM13126_Marion_island      19.95      6.10    0.72009      0.346308      0.161294      0.107493      0.214987
MI2270_Macquarie         19.74      5.49    0.68293      0.296373      0.270461      0.133854      0.267707
Population              mean_N    mean_k    mean_He    p_sign_TPM    p_stdv_TPM    p_W_1t_TPM    p_W_2t_TPM
137693_South_Shetlands      19.90      6.21    0.71738      0.560122      0.444765      0.383349      0.766699
W9177_mum                19.85      6.03    0.72586      0.081312      0.042119      0.007745      0.015490
A1093_Bouvetoya          19.79      5.77    0.70926      0.275654      0.190806      0.044952      0.089904
CI5_Crozet               19.79      5.97    0.73615      0.006768      0.050373      0.001181      0.002361
MI2270_Macquarie         19.59      5.41    0.68702      0.320218      0.483546      0.383349      0.766699
Population              mean_N    mean_k    mean_He    p_sign_TPM    p_stdv_TPM    p_W_1t_TPM    p_W_2t_TPM
137690_South_Shetlands      19.74      5.82    0.71824      0.162313      0.052380      0.002022      0.004043
W6537                    19.85      6.05    0.72427      0.418840      0.238689      0.063749      0.127497
BI3_Bouvetoya            19.79      5.72    0.70590      0.288586      0.127846      0.016779      0.033559
MIAGM13045_Marion_island      20.00      6.05    0.71552      0.144337      0.188853      0.074235      0.148469
MI2259_Macquarie         19.79      5.38    0.70347      0.276281      0.198857      0.079138      0.158277
Population              mean_N    mean_k    mean_He    p_sign_TPM    p_stdv_TPM    p_W_1t_TPM    p_W_2t_TPM
137718_South_Shetlands      19.85      6.08    0.71707      0.045741      0.076194      0.009543      0.019087
W9165_mum                19.79      6.00    0.73113      0.045483      0.018072      0.000284      0.000568
A1030_Bouvetoya          19.90      5.59    0.70699      0.092428      0.021637      0.001565      0.003130
CI34_Crozet              19.95      6.13    0.71530      0.448012      0.322346      0.123475      0.246950
MI1680_Macquarie         19.90      5.41    0.70794      0.224665      0.047521      0.017857      0.035713
Population              mean_N    mean_k    mean_He    p_sign_TPM    p_stdv_TPM    p_W_1t_TPM    p_W_2t_TPM
137718_South_Shetlands      19.90      6.26    0.71913      0.563009      0.445950      0.352130      0.704261
ATP16                    19.90      5.85    0.71786      0.243246      0.042022      0.022234      0.044469
A1065_Bouvetoya          19.90      6.05    0.72306      0.326815      0.176824      0.075056      0.150111
CI39_Crozet              19.85      6.10    0.72073      0.200048      0.200081      0.092369      0.184738
MI2256_Macquarie         19.74      5.41    0.69937      0.462612      0.108500      0.064442      0.128884
Population              mean_N    mean_k    mean_He    p_sign_TPM    p_stdv_TPM    p_W_1t_TPM    p_W_2t_TPM
137716_South_Shetlands      19.54      6.44    0.73907      0.491472      0.387880      0.099554      0.199107
W6538                    19.49      6.05    0.71681      0.514810      0.159450      0.085095      0.170191
A1087_Bouvetoya          19.54      5.74    0.71655      0.122605      0.046590      0.012162      0.024323
CI21_Crozet              19.79      6.26    0.73904      0.443839      0.235571      0.154351      0.308703
MI1669_Macquarie         19.33      5.46    0.68081      0.310699      0.227925      0.601812      0.807465
Population              mean_N    mean_k    mean_He    p_sign_TPM    p_stdv_TPM    p_W_1t_TPM    p_W_2t_TPM
137707_South_Shetlands      19.54      6.03    0.73242      0.302479      0.131288      0.092369      0.184738
W9173_mum                19.69      5.97    0.72765      0.449610      0.056979      0.043731      0.087463
BI22_Bouvetoya           19.85      5.64    0.71452      0.251818      0.053004      0.020686      0.041373
CI5_Crozet               19.69      5.79    0.71986      0.058149      0.057231      0.027174      0.054348
MI2252_Macquarie         19.90      5.38    0.67422      0.401239      0.343041      0.214714      0.429428
Population              mean_N    mean_k    mean_He    p_sign_TPM    p_stdv_TPM    p_W_1t_TPM    p_W_2t_TPM
137714_South_Shetlands      20.00      6.21    0.72605      0.304453      0.224192      0.102035      0.204070
W9176_pup                19.64      6.18    0.72328      0.290978      0.308131      0.060283      0.120565
A1072_Bouvetoya          19.79      6.05    0.71170      0.420284      0.194626      0.048683      0.097367
CI5_Crozet               19.69      5.79    0.72840      0.004718      0.004733      0.000171      0.000343
MI1590_Macquarie         19.69      5.46    0.69113      0.558411      0.308044      0.197104      0.394207
Population              mean_N    mean_k    mean_He    p_sign_TPM    p_stdv_TPM    p_W_1t_TPM    p_W_2t_TPM
137691_South_Shetlands      19.90      6.31    0.74930      0.335380      0.024406      0.007143      0.014285
W6515/15_pup             19.79      5.79    0.69199      0.470822      0.453133      0.393934      0.787868
A1094_Bouvetoya          19.85      5.90    0.72391      0.356110      0.058285      0.012159      0.024319
CI34_Crozet              19.74      5.77    0.71985      0.124750      0.037318      0.006305      0.012611
MI2264_Macquarie         19.59      5.44    0.70791      0.025650      0.049931      0.027174      0.054348
Population              mean_N    mean_k    mean_He    p_sign_TPM    p_stdv_TPM    p_W_1t_TPM    p_W_2t_TPM
137705_South_Shetlands      19.90      6.13    0.72540      0.418684      0.098233      0.079138      0.158277
W9178_mum                19.74      5.85    0.73163      0.008901      0.012553      0.000235      0.000470
BI23_Bouvetoya           19.79      6.10    0.72367      0.040055      0.024550      0.001648      0.003296
CI38_Crozet              19.95      6.23    0.72240      0.193271      0.306174      0.225587      0.451174
MI1680_Macquarie         19.79      4.97    0.68486      0.222320      0.023376      0.013680      0.027359
Population              mean_N    mean_k    mean_He    p_sign_TPM    p_stdv_TPM    p_W_1t_TPM    p_W_2t_TPM
137692_South_Shetlands      20.00      6.26    0.74467      0.058057      0.064857      0.028090      0.056179
W5737/38                 19.74      6.23    0.72880      0.030234      0.067301      0.018617      0.037235
A1060_Bouvetoya          19.59      5.51    0.72070      0.031631      0.006087      0.001681      0.003361
CI24_Crozet              19.79      6.05    0.71573      0.476659      0.343363      0.392663      0.785327
MI1646_Macquarie         19.49      5.44    0.69510      0.467637      0.365349      0.089750      0.179501
Population              mean_N    mean_k    mean_He    p_sign_TPM    p_stdv_TPM    p_W_1t_TPM    p_W_2t_TPM
137708_South_Shetlands      19.95      6.23    0.73076      0.402421      0.388812      0.292696      0.585392
W9162_pup                19.85      6.05    0.70417      0.482638      0.292372      0.387160      0.774320
BI1_Bouvetoya            19.69      5.77    0.71359      0.158407      0.154123      0.043564      0.087128
CI5_Crozet               19.74      5.97    0.72706      0.015092      0.014217      0.000959      0.001917
MI1645_Macquarie         19.79      5.41    0.69222      0.287960      0.260020      0.246964      0.493928
Population              mean_N    mean_k    mean_He    p_sign_TPM    p_stdv_TPM    p_W_1t_TPM    p_W_2t_TPM
137715_South_Shetlands      19.90      5.95    0.72907      0.145403      0.013868      0.001922      0.003844
W6531/31                 19.79      6.18    0.73170      0.542740      0.126700      0.052248      0.104496
BI23_Bouvetoya           19.95      5.72    0.70483      0.370548      0.104466      0.059056      0.118111
CI1_Crozet               19.85      6.00    0.71189      0.134426      0.065908      0.020686      0.041373
MI1535_Macquarie         19.74      5.05    0.65434      0.284791      0.348151      0.278132      0.556265
Population              mean_N    mean_k    mean_He    p_sign_TPM    p_stdv_TPM    p_W_1t_TPM    p_W_2t_TPM
137712_South_Shetlands      19.74      6.21    0.73702      0.201693      0.272311      0.085567      0.171134
W6550                    19.79      6.00    0.72444      0.306590      0.302894      0.205275      0.410550
A1050_Bouvetoya          19.85      5.74    0.71569      0.152029      0.103673      0.038347      0.076694
CI29_Crozet              19.95      6.03    0.72098      0.418884      0.094209      0.023752      0.047505
MI2251_Macquarie         19.64      5.54    0.70195      0.488829      0.145205      0.099554      0.199107
Population              mean_N    mean_k    mean_He    p_sign_TPM    p_stdv_TPM    p_W_1t_TPM    p_W_2t_TPM
137689_South_Shetlands      19.95      6.28    0.73690      0.424296      0.140716      0.083383      0.166766
W9168_pup                19.59      6.05    0.73332      0.415902      0.097558      0.050746      0.101491
A1098_Bouvetoya          19.85      6.00    0.71375      0.348475      0.217605      0.076320      0.152639
MIAGM13140_Marion_island      19.79      6.05    0.72210      0.113000      0.057302      0.020692      0.041384
MI1662_Macquarie         19.74      5.69    0.69859      0.351677      0.365534      0.102190      0.204380
Population              mean_N    mean_k    mean_He    p_sign_TPM    p_stdv_TPM    p_W_1t_TPM    p_W_2t_TPM
137703_South_Shetlands      19.69      6.44    0.74790      0.324016      0.435508      0.213269      0.426539
W6552                    19.54      6.05    0.73815      0.180086      0.048362      0.009856      0.019713
BI18_Bouvetoya           19.74      5.87    0.70993      0.553340      0.463784      0.360214      0.720429
MIAGM13142_Marion_island      19.95      6.36    0.73508      0.193566      0.224007      0.053785      0.107569
MI1665_Macquarie         19.54      5.49    0.71469      0.029678      0.010303      0.004096      0.008191
Population              mean_N    mean_k    mean_He    p_sign_TPM    p_stdv_TPM    p_W_1t_TPM    p_W_2t_TPM
137692_South_Shetlands      20.00      6.26    0.72537      0.216222      0.237792      0.663136      0.683851
W6510/10                 19.85      6.23    0.72866      0.523878      0.115420      0.042210      0.084421
A1012_Bouvetoya          19.85      5.69    0.70757      0.040595      0.041474      0.003981      0.007961
CI21_Crozet              19.95      6.15    0.72636      0.291393      0.257686      0.161078      0.322156
MI2251_Macquarie         19.59      5.28    0.68264      0.399889      0.362224      0.263830      0.527660
Population              mean_N    mean_k    mean_He    p_sign_TPM    p_stdv_TPM    p_W_1t_TPM    p_W_2t_TPM
137716_South_Shetlands      19.79      6.10    0.71859      0.379142      0.199226      0.097075      0.194150
ATP38                    19.64      6.03    0.73444      0.027819      0.034558      0.001599      0.003198
A1100_Bouvetoya          19.74      5.95    0.72264      0.079481      0.052305      0.006812      0.013624
MIAGM13115_Marion_island      19.74      6.10    0.74054      0.018885      0.034488      0.004169      0.008338
MI2256_Macquarie         19.95      5.36    0.69008      0.523819      0.265423      0.097075      0.194150
Population              mean_N    mean_k    mean_He    p_sign_TPM    p_stdv_TPM    p_W_1t_TPM    p_W_2t_TPM
137714_South_Shetlands      19.90      6.15    0.72483      0.535585      0.335979      0.167989      0.335977
W9173_pup                19.79      6.10    0.73133      0.032159      0.157962      0.022179      0.044358
A1025_Bouvetoya          19.85      5.64    0.70491      0.401549      0.144112      0.117847      0.235693
MIAGM13131_Marion_island      19.95      5.97    0.73193      0.187828      0.013673      0.004882      0.009763
MI2262_Macquarie         19.59      5.44    0.69682      0.125237      0.135018      0.062607      0.125213
Population              mean_N    mean_k    mean_He    p_sign_TPM    p_stdv_TPM    p_W_1t_TPM    p_W_2t_TPM
137717_South_Shetlands      19.74      6.36    0.73393      0.396077      0.497060      0.404596      0.809191
W9164_pup                19.74      5.92    0.70051      0.317513      0.258264      0.491745      0.983491
A1071_Bouvetoya          20.00      5.72    0.71404      0.059856      0.050985      0.021425      0.042850
CI40_Crozet              19.59      6.23    0.73094      0.256781      0.220689      0.129284      0.258568
MI1669_Macquarie         19.79      5.23    0.68702      0.468671      0.152681      0.055661      0.111322
Population              mean_N    mean_k    mean_He    p_sign_TPM    p_stdv_TPM    p_W_1t_TPM    p_W_2t_TPM
137667_South_Shetlands      19.79      6.31    0.74381      0.546473      0.199009      0.081240      0.162480
W6532/32                 19.79      6.10    0.74099      0.030052      0.053971      0.009475      0.018950
A1051_Bouvetoya          19.95      5.56    0.68271      0.544259      0.282725      0.085890      0.171780
MIAGM13116_Marion_island      19.79      5.97    0.71955      0.317492      0.161180      0.061997      0.123994
MI2260_Macquarie         19.90      5.15    0.69006      0.200466      0.051765      0.019980      0.039961
Population              mean_N    mean_k    mean_He    p_sign_TPM    p_stdv_TPM    p_W_1t_TPM    p_W_2t_TPM
137704_South_Shetlands      19.85      6.31    0.73901      0.554924      0.264349      0.097116      0.194231
W9135_mum                19.69      5.95    0.72641      0.039524      0.032920      0.005720      0.011439
BI5_Bouvetoya            19.79      5.67    0.71516      0.517825      0.143983      0.094587      0.189174
MIAGM13107_Marion_island      19.69      6.03    0.73397      0.372731      0.025300      0.004782      0.009564
MI1675_Macquarie         19.85      5.23    0.67467      0.490209      0.327168      0.202281      0.404563
Population              mean_N    mean_k    mean_He    p_sign_TPM    p_stdv_TPM    p_W_1t_TPM    p_W_2t_TPM
137667_South_Shetlands      19.74      6.13    0.72693      0.218674      0.257547      0.115100      0.230200
W9136_pup                19.54      5.79    0.72245      0.120994      0.133322      0.079138      0.158277
BI17_Bouvetoya           19.44      5.87    0.71274      0.479902      0.249775      0.057339      0.114678
CI5_Crozet               19.64      6.13    0.72919      0.548378      0.294283      0.087792      0.175584
MI2267_Macquarie         19.79      5.49    0.67297      0.355482      0.096290      0.645363      0.719987
Population              mean_N    mean_k    mean_He    p_sign_TPM    p_stdv_TPM    p_W_1t_TPM    p_W_2t_TPM
137685_South_Shetlands      19.90      6.46    0.73876      0.532363      0.328818      0.193615      0.387231
W9162_mum                19.69      5.72    0.73431      0.002561      0.000954      0.000020      0.000039
A1085_Bouvetoya          20.00      5.67    0.69325      0.263347      0.205958      0.090770      0.181541
CI27_Crozet              19.79      6.13    0.71852      0.474204      0.252263      0.120638      0.241276
MI2250_Macquarie         19.85      5.56    0.70134      0.274957      0.447963      0.221438      0.442876
Population              mean_N    mean_k    mean_He    p_sign_TPM    p_stdv_TPM    p_W_1t_TPM    p_W_2t_TPM
137703_South_Shetlands      19.85      5.97    0.71070      0.421910      0.447658      0.167989      0.335977
W9162_mum                19.90      6.05    0.71355      0.320507      0.140182      0.054021      0.108042
A1050_Bouvetoya          19.85      5.51    0.70321      0.002944      0.005654      0.000852      0.001705
CI31_Crozet              19.74      5.95    0.71770      0.075919      0.109892      0.022234      0.044469
MI2269_Macquarie         19.85      5.41    0.69740      0.141796      0.310219      0.238288      0.476577
Population              mean_N    mean_k    mean_He    p_sign_TPM    p_stdv_TPM    p_W_1t_TPM    p_W_2t_TPM
137701_South_Shetlands      19.90      6.15    0.72358      0.468344      0.326920      0.186067      0.372133
W9171_mum                19.74      6.03    0.71869      0.219731      0.416314      0.079138      0.158277
A1081_Bouvetoya          19.85      5.59    0.68550      0.444167      0.350768      0.292794      0.585588
CI25_Crozet              19.95      6.13    0.72160      0.458964      0.366571      0.287955      0.575910
MI1451_Macquarie         19.49      5.26    0.69217      0.099985      0.277858      0.049324      0.098649
Population              mean_N    mean_k    mean_He    p_sign_TPM    p_stdv_TPM    p_W_1t_TPM    p_W_2t_TPM
137704_South_Shetlands      19.79      6.21    0.73651      0.444434      0.323894      0.126357      0.252714
W6516/16_pup             19.74      5.92    0.71036      0.421262      0.289279      0.081240      0.162480
BI21_Bouvetoya           19.79      5.92    0.72143      0.087760      0.066614      0.011227      0.022454
MIAGM13133_Marion_island      19.85      6.13    0.73997      0.196441      0.038063      0.004674      0.009348
MI2270_Macquarie         20.00      5.44    0.69217      0.141477      0.068294      0.024734      0.049468
Population              mean_N    mean_k    mean_He    p_sign_TPM    p_stdv_TPM    p_W_1t_TPM    p_W_2t_TPM
137689_South_Shetlands      19.95      6.46    0.74013      0.423037      0.255439      0.067364      0.134728
W6548                    19.54      5.95    0.72771      0.189827      0.077711      0.025416      0.050833
BI25_Bouvetoya           19.90      5.85    0.70684      0.362099      0.419883      0.268557      0.537113
CI20_Crozet              19.95      6.15    0.72110      0.539490      0.250702      0.186067      0.372133
MI1599_Macquarie         19.69      5.51    0.70033      0.297332      0.186398      0.061997      0.123994
Population              mean_N    mean_k    mean_He    p_sign_TPM    p_stdv_TPM    p_W_1t_TPM    p_W_2t_TPM
137708_South_Shetlands      19.85      6.33    0.73108      0.387415      0.448417      0.278132      0.556265
W6511/11_pup             19.79      5.79    0.70558      0.410106      0.489002      0.175083      0.350166
BI6_Bouvetoya            19.74      5.77    0.70782      0.254346      0.074058      0.031466      0.062932
CI1_Crozet               20.00      6.00    0.72308      0.017722      0.012807      0.001565      0.003130
MI1667_Macquarie         19.85      5.28    0.69617      0.065558      0.086040      0.015544      0.031088
Population              mean_N    mean_k    mean_He    p_sign_TPM    p_stdv_TPM    p_W_1t_TPM    p_W_2t_TPM
137711_South_Shetlands      19.90      6.44    0.74613      0.002240      0.035396      0.000445      0.000891
W9176_pup                19.85      6.18    0.74431      0.036457      0.022356      0.004674      0.009348
A1089_Bouvetoya          19.85      5.92    0.70925      0.334116      0.112000      0.057339      0.114678
MIAGM13138_Marion_island      19.95      6.28    0.73085      0.280872      0.094867      0.032005      0.064009
MI1606_Macquarie         19.64      5.33    0.68509      0.434613      0.446048      0.297472      0.594945
Population              mean_N    mean_k    mean_He    p_sign_TPM    p_stdv_TPM    p_W_1t_TPM    p_W_2t_TPM
137715_South_Shetlands      19.90      6.69    0.74814      0.133812      0.297592      0.049277      0.098554
W6538                    19.85      5.95    0.70239      0.256697      0.413448      0.534264      0.942872
A1058_Bouvetoya          19.90      5.90    0.70557      0.152251      0.116888      0.033639      0.067279
CI27_Crozet              19.79      6.13    0.71348      0.296452      0.250367      0.050259      0.100519
MI1599_Macquarie         19.85      5.51    0.70947      0.155467      0.021998      0.003800      0.007599
Population              mean_N    mean_k    mean_He    p_sign_TPM    p_stdv_TPM    p_W_1t_TPM    p_W_2t_TPM
137722_South_Shetlands      19.85      6.10    0.71488      0.335961      0.107826      0.060811      0.121623
W9174_pup                19.74      6.03    0.70877      0.454746      0.409817      0.198233      0.396465
BI7_Bouvetoya            19.74      5.56    0.70388      0.365308      0.193423      0.047832      0.095663
CI39_Crozet              19.95      6.03    0.71975      0.482312      0.130988      0.049324      0.098649
MI2265_Macquarie         19.90      5.56    0.69021      0.242459      0.149325      0.072192      0.144384
Population              mean_N    mean_k    mean_He    p_sign_TPM    p_stdv_TPM    p_W_1t_TPM    p_W_2t_TPM
137646_South_Shetlands      19.90      6.10    0.72142      0.013297      0.155917      0.008750      0.017501
W9138_pup                19.85      6.13    0.72342      0.150102      0.433276      0.087400      0.174800
A1070_Bouvetoya          19.74      5.72    0.69480      0.421510      0.467171      0.251363      0.502726
MIAGM13140_Marion_island      19.90      6.03    0.71615      0.255923      0.149972      0.094587      0.189174
MI2270_Macquarie         19.59      5.08    0.68718      0.348657      0.050876      0.027459      0.054917
Population              mean_N    mean_k    mean_He    p_sign_TPM    p_stdv_TPM    p_W_1t_TPM    p_W_2t_TPM
137717_South_Shetlands      20.00      6.41    0.74345      0.400451      0.202665      0.085567      0.171134
ATF35                    19.85      5.59    0.70993      0.083851      0.036984      0.009943      0.019885
A1054_Bouvetoya          19.85      5.72    0.70544      0.418478      0.144774      0.095848      0.191696
CI40_Crozet              20.00      5.92    0.71498      0.054507      0.038930      0.025432      0.050864
MI1638_Macquarie         19.85      5.26    0.67701      0.261193      0.428010      0.186376      0.372752
Population              mean_N    mean_k    mean_He    p_sign_TPM    p_stdv_TPM    p_W_1t_TPM    p_W_2t_TPM
137715_South_Shetlands      19.54      6.59    0.73804      0.313147      0.351782      0.107128      0.214257
W6756                    19.69      5.64    0.70907      0.552621      0.273084      0.151057      0.302114
A1041_Bouvetoya          20.00      5.67    0.71120      0.034442      0.010387      0.000867      0.001734
CI39_Crozet              19.74      5.92    0.69781      0.189675      0.460081      0.488566      0.977133
MI1688_Macquarie         19.49      5.62    0.70484      0.473293      0.232560      0.092146      0.184292
Population              mean_N    mean_k    mean_He    p_sign_TPM    p_stdv_TPM    p_W_1t_TPM    p_W_2t_TPM
137704_South_Shetlands      19.79      5.95    0.72616      0.321229      0.201497      0.034121      0.068242
W9137_mum                19.79      5.97    0.70603      0.321871      0.246247      0.632367      0.745698
A1099_Bouvetoya          19.74      5.82    0.70469      0.517545      0.324100      0.218952      0.437905
MIAGM13140_Marion_island      19.85      6.08    0.73348      0.308519      0.038184      0.010658      0.021316
MI2267_Macquarie         19.79      5.23    0.67872      0.422732      0.180135      0.033776      0.067553
Population              mean_N    mean_k    mean_He    p_sign_TPM    p_stdv_TPM    p_W_1t_TPM    p_W_2t_TPM
137723_South_Shetlands      19.79      6.21    0.73418      0.197702      0.083901      0.039904      0.079809
ATF36                    19.79      5.79    0.72143      0.301500      0.230913      0.067364      0.134728
A1049_Bouvetoya          19.95      5.46    0.70028      0.084306      0.019971      0.006523      0.013047
CI31_Crozet              19.85      6.08    0.73145      0.045123      0.026656      0.002857      0.005714
MI2264_Macquarie         19.79      5.46    0.69789      0.207755      0.154290      0.043731      0.087463
Population              mean_N    mean_k    mean_He    p_sign_TPM    p_stdv_TPM    p_W_1t_TPM    p_W_2t_TPM
137719_South_Shetlands      19.95      6.26    0.73158      0.061126      0.217151      0.030987      0.061974
W6550                    19.79      5.87    0.71023      0.354329      0.102199      0.078448      0.156895
A1059_Bouvetoya          19.95      5.64    0.71119      0.311459      0.059503      0.018851      0.037703
CI27_Crozet              19.64      6.18    0.72515      0.482955      0.267172      0.141450      0.282901
MI1665_Macquarie         19.79      5.41    0.69803      0.073150      0.041441      0.052419      0.104837
Population              mean_N    mean_k    mean_He    p_sign_TPM    p_stdv_TPM    p_W_1t_TPM    p_W_2t_TPM
137652_South_Shetlands      19.90      6.36    0.73391      0.298562      0.279997      0.595404      0.819906
W6537/37_FWB_pup         19.79      6.00    0.72663      0.491198      0.183409      0.026525      0.053049
BI8_Bouvetoya            19.85      5.64    0.72037      0.063583      0.066533      0.049277      0.098554
CI38_Crozet              19.85      6.18    0.72954      0.011902      0.073361      0.006305      0.012611
MI2262_Macquarie         19.85      5.64    0.69238      0.452281      0.353130      0.415327      0.830654
Population              mean_N    mean_k    mean_He    p_sign_TPM    p_stdv_TPM    p_W_1t_TPM    p_W_2t_TPM
137706_South_Shetlands      19.85      6.41    0.74075      0.341514      0.153245      0.087792      0.175584
W6701_pup                19.74      5.87    0.72669      0.119991      0.079530      0.014440      0.028879
A1034_Bouvetoya          19.90      5.46    0.72060      0.001774      0.001162      0.000471      0.000943
CI21_Crozet              20.00      6.00    0.72753      0.058232      0.047191      0.011514      0.023028
MI2246_Macquarie         19.85      5.38    0.68617      0.132019      0.089809      0.015356      0.030713
Population              mean_N    mean_k    mean_He    p_sign_TPM    p_stdv_TPM    p_W_1t_TPM    p_W_2t_TPM
137702_South_Shetlands      19.85      6.21    0.73849      0.126206      0.139703      0.036348      0.072695
W9168_pup                19.95      6.05    0.72241      0.420287      0.199289      0.075056      0.150111
A1044_Bouvetoya          19.90      5.97    0.71873      0.194073      0.136802      0.085567      0.171134
CI32_Crozet              19.90      6.00    0.69717      0.244826      0.374197      0.458796      0.917591
MI2270_Macquarie         19.74      5.44    0.70099      0.243836      0.074281      0.025616      0.051233
Population              mean_N    mean_k    mean_He    p_sign_TPM    p_stdv_TPM    p_W_1t_TPM    p_W_2t_TPM
137707_South_Shetlands      19.79      6.08    0.71549      0.469408      0.483728      0.331832      0.663664
W12                      19.90      6.10    0.73041      0.105430      0.123870      0.075056      0.150111
A1063_Bouvetoya          19.69      5.97    0.72052      0.455727      0.483568      0.283250      0.566500
CI5_Crozet               19.79      6.05    0.72393      0.134384      0.183003      0.081240      0.162480
MI2270_Macquarie         19.79      5.18    0.66225      0.543603      0.440176      0.241377      0.482754
Population              mean_N    mean_k    mean_He    p_sign_TPM    p_stdv_TPM    p_W_1t_TPM    p_W_2t_TPM
137694_South_Shetlands      19.90      6.18    0.71420      0.299660      0.440223      0.229779      0.459558
W9167_mum                19.69      6.08    0.72367      0.153863      0.039277      0.011685      0.023371
A1085_Bouvetoya          19.69      5.56    0.70739      0.145697      0.068241      0.015356      0.030713
MIAGM13115_Marion_island      19.79      6.18    0.72146      0.237415      0.101849      0.029407      0.058814
MI1519_Macquarie         19.64      5.13    0.67346      0.253918      0.460882      0.270272      0.540545
Population              mean_N    mean_k    mean_He    p_sign_TPM    p_stdv_TPM    p_W_1t_TPM    p_W_2t_TPM
137723_South_Shetlands      19.79      6.23    0.72790      0.551250      0.442233      0.171513      0.343026
AGP96018                 19.69      6.18    0.72621      0.314278      0.482851      0.189818      0.379637
BI17_Bouvetoya           19.90      5.69    0.70914      0.194283      0.089762      0.025416      0.050833
MIAGM13117_Marion_island      19.69      5.90    0.71543      0.132198      0.072585      0.017202      0.034404
MI2269_Macquarie         19.59      5.38    0.69536      0.351529      0.300976      0.102190      0.204380
Population              mean_N    mean_k    mean_He    p_sign_TPM    p_stdv_TPM    p_W_1t_TPM    p_W_2t_TPM
137719_South_Shetlands      19.69      6.10    0.72610      0.066397      0.154914      0.067364      0.134728
ATP29                    19.64      5.85    0.70798      0.151409      0.147257      0.016567      0.033135
BI5_Bouvetoya            19.79      5.95    0.72097      0.002111      0.025445      0.002349      0.004697
MIAGM13120_Marion_island      20.00      6.13    0.72456      0.301390      0.292192      0.138340      0.276680
MI1597_Macquarie         19.59      5.15    0.69572      0.159775      0.131337      0.033639      0.067279
Population              mean_N    mean_k    mean_He    p_sign_TPM    p_stdv_TPM    p_W_1t_TPM    p_W_2t_TPM
137695_South_Shetlands      19.90      6.49    0.74862      0.236891      0.187744      0.037504      0.075008
W6537/37_FWB_pup         19.74      6.10    0.72401      0.429538      0.108332      0.045069      0.090139
A1063_Bouvetoya          19.74      5.79    0.71211      0.567019      0.466060      0.225587      0.451174
CI30_Crozet              19.79      5.87    0.72061      0.553026      0.112237      0.042425      0.084850
MI2267_Macquarie         19.79      5.64    0.70426      0.426982      0.482364      0.178715      0.357431
Population              mean_N    mean_k    mean_He    p_sign_TPM    p_stdv_TPM    p_W_1t_TPM    p_W_2t_TPM
137710_South_Shetlands      19.90      6.38    0.73543      0.204974      0.082435      0.019980      0.039961
W9171_mum                19.69      5.82    0.72284      0.129233      0.145639      0.115100      0.230200
A1028_Bouvetoya          19.95      5.87    0.71478      0.173629      0.098435      0.020686      0.041373
MIAGM13126_Marion_island      19.90      5.90    0.70518      0.323676      0.409213      0.264798      0.529596
MI1586_Macquarie         19.79      5.64    0.71204      0.190013      0.120360      0.029995      0.059991
Population              mean_N    mean_k    mean_He    p_sign_TPM    p_stdv_TPM    p_W_1t_TPM    p_W_2t_TPM
137719_South_Shetlands      19.95      6.23    0.71778      0.243039      0.435931      0.223238      0.446475
W04                      19.59      6.10    0.73981      0.061806      0.218512      0.036348      0.072695
BI5_Bouvetoya            19.85      5.85    0.71906      0.062930      0.033450      0.004281      0.008562
MIAGM13133_Marion_island      19.85      6.05    0.73559      0.031332      0.024263      0.003422      0.006844
MI1680_Macquarie         19.74      5.05    0.68172      0.104779      0.227945      0.073074      0.146148
Population              mean_N    mean_k    mean_He    p_sign_TPM    p_stdv_TPM    p_W_1t_TPM    p_W_2t_TPM
137717_South_Shetlands      19.95      6.03    0.73201      0.306048      0.309567      0.104560      0.209119
W6548                    19.95      6.03    0.71430      0.473069      0.304580      0.087400      0.174800
A1051_Bouvetoya          19.95      5.59    0.70133      0.055501      0.009726      0.000598      0.001196
CI1_Crozet               19.85      6.54    0.74002      0.448369      0.198367      0.090060      0.180119
MI1623_Macquarie         19.59      5.36    0.67512      0.412266      0.199604      0.556985      0.897361
Population              mean_N    mean_k    mean_He    p_sign_TPM    p_stdv_TPM    p_W_1t_TPM    p_W_2t_TPM
137715_South_Shetlands      19.90      6.23    0.71944      0.443959      0.465836      0.321856      0.643713
W9167_pup                19.95      6.00    0.71999      0.392134      0.040394      0.011685      0.023371
BI10_Bouvetoya           19.95      5.97    0.71356      0.189296      0.188990      0.171513      0.343026
MIAGM13143_Marion_island      19.64      6.28    0.72788      0.199520      0.399012      0.197457      0.394915
MI2265_Macquarie         19.90      5.69    0.71626      0.042349      0.035131      0.001827      0.003653
Population              mean_N    mean_k    mean_He    p_sign_TPM    p_stdv_TPM    p_W_1t_TPM    p_W_2t_TPM
137687_South_Shetlands      19.85      6.03    0.73498      0.460585      0.467709      0.205275      0.410550
W9133_mum                19.69      6.05    0.74001      0.014768      0.042045      0.011079      0.022158
BI8_Bouvetoya            19.90      5.72    0.70081      0.205834      0.289019      0.081204      0.162409
MIAGM13142_Marion_island      19.90      6.05    0.72976      0.004046      0.033131      0.009158      0.018315
MI2262_Macquarie         19.85      5.05    0.66272      0.238187      0.275850      0.143378      0.286757
Population              mean_N    mean_k    mean_He    p_sign_TPM    p_stdv_TPM    p_W_1t_TPM    p_W_2t_TPM
137712_South_Shetlands      19.74      6.23    0.73266      0.041175      0.215721      0.024573      0.049146
W9133_pup                19.59      5.92    0.72702      0.159067      0.019584      0.002022      0.004043
A1072_Bouvetoya          19.85      5.74    0.70349      0.473988      0.125290      0.060811      0.121623
MIAGM13141_Marion_island      19.79      6.00    0.72061      0.311072      0.269533      0.154351      0.308703
MI2258_Macquarie         19.95      5.41    0.69176      0.070685      0.058912      0.003626      0.007252
Population              mean_N    mean_k    mean_He    p_sign_TPM    p_stdv_TPM    p_W_1t_TPM    p_W_2t_TPM
137719_South_Shetlands      19.85      6.26    0.74321      0.346201      0.097592      0.035220      0.070440
W6537                    19.90      5.97    0.72438      0.069098      0.088804      0.031466      0.062932
A1071_Bouvetoya          19.85      5.82    0.70612      0.356850      0.173330      0.089750      0.179501
CI40_Crozet              20.00      6.08    0.72011      0.550919      0.341421      0.147809      0.295618
MI2259_Macquarie         20.00      5.36    0.69001      0.540593      0.335748      0.085095      0.170191
