Population              mean_N    mean_k    mean_He    p_sign_TPM    p_stdv_TPM    p_W_1t_TPM    p_W_2t_TPM
137719_South_Shetlands      19.95      6.46    0.72658      0.130322      0.095784      0.616651      0.777263
AGP11083                 19.85      5.97    0.72809      0.041825      0.169272      0.024734      0.049468
A1100_Bouvetoya          19.79      5.87    0.71688      0.121670      0.049495      0.015544      0.031088
CI31_Crozet              19.90      6.21    0.73337      0.058838      0.034552      0.003746      0.007492
MI2246_Macquarie         19.49      5.41    0.68241      0.378284      0.103710      0.736170      0.537113
Population              mean_N    mean_k    mean_He    p_sign_TPM    p_stdv_TPM    p_W_1t_TPM    p_W_2t_TPM
137706_South_Shetlands      19.95      6.36    0.72390      0.462475      0.328319      0.182360      0.364720
W6515/15_pup             19.85      6.28    0.72316      0.434499      0.388024      0.273949      0.547898
BI18_Bouvetoya           19.95      5.92    0.72145      0.007838      0.017867      0.001337      0.002675
CI22_Crozet              20.00      5.92    0.71781      0.021055      0.014206      0.000468      0.000937
MI1593_Macquarie         19.64      4.95    0.65902      0.237330      0.284302      0.156918      0.313835
Population              mean_N    mean_k    mean_He    p_sign_TPM    p_stdv_TPM    p_W_1t_TPM    p_W_2t_TPM
137719_South_Shetlands      19.85      6.36    0.73023      0.404761      0.424695      0.331832      0.663664
ATP25                    19.54      5.87    0.71342      0.401797      0.252027      0.055356      0.110712
BI25_Bouvetoya           19.90      5.51    0.70100      0.213512      0.042324      0.019289      0.038578
CI28_Crozet              19.79      5.74    0.71084      0.076892      0.026886      0.020686      0.041373
MI2262_Macquarie         19.85      5.38    0.68570      0.326887      0.273920      0.110216      0.220433
Population              mean_N    mean_k    mean_He    p_sign_TPM    p_stdv_TPM    p_W_1t_TPM    p_W_2t_TPM
137709_South_Shetlands      19.90      5.92    0.73829      0.462636      0.182406      0.112398      0.224797
ATP13                    19.85      6.13    0.71208      0.260396      0.145303      0.081240      0.162480
2280_Bouvetoya           19.90      5.77    0.70733      0.099328      0.124043      0.006348      0.012697
MIAGM13131_Marion_island      20.00      6.33    0.72537      0.196943      0.110221      0.042425      0.084850
MI1685_Macquarie         19.90      5.56    0.69679      0.349141      0.100468      0.049324      0.098649
Population              mean_N    mean_k    mean_He    p_sign_TPM    p_stdv_TPM    p_W_1t_TPM    p_W_2t_TPM
137673_South_Shetlands      19.90      6.23    0.72174      0.278137      0.493872      0.321856      0.643713
W6550                    19.95      6.23    0.71556      0.424196      0.308692      0.491745      0.983491
A1091_Bouvetoya          19.90      5.74    0.70631      0.023498      0.065711      0.009475      0.018950
CI31_Crozet              19.95      6.08    0.72691      0.031525      0.054801      0.012428      0.024856
MI2253_Macquarie         19.95      5.28    0.66868      0.348046      0.467809      0.076104      0.152207
Population              mean_N    mean_k    mean_He    p_sign_TPM    p_stdv_TPM    p_W_1t_TPM    p_W_2t_TPM
137722_South_Shetlands      19.79      6.23    0.73459      0.436061      0.306695      0.104560      0.209119
W6164/65                 19.64      6.00    0.73426      0.057037      0.088675      0.026283      0.052567
BI1_Bouvetoya            19.85      5.92    0.72293      0.175879      0.024740      0.003123      0.006247
MIAGM13139_Marion_island      19.69      6.33    0.73644      0.424767      0.166570      0.099554      0.199107
MI2270_Macquarie         19.38      5.23    0.70207      0.054807      0.026056      0.003971      0.007943
Population              mean_N    mean_k    mean_He    p_sign_TPM    p_stdv_TPM    p_W_1t_TPM    p_W_2t_TPM
137715_South_Shetlands      19.90      6.18    0.72596      0.310576      0.178183      0.046439      0.092879
W9170_pup                19.64      6.23    0.71592      0.041879      0.169129      0.064442      0.128884
BI25_Bouvetoya           20.00      5.62    0.70297      0.030524      0.021726      0.025416      0.050833
MIAGM13143_Marion_island      19.85      6.38    0.73086      0.031703      0.074045      0.018617      0.037235
MI2262_Macquarie         19.54      5.59    0.71421      0.110019      0.161343      0.045069      0.090139
Population              mean_N    mean_k    mean_He    p_sign_TPM    p_stdv_TPM    p_W_1t_TPM    p_W_2t_TPM
137685_South_Shetlands      19.69      6.15    0.73074      0.215094      0.410192      0.085567      0.171134
W6536/36_FWB_pup         19.95      6.36    0.74529      0.156135      0.072421      0.013402      0.026804
BI7_Bouvetoya            19.85      6.08    0.71986      0.343975      0.205199      0.050853      0.101706
CI34_Crozet              19.95      5.67    0.71391      0.126743      0.088192      0.018617      0.037235
MI1632_Macquarie         19.69      5.36    0.69265      0.144550      0.051752      0.011685      0.023371
Population              mean_N    mean_k    mean_He    p_sign_TPM    p_stdv_TPM    p_W_1t_TPM    p_W_2t_TPM
137679_South_Shetlands      19.85      6.08    0.70460      0.363498      0.278885      0.431718      0.863436
W9165_pup                19.79      6.21    0.73115      0.019926      0.077012      0.006245      0.012491
A1083_Bouvetoya          19.95      6.03    0.71185      0.234926      0.449917      0.231946      0.463892
CI27_Crozet              19.49      6.13    0.72323      0.497919      0.165338      0.099609      0.199218
MI2258_Macquarie         19.74      5.46    0.69395      0.154284      0.075771      0.017202      0.034404
Population              mean_N    mean_k    mean_He    p_sign_TPM    p_stdv_TPM    p_W_1t_TPM    p_W_2t_TPM
137723_South_Shetlands      20.00      6.28    0.73401      0.380506      0.072768      0.014779      0.029559
W6533                    19.69      6.03    0.72332      0.160986      0.066169      0.008079      0.016159
A1057_Bouvetoya          19.64      5.82    0.71851      0.124415      0.033796      0.001759      0.003518
CI39_Crozet              19.74      5.82    0.70984      0.049890      0.038422      0.011685      0.023371
MI2261_Macquarie         19.85      5.05    0.66887      0.344234      0.116370      0.049324      0.098649
Population              mean_N    mean_k    mean_He    p_sign_TPM    p_stdv_TPM    p_W_1t_TPM    p_W_2t_TPM
137714_South_Shetlands      19.90      5.72    0.71391      0.033425      0.031661      0.003746      0.007492
ATF43                    19.79      5.92    0.72034      0.429117      0.197348      0.126357      0.252714
A1087_Bouvetoya          19.79      5.77    0.71592      0.079248      0.052379      0.005471      0.010943
CI32_Crozet              19.90      6.08    0.71101      0.381359      0.282408      0.107493      0.214987
MI2267_Macquarie         19.85      5.51    0.70552      0.142496      0.305849      0.118674      0.237349
Population              mean_N    mean_k    mean_He    p_sign_TPM    p_stdv_TPM    p_W_1t_TPM    p_W_2t_TPM
137650_South_Shetlands      19.95      6.05    0.73266      0.541269      0.308252      0.161078      0.322156
W9171_mum                19.74      5.74    0.71038      0.189406      0.023205      0.006348      0.012697
BI1_Bouvetoya            19.49      5.56    0.72225      0.000696      0.002655      0.001022      0.002045
CI5_Crozet               19.79      6.03    0.71854      0.150514      0.077301      0.027459      0.054917
MI2269_Macquarie         19.44      5.31    0.69539      0.037294      0.077089      0.025616      0.051233
Population              mean_N    mean_k    mean_He    p_sign_TPM    p_stdv_TPM    p_W_1t_TPM    p_W_2t_TPM
137723_South_Shetlands      20.00      6.15    0.73414      0.445580      0.486429      0.260280      0.520561
SG28_South_Georgia       20.00      6.21    0.73144      0.227870      0.105133      0.065537      0.131075
A1085_Bouvetoya          19.74      5.72    0.70817      0.024524      0.056775      0.036173      0.072347
CI20_Crozet              19.85      6.00    0.72103      0.428345      0.189119      0.102035      0.204070
MI2260_Macquarie         19.79      5.36    0.68954      0.080856      0.142628      0.066318      0.132635
Population              mean_N    mean_k    mean_He    p_sign_TPM    p_stdv_TPM    p_W_1t_TPM    p_W_2t_TPM
137712_South_Shetlands      19.59      6.15    0.73912      0.121454      0.006900      0.000499      0.000997
W6558                    19.85      5.92    0.72290      0.428763      0.318322      0.167989      0.335977
A1096_Bouvetoya          19.85      5.44    0.68110      0.519010      0.418526      0.287868      0.575736
MIAGM13131_Marion_island      20.00      6.21    0.73171      0.194922      0.162916      0.077077      0.154154
MI1434_Macquarie         19.49      5.28    0.68698      0.197775      0.298021      0.167989      0.335977
Population              mean_N    mean_k    mean_He    p_sign_TPM    p_stdv_TPM    p_W_1t_TPM    p_W_2t_TPM
137673_South_Shetlands      19.95      6.03    0.72107      0.184344      0.126140      0.075056      0.150111
W9138_mum                19.79      6.00    0.70615      0.338068      0.370038      0.530241      0.950500
BI24_Bouvetoya           19.85      5.82    0.71465      0.009338      0.004070      0.000862      0.001725
CI38_Crozet              20.00      5.90    0.70607      0.489728      0.239659      0.156918      0.313835
MI2270_Macquarie         19.95      5.33    0.68137      0.229235      0.210798      0.085095      0.170191
Population              mean_N    mean_k    mean_He    p_sign_TPM    p_stdv_TPM    p_W_1t_TPM    p_W_2t_TPM
137691_South_Shetlands      19.74      6.08    0.72970      0.207924      0.083345      0.043731      0.087463
W6528/28_pup             19.85      6.13    0.71740      0.463249      0.481409      0.260280      0.520561
A1098_Bouvetoya          19.79      5.82    0.70922      0.125798      0.036966      0.016132      0.032265
MIAGM13142_Marion_island      19.95      6.08    0.71934      0.309208      0.071375      0.019289      0.038578
MI2249_Macquarie         19.69      5.67    0.71741      0.216320      0.033789      0.017857      0.035713
Population              mean_N    mean_k    mean_He    p_sign_TPM    p_stdv_TPM    p_W_1t_TPM    p_W_2t_TPM
137685_South_Shetlands      19.95      6.56    0.73705      0.064251      0.131431      0.038689      0.077379
W9170_pup                19.69      6.26    0.73161      0.466931      0.153738      0.099609      0.199218
BI5_Bouvetoya            19.79      5.67    0.71523      0.021003      0.008934      0.000968      0.001936
CI31_Crozet              20.00      6.10    0.74008      0.000703      0.009136      0.001410      0.002819
MI2253_Macquarie         19.95      5.38    0.68022      0.475154      0.379193      0.104818      0.209636
Population              mean_N    mean_k    mean_He    p_sign_TPM    p_stdv_TPM    p_W_1t_TPM    p_W_2t_TPM
137718_South_Shetlands      19.85      6.13    0.71438      0.259552      0.273499      0.140118      0.280235
W9170_mum                19.54      6.00    0.72060      0.367751      0.109945      0.049324      0.098649
A1100_Bouvetoya          19.95      5.82    0.69849      0.500972      0.411586      0.263830      0.527660
MIAGM13067_Marion_island      20.00      5.92    0.70729      0.364911      0.205128      0.099609      0.199218
MI1603_Macquarie         19.79      5.15    0.68373      0.162176      0.066279      0.018138      0.036277
Population              mean_N    mean_k    mean_He    p_sign_TPM    p_stdv_TPM    p_W_1t_TPM    p_W_2t_TPM
137723_South_Shetlands      19.79      6.15    0.72500      0.345825      0.247216      0.054021      0.108042
W6552                    19.74      5.87    0.71704      0.555226      0.286128      0.217332      0.434664
BI24_Bouvetoya           19.64      5.79    0.71248      0.025944      0.006317      0.000563      0.001126
MIAGM13127_Marion_island      20.00      6.15    0.71039      0.176580      0.353993      0.214714      0.429428
MI2267_Macquarie         19.69      5.36    0.70086      0.183361      0.123301      0.060283      0.120565
Population              mean_N    mean_k    mean_He    p_sign_TPM    p_stdv_TPM    p_W_1t_TPM    p_W_2t_TPM
137723_South_Shetlands      19.74      6.46    0.75467      0.086231      0.171850      0.050746      0.101491
W6514/14_pup             19.79      6.26    0.74099      0.115020      0.029933      0.006853      0.013707
A1094_Bouvetoya          19.64      5.64    0.68714      0.289634      0.081901      0.031509      0.063017
CI21_Crozet              19.74      6.08    0.73283      0.119981      0.057366      0.009856      0.019713
MI2262_Macquarie         19.79      4.95    0.68167      0.236446      0.045651      0.020686      0.041373
Population              mean_N    mean_k    mean_He    p_sign_TPM    p_stdv_TPM    p_W_1t_TPM    p_W_2t_TPM
137720_South_Shetlands      19.59      6.38    0.73204      0.113489      0.416047      0.107128      0.214257
W9168_pup                19.79      6.05    0.73362      0.014208      0.014264      0.000042      0.000085
A1091_Bouvetoya          19.64      5.69    0.70272      0.291142      0.022706      0.007939      0.015879
CI39_Crozet              19.74      5.97    0.72125      0.285093      0.100204      0.036348      0.072695
MI2260_Macquarie         19.90      5.18    0.66269      0.556428      0.423234      0.241377      0.482754
Population              mean_N    mean_k    mean_He    p_sign_TPM    p_stdv_TPM    p_W_1t_TPM    p_W_2t_TPM
137699_South_Shetlands      19.90      6.10    0.72646      0.073677      0.096566      0.052248      0.104496
W6558                    19.95      5.92    0.70537      0.075170      0.405504      0.616651      0.777263
A1098_Bouvetoya          19.90      5.87    0.70845      0.052638      0.058302      0.023633      0.047266
MIAGM13136_Marion_island      19.79      6.28    0.74352      0.092553      0.005445      0.001139      0.002279
MI2249_Macquarie         19.69      5.38    0.69133      0.121652      0.110468      0.041149      0.082299
Population              mean_N    mean_k    mean_He    p_sign_TPM    p_stdv_TPM    p_W_1t_TPM    p_W_2t_TPM
137709_South_Shetlands      19.95      6.08    0.74625      0.140545      0.100317      0.010658      0.021316
W6515/15_pup             19.69      5.95    0.72842      0.007061      0.022197      0.003145      0.006291
A1089_Bouvetoya          19.74      6.10    0.71972      0.215181      0.097947      0.017202      0.034404
MIAGM13136_Marion_island      19.64      6.31    0.74398      0.156408      0.130418      0.041149      0.082299
MI2270_Macquarie         20.00      5.67    0.69811      0.538826      0.402388      0.231946      0.463892
Population              mean_N    mean_k    mean_He    p_sign_TPM    p_stdv_TPM    p_W_1t_TPM    p_W_2t_TPM
137722_South_Shetlands      19.90      6.41    0.72767      0.129866      0.358269      0.486244      0.972488
W6756                    19.79      5.87    0.72562      0.185315      0.056332      0.020692      0.041384
BI24_Bouvetoya           19.74      5.74    0.71430      0.113441      0.055365      0.012428      0.024856
CI1_Crozet               19.64      6.36    0.72756      0.549908      0.091029      0.047146      0.094292
MI1616_Macquarie         19.74      5.28    0.68594      0.186665      0.248515      0.090770      0.181541
Population              mean_N    mean_k    mean_He    p_sign_TPM    p_stdv_TPM    p_W_1t_TPM    p_W_2t_TPM
137708_South_Shetlands      19.95      6.15    0.71376      0.391925      0.230939      0.236369      0.472737
W9135_pup                19.90      5.82    0.71710      0.079761      0.082955      0.017857      0.035713
A1066_Bouvetoya          19.95      5.59    0.70905      0.274587      0.044104      0.016567      0.033135
CI40_Crozet              19.95      6.00    0.72041      0.262442      0.079326      0.023043      0.046087
MI2264_Macquarie         19.90      5.18    0.69592      0.180684      0.028028      0.010250      0.020501
Population              mean_N    mean_k    mean_He    p_sign_TPM    p_stdv_TPM    p_W_1t_TPM    p_W_2t_TPM
137702_South_Shetlands      19.79      5.82    0.72371      0.231257      0.480183      0.138340      0.276680
W9165_pup                19.64      6.08    0.72816      0.007002      0.016441      0.001486      0.002971
A1093_Bouvetoya          19.79      5.95    0.71990      0.234226      0.036024      0.009543      0.019087
CI39_Crozet              19.90      6.05    0.72204      0.437049      0.123698      0.097116      0.194231
MI1582_Macquarie         19.74      5.26    0.68522      0.335918      0.342152      0.209250      0.418500
Population              mean_N    mean_k    mean_He    p_sign_TPM    p_stdv_TPM    p_W_1t_TPM    p_W_2t_TPM
137717_South_Shetlands      19.90      6.26    0.71742      0.323697      0.406760      0.326829      0.653658
W9163_pup                19.95      5.95    0.71794      0.087616      0.117378      0.074235      0.148469
BI22_Bouvetoya           19.74      5.77    0.72225      0.198189      0.197904      0.063749      0.127497
MIAGM13135_Marion_island      19.85      6.23    0.71519      0.364454      0.158831      0.080619      0.161239
MI2246_Macquarie         19.64      5.44    0.69745      0.174413      0.181854      0.058604      0.117209
Population              mean_N    mean_k    mean_He    p_sign_TPM    p_stdv_TPM    p_W_1t_TPM    p_W_2t_TPM
137716_South_Shetlands      19.74      6.26    0.73839      0.535547      0.378099      0.117847      0.235693
W6512/12                 19.54      5.79    0.72173      0.289117      0.144367      0.077077      0.154154
A1080_Bouvetoya          19.95      5.95    0.70838      0.310665      0.129673      0.051875      0.103749
MIAGM13112_Marion_island      19.95      6.10    0.70800      0.345507      0.120891      0.022986      0.045972
MI2270_Macquarie         19.85      5.36    0.68501      0.437349      0.497093      0.164510      0.329021
Population              mean_N    mean_k    mean_He    p_sign_TPM    p_stdv_TPM    p_W_1t_TPM    p_W_2t_TPM
137710_South_Shetlands      19.79      6.23    0.73327      0.322681      0.065658      0.022955      0.045909
W9166_pup                19.74      6.15    0.72014      0.226083      0.292916      0.070192      0.140385
A1061_Bouvetoya          19.85      5.72    0.70446      0.016972      0.098331      0.022234      0.044469
MIAGM13144_Marion_island      19.79      5.92    0.73614      0.063346      0.007841      0.000219      0.000439
MI2265_Macquarie         19.90      5.33    0.68138      0.259336      0.408000      0.174959      0.349918
Population              mean_N    mean_k    mean_He    p_sign_TPM    p_stdv_TPM    p_W_1t_TPM    p_W_2t_TPM
137709_South_Shetlands      19.79      6.03    0.72678      0.049524      0.033989      0.005720      0.011439
W9173_pup                19.64      6.05    0.71248      0.364518      0.443146      0.130632      0.261265
BI18_Bouvetoya           19.69      5.64    0.70890      0.020790      0.031694      0.006853      0.013707
CI32_Crozet              19.90      5.95    0.70130      0.199441      0.331472      0.197457      0.394915
MI2256_Macquarie         19.95      5.05    0.67525      0.013610      0.028172      0.007296      0.014592
Population              mean_N    mean_k    mean_He    p_sign_TPM    p_stdv_TPM    p_W_1t_TPM    p_W_2t_TPM
137714_South_Shetlands      19.90      6.08    0.71244      0.191570      0.434052      0.307127      0.614255
W9137_mum                19.38      5.85    0.72392      0.008268      0.074502      0.014221      0.028441
A1083_Bouvetoya          19.90      5.64    0.70598      0.094483      0.030672      0.012672      0.025345
MIAGM13115_Marion_island      19.90      6.08    0.71479      0.107916      0.249670      0.063749      0.127497
MI2262_Macquarie         19.79      5.41    0.69980      0.180649      0.215579      0.045069      0.090139
Population              mean_N    mean_k    mean_He    p_sign_TPM    p_stdv_TPM    p_W_1t_TPM    p_W_2t_TPM
137696_South_Shetlands      19.90      6.26    0.73937      0.121477      0.061141      0.011964      0.023927
W6516/16                 19.95      5.92    0.71849      0.202300      0.085849      0.018617      0.037235
A1052_Bouvetoya          20.00      5.72    0.69906      0.512479      0.284675      0.255802      0.511604
MIAGM13125_Marion_island      19.95      6.21    0.71139      0.027166      0.066490      0.020347      0.040694
MI2267_Macquarie         19.79      5.72    0.71520      0.317809      0.226501      0.186067      0.372133
Population              mean_N    mean_k    mean_He    p_sign_TPM    p_stdv_TPM    p_W_1t_TPM    p_W_2t_TPM
137722_South_Shetlands      19.85      6.28    0.73438      0.123171      0.344914      0.073074      0.146148
W5737/38                 19.79      5.95    0.71780      0.228341      0.113062      0.023876      0.047753
BI12_Bouvetoya           19.95      5.97    0.70752      0.504159      0.368279      0.182521      0.365043
CI32_Crozet              19.90      6.23    0.74071      0.032738      0.059741      0.007442      0.014884
MI2260_Macquarie         19.74      5.38    0.69520      0.307971      0.200433      0.109741      0.219482
Population              mean_N    mean_k    mean_He    p_sign_TPM    p_stdv_TPM    p_W_1t_TPM    p_W_2t_TPM
137712_South_Shetlands      19.79      6.21    0.72866      0.215879      0.380402      0.141450      0.282901
W6512/12                 19.69      6.00    0.71893      0.204066      0.400578      0.129284      0.258568
BI5_Bouvetoya            19.95      5.92    0.71761      0.187683      0.064617      0.045069      0.090139
CI27_Crozet              19.64      6.13    0.74554      0.306025      0.041527      0.006305      0.012611
MI2269_Macquarie         19.90      5.36    0.67371      0.366023      0.459454      0.292794      0.585588
Population              mean_N    mean_k    mean_He    p_sign_TPM    p_stdv_TPM    p_W_1t_TPM    p_W_2t_TPM
137686_South_Shetlands      19.85      6.44    0.73790      0.565327      0.261991      0.052248      0.104496
W17                      19.59      6.26    0.72129      0.064770      0.169289      0.020686      0.041373
A1098_Bouvetoya          19.90      5.85    0.71183      0.199213      0.184799      0.137146      0.274291
CI27_Crozet              19.79      6.15    0.71443      0.560845      0.256993      0.115100      0.230200
MI2262_Macquarie         19.85      5.51    0.70055      0.532001      0.208457      0.143378      0.286757
Population              mean_N    mean_k    mean_He    p_sign_TPM    p_stdv_TPM    p_W_1t_TPM    p_W_2t_TPM
137701_South_Shetlands      19.90      6.36    0.73747      0.180907      0.224731      0.087792      0.175584
W9138_pup                19.44      5.85    0.71734      0.307042      0.192198      0.078933      0.157866
BI22_Bouvetoya           19.74      5.59    0.70744      0.061358      0.096671      0.011514      0.023028
CI32_Crozet              19.85      5.95    0.71014      0.564810      0.198113      0.077077      0.154154
MI1663_Macquarie         19.79      5.44    0.69533      0.424233      0.193882      0.046439      0.092879
Population              mean_N    mean_k    mean_He    p_sign_TPM    p_stdv_TPM    p_W_1t_TPM    p_W_2t_TPM
137723_South_Shetlands      19.95      6.21    0.72481      0.157006      0.185493      0.021449      0.042898
W9163_mum                20.00      6.23    0.71336      0.254058      0.345160      0.136906      0.273813
A1100_Bouvetoya          19.90      5.85    0.72083      0.002006      0.001050      0.000049      0.000098
CI40_Crozet              19.85      6.28    0.72683      0.521924      0.458328      0.223238      0.446475
MI2253_Macquarie         19.95      5.49    0.69557      0.085020      0.176695      0.046374      0.092749
Population              mean_N    mean_k    mean_He    p_sign_TPM    p_stdv_TPM    p_W_1t_TPM    p_W_2t_TPM
137718_South_Shetlands      19.90      6.31    0.73984      0.386069      0.106283      0.055356      0.110712
W01                      19.74      5.92    0.72378      0.015343      0.019033      0.000150      0.000299
A1096_Bouvetoya          19.95      5.95    0.71818      0.083989      0.010019      0.001827      0.003653
CI32_Crozet              19.69      6.03    0.71296      0.307388      0.304648      0.260280      0.520561
MI1664_Macquarie         19.59      5.33    0.68950      0.282248      0.234758      0.069229      0.138457
Population              mean_N    mean_k    mean_He    p_sign_TPM    p_stdv_TPM    p_W_1t_TPM    p_W_2t_TPM
137692_South_Shetlands      19.85      6.10    0.72809      0.191701      0.060328      0.033049      0.066098
ATP33                    19.85      6.00    0.70783      0.369739      0.233645      0.130632      0.261265
BI6_Bouvetoya            19.85      5.77    0.70352      0.488676      0.450452      0.202281      0.404563
MIAGM13142_Marion_island      19.74      6.10    0.72292      0.290729      0.196830      0.099554      0.199107
MI2250_Macquarie         19.74      5.44    0.68362      0.477034      0.474607      0.137146      0.274291
Population              mean_N    mean_k    mean_He    p_sign_TPM    p_stdv_TPM    p_W_1t_TPM    p_W_2t_TPM
137719_South_Shetlands      19.59      6.10    0.71018      0.539866      0.419895      0.341925      0.683851
W6754                    19.85      6.05    0.72586      0.197917      0.175918      0.058604      0.117209
A1074_Bouvetoya          19.95      5.62    0.71709      0.046802      0.018810      0.000693      0.001385
CI34_Crozet              19.90      6.05    0.71864      0.330855      0.323429      0.175083      0.350166
MI2265_Macquarie         19.85      5.49    0.70725      0.284931      0.234044      0.079138      0.158277
Population              mean_N    mean_k    mean_He    p_sign_TPM    p_stdv_TPM    p_W_1t_TPM    p_W_2t_TPM
137687_South_Shetlands      19.74      6.18    0.72367      0.190427      0.358646      0.595404      0.819906
W9163_pup                19.90      5.79    0.70864      0.555059      0.479448      0.357273      0.714546
A1045_Bouvetoya          19.79      5.72    0.70313      0.560617      0.277325      0.205275      0.410550
MIAGM13114_Marion_island      19.79      6.13    0.72082      0.161177      0.178346      0.080619      0.161239
MI2259_Macquarie         19.95      5.28    0.68240      0.105499      0.072318      0.016132      0.032265
Population              mean_N    mean_k    mean_He    p_sign_TPM    p_stdv_TPM    p_W_1t_TPM    p_W_2t_TPM
137711_South_Shetlands      19.79      6.15    0.73094      0.310498      0.207353      0.036348      0.072695
W9171_mum                19.64      5.87    0.70117      0.338189      0.356856      0.160427      0.320853
A1092_Bouvetoya          19.69      5.59    0.70664      0.150630      0.069629      0.013156      0.026312
MIAGM13136_Marion_island      19.95      6.26    0.73785      0.106907      0.055767      0.008750      0.017501
MI1667_Macquarie         19.69      5.56    0.70596      0.006321      0.053377      0.023876      0.047753
Population              mean_N    mean_k    mean_He    p_sign_TPM    p_stdv_TPM    p_W_1t_TPM    p_W_2t_TPM
137701_South_Shetlands      19.95      6.08    0.74892      0.206817      0.025317      0.003746      0.007492
W9172_pup                19.95      6.23    0.72626      0.420153      0.464767      0.151057      0.302114
A1083_Bouvetoya          19.95      5.62    0.71657      0.047079      0.057756      0.002857      0.005714
MIAGM13134_Marion_island      19.95      6.36    0.71611      0.373437      0.205873      0.640006      0.730753
MI2261_Macquarie         19.59      5.51    0.68964      0.485217      0.408735      0.231946      0.463892
Population              mean_N    mean_k    mean_He    p_sign_TPM    p_stdv_TPM    p_W_1t_TPM    p_W_2t_TPM
137710_South_Shetlands      19.69      5.85    0.71452      0.185230      0.118973      0.009856      0.019713
W6521/21_pup             19.90      5.97    0.71799      0.414703      0.083100      0.046439      0.092879
BI3_Bouvetoya            19.90      5.74    0.72763      0.006399      0.003020      0.000461      0.000923
MIAGM13110_Marion_island      19.90      6.13    0.73432      0.186729      0.030721      0.005322      0.010643
MI2248_Macquarie         19.95      5.69    0.71065      0.305432      0.231991      0.154351      0.308703
Population              mean_N    mean_k    mean_He    p_sign_TPM    p_stdv_TPM    p_W_1t_TPM    p_W_2t_TPM
137718_South_Shetlands      19.90      6.10    0.74609      0.039554      0.138947      0.005554      0.011108
W6538/38_FWB_pup         19.38      6.05    0.73138      0.052488      0.025990      0.000968      0.001936
BI14_Bouvetoya           20.00      6.03    0.71889      0.521413      0.190332      0.092146      0.184292
CI5_Crozet               19.54      6.10    0.72242      0.239826      0.075531      0.018532      0.037064
MI1654_Macquarie         19.79      5.64    0.69674      0.553206      0.274565      0.190280      0.380559
Population              mean_N    mean_k    mean_He    p_sign_TPM    p_stdv_TPM    p_W_1t_TPM    p_W_2t_TPM
137677_South_Shetlands      19.74      6.10    0.71754      0.288709      0.458024      0.415327      0.830654
W9178_mum                19.74      5.97    0.73593      0.212901      0.035376      0.006575      0.013149
BI5_Bouvetoya            19.74      5.54    0.70977      0.416937      0.071136      0.025432      0.050864
MIAGM13123_Marion_island      19.95      5.69    0.71282      0.021769      0.035294      0.009943      0.019885
MI1621_Macquarie         19.59      5.26    0.67821      0.160622      0.380745      0.118674      0.237349
Population              mean_N    mean_k    mean_He    p_sign_TPM    p_stdv_TPM    p_W_1t_TPM    p_W_2t_TPM
137702_South_Shetlands      19.74      6.41    0.73457      0.559478      0.353313      0.246964      0.493928
W9163_mum                19.90      5.97    0.72890      0.104592      0.149472      0.029030      0.058060
BI18_Bouvetoya           19.95      5.87    0.70754      0.151309      0.107081      0.085095      0.170191
CI5_Crozet               19.64      6.10    0.71394      0.324231      0.445979      0.326829      0.653658
MI2270_Macquarie         19.64      5.49    0.70816      0.006329      0.022180      0.001410      0.002819
Population              mean_N    mean_k    mean_He    p_sign_TPM    p_stdv_TPM    p_W_1t_TPM    p_W_2t_TPM
137721_South_Shetlands      19.64      6.10    0.72019      0.413852      0.300912      0.071132      0.142264
ATP04                    19.95      6.31    0.72982      0.192030      0.226113      0.415327      0.830654
A1099_Bouvetoya          19.95      5.90    0.72528      0.019704      0.039099      0.008426      0.016852
MIAGM13140_Marion_island      19.79      6.00    0.72079      0.369741      0.422973      0.190280      0.380559
MI2269_Macquarie         19.90      5.21    0.69885      0.080523      0.011019      0.001080      0.002159
Population              mean_N    mean_k    mean_He    p_sign_TPM    p_stdv_TPM    p_W_1t_TPM    p_W_2t_TPM
137721_South_Shetlands      19.95      6.21    0.73231      0.313406      0.169978      0.030987      0.061974
W17                      19.85      6.03    0.71783      0.392816      0.205802      0.104560      0.209119
BI3_Bouvetoya            19.59      5.69    0.72265      0.004517      0.002378      0.000082      0.000163
CI39_Crozet              19.79      6.33    0.74005      0.063427      0.035424      0.008750      0.017501
MI2250_Macquarie         19.59      5.21    0.68404      0.023647      0.030837      0.002410      0.004820
Population              mean_N    mean_k    mean_He    p_sign_TPM    p_stdv_TPM    p_W_1t_TPM    p_W_2t_TPM
137701_South_Shetlands      19.74      6.13    0.73880      0.053473      0.181419      0.049277      0.098554
W06                      19.54      6.03    0.71602      0.370113      0.493705      0.240836      0.481672
A1084_Bouvetoya          19.90      5.67    0.70415      0.130735      0.052708      0.040890      0.081780
CI27_Crozet              19.33      5.97    0.72585      0.018733      0.010899      0.001648      0.003296
MI2251_Macquarie         19.79      5.05    0.67249      0.033221      0.092042      0.055661      0.111322
Population              mean_N    mean_k    mean_He    p_sign_TPM    p_stdv_TPM    p_W_1t_TPM    p_W_2t_TPM
137723_South_Shetlands      19.79      6.26    0.72955      0.425931      0.289435      0.144607      0.289213
W6551                    19.54      6.08    0.71900      0.293150      0.362579      0.060283      0.120565
A1044_Bouvetoya          19.90      5.69    0.70640      0.087387      0.068013      0.021449      0.042898
MIAGM13139_Marion_island      20.00      5.92    0.72375      0.029159      0.036558      0.009107      0.018213
MI2270_Macquarie         19.74      5.72    0.70515      0.028849      0.113272      0.007939      0.015879
Population              mean_N    mean_k    mean_He    p_sign_TPM    p_stdv_TPM    p_W_1t_TPM    p_W_2t_TPM
137694_South_Shetlands      20.00      6.00    0.71903      0.033776      0.009461      0.001486      0.002971
W6526/26                 19.69      5.77    0.69812      0.126130      0.358261      0.072192      0.144384
BI12_Bouvetoya           19.95      6.00    0.71672      0.109993      0.228827      0.197104      0.394207
MIAGM13132_Marion_island      19.74      6.31    0.73248      0.293400      0.212508      0.058604      0.117209
MI1665_Macquarie         19.85      5.23    0.68281      0.233074      0.063566      0.024734      0.049468
Population              mean_N    mean_k    mean_He    p_sign_TPM    p_stdv_TPM    p_W_1t_TPM    p_W_2t_TPM
137723_South_Shetlands      19.79      6.36    0.75365      0.219810      0.147168      0.028090      0.056179
ATF35                    19.90      6.08    0.73823      0.057747      0.099357      0.015356      0.030713
A1077_Bouvetoya          19.85      5.59    0.70460      0.329152      0.234585      0.225587      0.451174
CI38_Crozet              19.59      6.38    0.72851      0.368464      0.261376      0.082835      0.165670
MI2262_Macquarie         19.79      5.41    0.70301      0.541984      0.151893      0.046439      0.092879
Population              mean_N    mean_k    mean_He    p_sign_TPM    p_stdv_TPM    p_W_1t_TPM    p_W_2t_TPM
137681_South_Shetlands      19.59      6.13    0.72487      0.432113      0.355291      0.193615      0.387231
W6512/12_pup             19.64      6.08    0.72780      0.328102      0.488936      0.292696      0.585392
BI2_Bouvetoya            19.69      5.92    0.69990      0.483636      0.369221      0.194232      0.388464
CI5_Crozet               19.74      5.95    0.72627      0.053502      0.015159      0.005322      0.010643
MI1595_Macquarie         19.54      5.36    0.70098      0.247709      0.042621      0.017202      0.034404
Population              mean_N    mean_k    mean_He    p_sign_TPM    p_stdv_TPM    p_W_1t_TPM    p_W_2t_TPM
137706_South_Shetlands      20.00      5.97    0.72483      0.193396      0.097023      0.014983      0.029967
Y/B142/43                19.90      6.26    0.72750      0.372794      0.188100      0.097075      0.194150
BI6_Bouvetoya            19.69      5.85    0.72542      0.171714      0.046630      0.015356      0.030713
CI40_Crozet              19.74      6.21    0.71998      0.416255      0.287701      0.167989      0.335977
MI2260_Macquarie         19.85      5.18    0.69368      0.010387      0.002093      0.002474      0.004949
Population              mean_N    mean_k    mean_He    p_sign_TPM    p_stdv_TPM    p_W_1t_TPM    p_W_2t_TPM
137717_South_Shetlands      19.49      6.26    0.73001      0.309380      0.427845      0.213269      0.426539
W6532/32_pup             19.74      6.08    0.72942      0.104973      0.214118      0.045069      0.090139
BI24_Bouvetoya           19.74      5.74    0.70196      0.200705      0.335374      0.217332      0.434664
MIAGM13139_Marion_island      19.79      6.03    0.73843      0.006892      0.006555      0.000053      0.000106
MI2262_Macquarie         19.69      5.46    0.70629      0.038539      0.037390      0.006523      0.013047
Population              mean_N    mean_k    mean_He    p_sign_TPM    p_stdv_TPM    p_W_1t_TPM    p_W_2t_TPM
137707_South_Shetlands      19.59      5.95    0.71340      0.131927      0.159684      0.061997      0.123994
W6538                    19.69      6.05    0.71608      0.518519      0.244703      0.074532      0.149064
A1089_Bouvetoya          19.59      5.85    0.70894      0.090135      0.148415      0.039602      0.079205
MIAGM13141_Marion_island      19.90      5.92    0.72815      0.307899      0.060910      0.006305      0.012611
MI2269_Macquarie         19.79      5.10    0.68464      0.111058      0.037618      0.003581      0.007162
Population              mean_N    mean_k    mean_He    p_sign_TPM    p_stdv_TPM    p_W_1t_TPM    p_W_2t_TPM
137687_South_Shetlands      20.00      6.44    0.72510      0.161058      0.393074      0.070192      0.140385
W2031/32                 19.90      5.95    0.71774      0.038798      0.161028      0.029407      0.058814
A1008_Bouvetoya          19.85      5.92    0.71988      0.111288      0.062897      0.019289      0.038578
CI21_Crozet              20.00      6.00    0.72848      0.089782      0.076375      0.018532      0.037064
MI1688_Macquarie         19.64      5.46    0.70462      0.179915      0.158147      0.102035      0.204070
Population              mean_N    mean_k    mean_He    p_sign_TPM    p_stdv_TPM    p_W_1t_TPM    p_W_2t_TPM
137667_South_Shetlands      19.90      6.38    0.74218      0.292280      0.342458      0.189818      0.379637
W6513/13_pup             19.79      5.97    0.72155      0.534282      0.146281      0.053785      0.107569
A1091_Bouvetoya          19.79      5.79    0.70208      0.427274      0.189046      0.124297      0.248595
CI24_Crozet              19.69      6.10    0.72551      0.250841      0.094337      0.019946      0.039893
MI2251_Macquarie         19.59      5.28    0.69139      0.021274      0.058526      0.003971      0.007943
Population              mean_N    mean_k    mean_He    p_sign_TPM    p_stdv_TPM    p_W_1t_TPM    p_W_2t_TPM
137678_South_Shetlands      19.90      6.44    0.72180      0.209387      0.182889      0.064442      0.128884
W6533                    19.64      5.87    0.73028      0.112727      0.100704      0.006046      0.012092
BI5_Bouvetoya            19.95      5.92    0.71558      0.023699      0.035721      0.013913      0.027825
CI34_Crozet              19.90      5.97    0.71320      0.339202      0.294439      0.089750      0.179501
MI2265_Macquarie         19.69      5.26    0.68130      0.102392      0.151567      0.043731      0.087463
Population              mean_N    mean_k    mean_He    p_sign_TPM    p_stdv_TPM    p_W_1t_TPM    p_W_2t_TPM
137723_South_Shetlands      19.69      6.05    0.71996      0.106609      0.226509      0.046374      0.092749
W6536                    19.95      6.31    0.73919      0.347796      0.418735      0.050746      0.101491
A1099_Bouvetoya          19.33      5.41    0.70218      0.198652      0.020825      0.005281      0.010562
CI34_Crozet              19.90      6.10    0.72598      0.178647      0.171475      0.080619      0.161239
MI2246_Macquarie         19.69      5.62    0.69314      0.189197      0.134072      0.047842      0.095683
Population              mean_N    mean_k    mean_He    p_sign_TPM    p_stdv_TPM    p_W_1t_TPM    p_W_2t_TPM
137712_South_Shetlands      19.74      5.79    0.71711      0.141113      0.222315      0.052419      0.104837
W6524/24                 19.74      6.28    0.72670      0.219537      0.061015      0.017202      0.034404
BI25_Bouvetoya           19.85      6.03    0.73572      0.037909      0.027432      0.006305      0.012611
CI20_Crozet              19.90      5.97    0.72766      0.082875      0.091734      0.015952      0.031905
MI2253_Macquarie         19.69      5.64    0.68513      0.552987      0.479967      0.287868      0.575736
Population              mean_N    mean_k    mean_He    p_sign_TPM    p_stdv_TPM    p_W_1t_TPM    p_W_2t_TPM
137706_South_Shetlands      19.74      6.44    0.73871      0.221881      0.121278      0.026283      0.052567
W9174_mum                19.69      6.00    0.70590      0.532594      0.359179      0.217332      0.434664
A1029_Bouvetoya          19.59      6.05    0.71489      0.248148      0.096087      0.017448      0.034896
CI40_Crozet              20.00      6.08    0.71943      0.198029      0.427907      0.378088      0.756177
MI1642_Macquarie         19.79      5.38    0.69157      0.120524      0.228810      0.178699      0.357397
Population              mean_N    mean_k    mean_He    p_sign_TPM    p_stdv_TPM    p_W_1t_TPM    p_W_2t_TPM
137686_South_Shetlands      20.00      6.64    0.73239      0.363591      0.254292      0.060811      0.121623
W6552                    19.74      5.95    0.71730      0.439897      0.485469      0.221438      0.442876
BI24_Bouvetoya           19.64      5.72    0.71577      0.281547      0.065857      0.039904      0.079809
CI5_Crozet               19.85      5.97    0.71740      0.280411      0.086058      0.062425      0.124850
MI2264_Macquarie         19.95      5.44    0.69567      0.351686      0.108376      0.043564      0.087128
Population              mean_N    mean_k    mean_He    p_sign_TPM    p_stdv_TPM    p_W_1t_TPM    p_W_2t_TPM
137679_South_Shetlands      19.85      6.36    0.74158      0.073087      0.162382      0.063749      0.127497
ATF12                    19.74      5.85    0.71565      0.114530      0.203837      0.037504      0.075008
A1062_Bouvetoya          19.90      6.00    0.71892      0.115622      0.113407      0.034121      0.068242
MIAGM13123_Marion_island      19.74      5.95    0.72797      0.174538      0.162317      0.049324      0.098649
MI2264_Macquarie         19.59      5.26    0.69586      0.032547      0.123249      0.012428      0.024856
Population              mean_N    mean_k    mean_He    p_sign_TPM    p_stdv_TPM    p_W_1t_TPM    p_W_2t_TPM
137720_South_Shetlands      19.95      6.36    0.74492      0.076291      0.104558      0.019980      0.039961
W6701_pup                19.69      6.03    0.72666      0.054206      0.005971      0.000959      0.001917
A1093_Bouvetoya          19.95      5.56    0.68291      0.209656      0.230417      0.160427      0.320853
CI39_Crozet              19.95      5.90    0.71979      0.135189      0.095294      0.028090      0.056179
MI2267_Macquarie         19.59      5.44    0.68936      0.105347      0.133307      0.025432      0.050864
Population              mean_N    mean_k    mean_He    p_sign_TPM    p_stdv_TPM    p_W_1t_TPM    p_W_2t_TPM
137722_South_Shetlands      19.85      6.26    0.72792      0.458973      0.321508      0.221438      0.442876
W9134_mum                19.90      6.00    0.72396      0.127075      0.186272      0.102190      0.204380
A1096_Bouvetoya          19.79      5.87    0.70656      0.030157      0.032320      0.006065      0.012131
CI5_Crozet               19.74      5.95    0.70301      0.400138      0.381982      0.223238      0.446475
MI1663_Macquarie         19.74      5.33    0.69504      0.054334      0.206968      0.022179      0.044358
Population              mean_N    mean_k    mean_He    p_sign_TPM    p_stdv_TPM    p_W_1t_TPM    p_W_2t_TPM
137686_South_Shetlands      19.59      6.15    0.72797      0.103712      0.309626      0.117847      0.235693
W6523/23_pup             20.00      6.13    0.72011      0.563013      0.495381      0.336864      0.673729
A1081_Bouvetoya          19.95      5.79    0.68961      0.296537      0.232544      0.083523      0.167046
CI32_Crozet              19.79      6.03    0.72770      0.122534      0.053336      0.004474      0.008947
MI2267_Macquarie         19.74      5.41    0.70134      0.316856      0.181664      0.123475      0.246950
Population              mean_N    mean_k    mean_He    p_sign_TPM    p_stdv_TPM    p_W_1t_TPM    p_W_2t_TPM
137719_South_Shetlands      20.00      6.28    0.71660      0.534112      0.486032      0.263830      0.527660
W03                      19.79      6.10    0.74183      0.417146      0.060616      0.007143      0.014285
A1060_Bouvetoya          19.90      5.85    0.71786      0.426554      0.154785      0.087792      0.175584
CI34_Crozet              19.95      6.00    0.71934      0.264486      0.033515      0.011192      0.022383
MI1620_Macquarie         19.54      5.46    0.69676      0.066241      0.101694      0.022234      0.044469
Population              mean_N    mean_k    mean_He    p_sign_TPM    p_stdv_TPM    p_W_1t_TPM    p_W_2t_TPM
137700_South_Shetlands      19.85      6.18    0.73349      0.310141      0.152447      0.042425      0.084850
W9173_pup                19.69      6.03    0.73674      0.322428      0.284363      0.151057      0.302114
BI2_Bouvetoya            19.95      5.85    0.69354      0.269956      0.417301      0.218952      0.437905
MIAGM13139_Marion_island      19.90      6.10    0.72848      0.450522      0.206081      0.129284      0.258568
MI2261_Macquarie         19.74      5.41    0.69191      0.174773      0.179070      0.138340      0.276680
Population              mean_N    mean_k    mean_He    p_sign_TPM    p_stdv_TPM    p_W_1t_TPM    p_W_2t_TPM
137721_South_Shetlands      19.85      6.26    0.72530      0.063346      0.187078      0.046439      0.092879
SG4_South_Georgia        19.85      5.87    0.71037      0.433534      0.499590      0.292696      0.585392
BI12_Bouvetoya           19.64      5.97    0.70413      0.117793      0.080019      0.007939      0.015879
MIAGM13142_Marion_island      19.85      6.51    0.73431      0.528125      0.263477      0.171252      0.342503
MI2249_Macquarie         19.79      5.41    0.68117      0.299099      0.408394      0.285327      0.570653
Population              mean_N    mean_k    mean_He    p_sign_TPM    p_stdv_TPM    p_W_1t_TPM    p_W_2t_TPM
137704_South_Shetlands      19.85      6.23    0.73976      0.298106      0.279027      0.182360      0.364720
W6531/31_pup             19.79      6.08    0.72442      0.236193      0.116237      0.030422      0.060845
BI2_Bouvetoya            19.79      5.62    0.70339      0.056861      0.011633      0.002062      0.004124
MIAGM13134_Marion_island      19.95      6.26    0.72249      0.262894      0.245546      0.115807      0.231613
MI2265_Macquarie         19.85      5.36    0.68454      0.408869      0.322434      0.186067      0.372133
Population              mean_N    mean_k    mean_He    p_sign_TPM    p_stdv_TPM    p_W_1t_TPM    p_W_2t_TPM
137717_South_Shetlands      19.90      6.31    0.72422      0.172187      0.173643      0.064442      0.128884
W9177_pup                19.95      6.00    0.73053      0.031405      0.018118      0.003270      0.006540
BI24_Bouvetoya           19.85      5.87    0.72200      0.107647      0.085549      0.025416      0.050833
MIAGM13130_Marion_island      19.95      6.23    0.73374      0.444129      0.133026      0.030987      0.061974
MI2270_Macquarie         19.74      5.46    0.69498      0.175700      0.135802      0.077077      0.154154
Population              mean_N    mean_k    mean_He    p_sign_TPM    p_stdv_TPM    p_W_1t_TPM    p_W_2t_TPM
137720_South_Shetlands      19.85      6.38    0.72389      0.181768      0.377952      0.213269      0.426539
W9164_mum                19.79      6.08    0.72655      0.462690      0.113098      0.073074      0.146148
BI25_Bouvetoya           19.74      5.67    0.71221      0.241446      0.031341      0.008079      0.016159
MIAGM13133_Marion_island      19.85      6.33    0.74180      0.005249      0.019303      0.001521      0.003043
MI1625_Macquarie         19.54      5.46    0.68556      0.492523      0.460781      0.403732      0.807465
Population              mean_N    mean_k    mean_He    p_sign_TPM    p_stdv_TPM    p_W_1t_TPM    p_W_2t_TPM
137711_South_Shetlands      19.85      6.33    0.72427      0.280326      0.456582      0.197457      0.394915
W9138_pup                19.90      6.26    0.73763      0.488016      0.207815      0.092146      0.184292
A1098_Bouvetoya          19.90      5.62    0.69810      0.241531      0.051129      0.015952      0.031905
CI34_Crozet              19.85      6.10    0.72671      0.454556      0.264648      0.213269      0.426539
MI2255_Macquarie         19.69      5.56    0.70496      0.021770      0.088583      0.009447      0.018894
Population              mean_N    mean_k    mean_He    p_sign_TPM    p_stdv_TPM    p_W_1t_TPM    p_W_2t_TPM
137712_South_Shetlands      19.69      6.26    0.72504      0.068303      0.185768      0.035220      0.070440
SG11_South_Georgia       19.85      6.05    0.72808      0.347684      0.105916      0.047832      0.095663
A1077_Bouvetoya          19.85      5.56    0.70247      0.052331      0.099671      0.011514      0.023028
CI38_Crozet              19.90      6.18    0.71505      0.563650      0.480987      0.229779      0.459558
MI2264_Macquarie         19.64      5.59    0.70417      0.286629      0.202834      0.073074      0.146148
Population              mean_N    mean_k    mean_He    p_sign_TPM    p_stdv_TPM    p_W_1t_TPM    p_W_2t_TPM
137698_South_Shetlands      19.85      6.18    0.72568      0.087521      0.106629      0.019980      0.039961
W9169_mum                19.64      5.92    0.72667      0.229246      0.052864      0.004882      0.009763
A1058_Bouvetoya          19.74      6.08    0.70571      0.512271      0.247660      0.146689      0.293377
CI21_Crozet              19.85      6.28    0.74344      0.557694      0.137115      0.071132      0.142264
MI2258_Macquarie         19.74      5.33    0.68961      0.304078      0.114543      0.056962      0.113925
Population              mean_N    mean_k    mean_He    p_sign_TPM    p_stdv_TPM    p_W_1t_TPM    p_W_2t_TPM
137722_South_Shetlands      19.90      6.26    0.73399      0.542867      0.389456      0.117847      0.235693
W6538/38_FWB_pup         19.69      6.18    0.73230      0.188963      0.251914      0.043731      0.087463
BI5_Bouvetoya            20.00      5.41    0.70634      0.035920      0.002158      0.000818      0.001635
CI27_Crozet              19.64      6.08    0.72260      0.033652      0.195672      0.141450      0.282901
MI2267_Macquarie         19.74      5.36    0.69240      0.429058      0.104797      0.037422      0.074843
Population              mean_N    mean_k    mean_He    p_sign_TPM    p_stdv_TPM    p_W_1t_TPM    p_W_2t_TPM
137690_South_Shetlands      19.74      6.13    0.71910      0.301193      0.260749      0.085890      0.171780
W6537                    19.95      6.00    0.73479      0.026953      0.054422      0.016718      0.033436
A1099_Bouvetoya          19.90      6.03    0.71846      0.524973      0.099232      0.044952      0.089904
MIAGM13124_Marion_island      20.00      5.97    0.73698      0.006122      0.001495      0.000027      0.000054
MI1669_Macquarie         19.59      5.23    0.68122      0.522771      0.480823      0.268557      0.537113
Population              mean_N    mean_k    mean_He    p_sign_TPM    p_stdv_TPM    p_W_1t_TPM    p_W_2t_TPM
137687_South_Shetlands      19.74      6.36    0.75130      0.200559      0.025618      0.006305      0.012611
W6536                    19.85      6.03    0.73346      0.063701      0.089242      0.034121      0.068242
BI7_Bouvetoya            19.95      5.90    0.70823      0.105945      0.069285      0.003971      0.007943
CI25_Crozet              19.90      6.41    0.72826      0.407291      0.366888      0.202281      0.404563
MI1620_Macquarie         19.64      5.10    0.68470      0.330998      0.102575      0.021449      0.042898
Population              mean_N    mean_k    mean_He    p_sign_TPM    p_stdv_TPM    p_W_1t_TPM    p_W_2t_TPM
137683_South_Shetlands      19.79      6.41    0.73343      0.455289      0.431948      0.420717      0.841433
W9177_pup                19.69      5.85    0.71661      0.202340      0.255795      0.107128      0.214257
BI8_Bouvetoya            19.85      5.92    0.69343      0.279339      0.262500      0.579525      0.852178
CI5_Crozet               19.79      5.97    0.71772      0.006988      0.069210      0.001922      0.003844
MI2248_Macquarie         19.69      5.51    0.69411      0.521184      0.438202      0.167594      0.335188
Population              mean_N    mean_k    mean_He    p_sign_TPM    p_stdv_TPM    p_W_1t_TPM    p_W_2t_TPM
137722_South_Shetlands      19.85      6.15    0.72129      0.207338      0.296017      0.326829      0.653658
W9178_pup                19.79      5.82    0.71760      0.040813      0.092955      0.001827      0.003653
A1052_Bouvetoya          19.90      5.95    0.70925      0.542764      0.379948      0.147809      0.295618
CI1_Crozet               20.00      6.05    0.72321      0.085918      0.033628      0.008426      0.016852
MI2267_Macquarie         19.85      5.72    0.69471      0.125347      0.445876      0.118191      0.236383
Population              mean_N    mean_k    mean_He    p_sign_TPM    p_stdv_TPM    p_W_1t_TPM    p_W_2t_TPM
137686_South_Shetlands      19.95      6.08    0.72944      0.002197      0.018945      0.004782      0.009564
W9168_mum                19.85      6.00    0.72227      0.198228      0.220686      0.041149      0.082299
BI3_Bouvetoya            19.85      5.79    0.71466      0.040549      0.062258      0.019229      0.038457
CI5_Crozet               19.64      5.87    0.73175      0.040187      0.002512      0.000207      0.000414
MI2248_Macquarie         19.69      5.54    0.69524      0.447749      0.436401      0.151057      0.302114
Population              mean_N    mean_k    mean_He    p_sign_TPM    p_stdv_TPM    p_W_1t_TPM    p_W_2t_TPM
137707_South_Shetlands      19.64      6.46    0.74685      0.046640      0.151677      0.013402      0.026804
W9133_mum                19.33      6.31    0.74520      0.154724      0.018187      0.001410      0.002819
A1018_Bouvetoya          19.95      5.74    0.72192      0.080927      0.049168      0.054021      0.108042
CI1_Crozet               20.00      6.41    0.73158      0.431807      0.289758      0.178699      0.357397
MI2250_Macquarie         19.69      5.05    0.67032      0.214502      0.171349      0.076320      0.152639
Population              mean_N    mean_k    mean_He    p_sign_TPM    p_stdv_TPM    p_W_1t_TPM    p_W_2t_TPM
137692_South_Shetlands      19.90      6.10    0.72874      0.005228      0.072022      0.017965      0.035930
W6513/13                 19.79      5.95    0.72460      0.465183      0.187601      0.115100      0.230200
A1041_Bouvetoya          19.95      5.92    0.71985      0.444292      0.045743      0.015356      0.030713
MIAGM13135_Marion_island      19.95      5.74    0.72030      0.132346      0.047088      0.026283      0.052567
MI1519_Macquarie         19.90      5.62    0.69294      0.497392      0.214134      0.133745      0.267489
Population              mean_N    mean_k    mean_He    p_sign_TPM    p_stdv_TPM    p_W_1t_TPM    p_W_2t_TPM
137678_South_Shetlands      20.00      6.26    0.73941      0.016476      0.085687      0.006575      0.013149
W9174_mum                19.79      5.69    0.70191      0.415689      0.329624      0.121218      0.242436
BI23_Bouvetoya           19.79      5.44    0.69227      0.189541      0.045957      0.013201      0.026403
CI32_Crozet              19.85      6.00    0.71090      0.421090      0.221298      0.147809      0.295618
MI2264_Macquarie         19.90      5.46    0.69715      0.092032      0.192351      0.017202      0.034404
Population              mean_N    mean_k    mean_He    p_sign_TPM    p_stdv_TPM    p_W_1t_TPM    p_W_2t_TPM
137716_South_Shetlands      19.95      6.31    0.73197      0.067980      0.178027      0.026283      0.052567
W6531/31_pup             20.00      6.44    0.74372      0.019497      0.006134      0.001827      0.003653
A1034_Bouvetoya          19.95      5.82    0.70585      0.277134      0.174646      0.097116      0.194231
CI34_Crozet              20.00      6.26    0.73144      0.020432      0.050568      0.004570      0.009139
MI2253_Macquarie         19.54      5.38    0.66498      0.151509      0.043321      0.790750      0.426539
Population              mean_N    mean_k    mean_He    p_sign_TPM    p_stdv_TPM    p_W_1t_TPM    p_W_2t_TPM
137704_South_Shetlands      19.59      6.18    0.72853      0.205162      0.242203      0.117847      0.235693
ATF46                    19.54      5.74    0.71089      0.329106      0.049546      0.027459      0.054917
A1051_Bouvetoya          19.85      5.95    0.72841      0.139938      0.024081      0.007423      0.014845
MIAGM13107_Marion_island      19.79      6.08    0.71916      0.526433      0.390631      0.331832      0.663664
MI2254_Macquarie         19.79      5.21    0.69697      0.120607      0.054413      0.010658      0.021316
Population              mean_N    mean_k    mean_He    p_sign_TPM    p_stdv_TPM    p_W_1t_TPM    p_W_2t_TPM
137720_South_Shetlands      19.64      6.51    0.73358      0.139886      0.369324      0.074235      0.148469
W9161_pup                19.79      5.97    0.73841      0.072321      0.034601      0.005098      0.010195
A1049_Bouvetoya          19.95      5.82    0.70926      0.397378      0.134658      0.082835      0.165670
MIAGM13142_Marion_island      19.90      6.08    0.71997      0.426368      0.186907      0.104560      0.209119
MI1680_Macquarie         19.90      5.28    0.70085      0.067342      0.107334      0.035220      0.070440
Population              mean_N    mean_k    mean_He    p_sign_TPM    p_stdv_TPM    p_W_1t_TPM    p_W_2t_TPM
137709_South_Shetlands      19.74      6.36    0.73758      0.453331      0.202936      0.075056      0.150111
W9134_mum                19.79      6.03    0.72886      0.116730      0.243271      0.090060      0.180119
A1082_Bouvetoya          19.79      5.69    0.71084      0.391572      0.132032      0.081240      0.162480
CI31_Crozet              19.85      6.13    0.71906      0.289196      0.352978      0.331832      0.663664
MI2252_Macquarie         19.95      5.56    0.69161      0.292926      0.470413      0.217332      0.434664
