Population              mean_N    mean_k    mean_He    p_sign_TPM    p_stdv_TPM    p_W_1t_TPM    p_W_2t_TPM
137712_South_Shetlands      19.54      6.15    0.71351      0.074523      0.265882      0.611368      0.787868
W9132_mum                19.79      6.21    0.73718      0.051655      0.080702      0.006575      0.013149
A1073_Bouvetoya          19.85      5.74    0.70949      0.119879      0.057401      0.006643      0.013285
CI31_Crozet              19.95      6.08    0.72860      0.108046      0.026690      0.006575      0.013149
MI2252_Macquarie         19.90      5.31    0.67928      0.319213      0.442108      0.357273      0.714546
Population              mean_N    mean_k    mean_He    p_sign_TPM    p_stdv_TPM    p_W_1t_TPM    p_W_2t_TPM
137718_South_Shetlands      19.95      6.49    0.73783      0.114903      0.031985      0.009475      0.018950
W9174_pup                19.69      6.21    0.73581      0.289112      0.359590      0.273949      0.547898
BI19_Bouvetoya           19.85      5.67    0.70454      0.543165      0.173380      0.076709      0.153418
MIAGM13138_Marion_island      19.95      6.00    0.71355      0.247128      0.235056      0.094587      0.189174
MI2250_Macquarie         19.74      5.51    0.69020      0.432148      0.160838      0.093284      0.186569
Population              mean_N    mean_k    mean_He    p_sign_TPM    p_stdv_TPM    p_W_1t_TPM    p_W_2t_TPM
137719_South_Shetlands      19.74      6.49    0.73144      0.542916      0.431277      0.205275      0.410550
W9135_mum                19.85      6.15    0.72228      0.023565      0.066300      0.015356      0.030713
BI22_Bouvetoya           19.85      5.62    0.70730      0.177627      0.030012      0.005040      0.010080
CI40_Crozet              19.90      6.18    0.72661      0.523583      0.169821      0.055356      0.110712
MI2267_Macquarie         19.79      5.33    0.69796      0.450083      0.115289      0.049277      0.098554
Population              mean_N    mean_k    mean_He    p_sign_TPM    p_stdv_TPM    p_W_1t_TPM    p_W_2t_TPM
137723_South_Shetlands      19.59      6.03    0.72459      0.112892      0.115117      0.129284      0.258568
W9138_mum                19.74      5.92    0.72506      0.095003      0.054534      0.002998      0.005996
A1093_Bouvetoya          19.74      5.69    0.70101      0.242053      0.261964      0.198233      0.396465
CI27_Crozet              19.85      6.10    0.71934      0.239572      0.186631      0.033639      0.067279
MI2260_Macquarie         20.00      5.41    0.68893      0.307810      0.268085      0.154410      0.308820
Population              mean_N    mean_k    mean_He    p_sign_TPM    p_stdv_TPM    p_W_1t_TPM    p_W_2t_TPM
137721_South_Shetlands      19.85      6.03    0.72371      0.225588      0.466710      0.129284      0.258568
W2031/32_pup             20.00      6.03    0.72848      0.012784      0.102396      0.027174      0.054348
BI16_Bouvetoya           19.90      5.95    0.71007      0.452843      0.089633      0.034770      0.069541
CI40_Crozet              19.90      6.31    0.72788      0.533633      0.318893      0.126357      0.252714
MI2267_Macquarie         19.90      5.51    0.70351      0.500573      0.244767      0.066318      0.132635
Population              mean_N    mean_k    mean_He    p_sign_TPM    p_stdv_TPM    p_W_1t_TPM    p_W_2t_TPM
137715_South_Shetlands      19.95      6.41    0.74043      0.163188      0.090692      0.018617      0.037235
W9175_pup                19.85      6.13    0.72261      0.280765      0.146459      0.117847      0.235693
A1100_Bouvetoya          20.00      5.72    0.70297      0.394709      0.109097      0.064332      0.128663
MIAGM13065_Marion_island      19.85      6.21    0.72842      0.312405      0.181450      0.050746      0.101491
MI2267_Macquarie         19.90      5.54    0.69694      0.470662      0.368749      0.254503      0.509007
Population              mean_N    mean_k    mean_He    p_sign_TPM    p_stdv_TPM    p_W_1t_TPM    p_W_2t_TPM
137723_South_Shetlands      19.95      6.56    0.73410      0.522032      0.193709      0.546675      0.917591
W9173_pup                19.95      5.77    0.71714      0.027354      0.030863      0.003422      0.006844
BI2_Bouvetoya            19.90      5.95    0.70919      0.444509      0.451905      0.383349      0.766699
CI40_Crozet              19.85      6.23    0.74036      0.015778      0.000893      0.000009      0.000017
MI1662_Macquarie         19.90      5.64    0.69347      0.278960      0.198159      0.292696      0.585392
Population              mean_N    mean_k    mean_He    p_sign_TPM    p_stdv_TPM    p_W_1t_TPM    p_W_2t_TPM
137704_South_Shetlands      19.74      6.26    0.72905      0.540283      0.174522      0.073074      0.146148
W9175_pup                19.95      6.13    0.73915      0.306441      0.094054      0.020692      0.041384
A1018_Bouvetoya          19.95      5.92    0.70962      0.073108      0.035238      0.019229      0.038457
MIAGM13143_Marion_island      19.95      6.05    0.71294      0.289332      0.326243      0.153458      0.306917
MI2251_Macquarie         19.90      5.62    0.70220      0.331658      0.187592      0.040890      0.081780
Population              mean_N    mean_k    mean_He    p_sign_TPM    p_stdv_TPM    p_W_1t_TPM    p_W_2t_TPM
137691_South_Shetlands      19.95      6.23    0.72422      0.202972      0.422052      0.278581      0.557162
W9174_pup                19.69      6.10    0.72948      0.028982      0.042138      0.003917      0.007835
A1082_Bouvetoya          19.74      5.62    0.71218      0.005694      0.033622      0.006812      0.013624
MIAGM13134_Marion_island      19.90      5.92    0.70645      0.192118      0.037451      0.009049      0.018098
MI1638_Macquarie         19.79      5.56    0.70130      0.339464      0.198545      0.099609      0.199218
Population              mean_N    mean_k    mean_He    p_sign_TPM    p_stdv_TPM    p_W_1t_TPM    p_W_2t_TPM
137674_South_Shetlands      19.85      6.33    0.73162      0.483868      0.448607      0.278581      0.557162
W6525/25                 19.95      5.87    0.72308      0.131711      0.055018      0.011964      0.023927
A1043_Bouvetoya          19.95      5.74    0.71879      0.020274      0.008321      0.000519      0.001038
CI39_Crozet              19.64      5.97    0.70951      0.425972      0.198343      0.106608      0.213216
MI2270_Macquarie         19.74      5.51    0.69673      0.234452      0.252302      0.156918      0.313835
